ID TP TN FP FN acc pre rec
all:    141654 554322 86992 33112 0.852828154102539 0.6195341269910691 0.8105352299646384
bottom: 75684 173903 38790 17653 0.8155638336110839 0.6611457623565177 0.8108681444657532
top:    41803 319417 40317 6503 0.8852563474169199 0.5090477350219191 0.8653790419409597
=== path ===
0:(5.25, 27.25, 7.25),(4.94010122523141, 26.870107807257742, 7.348207287358957),(5.6404359013089875, 26.156341370264926, 7.33991181233387),(9.044282298374817, 23.47470384962329, 11.743836217573453),(9.355860389024706, 23.82955970821567, 11.579530365426807),(9.468118900340347, 26.474103522614072, 13.753227194665271),(14.5, 26.5, 12.5),true,true
1:(-12.75, 20.75, 19.25),(-12.703973761281466, 16.626146450327845, 18.74675427828749),(-12.563750840959424, 14.092611129444165, 20.347234303295984),(-7.808954267338732, -4.655796546911551, 19.369261010534434),(-13.5, -6.5, 19.5),true,true
2:(-21.75, -15.25, 13.75),(-21.323219829176733, -15.02402457157755, 13.620409137894095),(-21.10685124836143, -14.60848087505769, 13.79507474274686),(-20.31271848204824, -12.524676481642686, 13.848919535150584),(-22.62091214999535, -17.23877184815936, 15.820337789579103),(-17.21771541295091, -22.026540173189947, 20.853221276017575),(-8.130274872563259, -22.981610187529867, 17.522443557547973),(-10.183779205723791, -12.115832076279402, 13.412767294532664),(-11.5, -13.5, 10.5),true,true
3:(-20.75, 14.25, 5.75),(-20.289594982755222, 14.074880098786773, 5.664208157177359),(-20.377870740961882, 15.37509726853858, 8.506025390103432),(-5.25, 27.25, 13.25),true,true
4:(-11.75, 21.75, 6.75),(-21.27349227398402, 22.481707936493397, 1.402355336982522),(-0.9498634411704714, 18.778778481163236, 1.0325158614653684),(12.56915856024911, 21.07221926398606, 2.1767453471711247),(22.898337419376883, 21.409616812574804, -1.0076751288185952),(19.58034373476241, 21.646176729592895, 8.838384999940248),(16.75, 27.25, 13.25),true,true
5:(-20.75, 1.25, 8.75),(-20.88580372116421, 1.5170608098812222, 8.349705267154889),(-20.59663603514183, 2.185949034241257, 8.248438478705106),(-20.0091316448739, 1.4673616724179803, 7.303342238123155),(-19.902850388909936, 1.3322186168367764, 6.609678004991525),(-19.386167538251662, 1.3859611823963096, 5.755189521463094),(-18.676960569185223, 2.0245878587454067, 5.456556898859837),(-18.021941849720193, 2.499482186251262, 4.868827492710073),(-10.553298515309157, 0.7692486482128174, 16.34561317185302),(-7.036763198753579, -11.285166602893213, 17.919814848155283),(-9.5, -17.5, 14.5),false,true
6:(15.25, 6.25, 12.75),(14.797380840662631, 6.4559004099205675, 12.80235377536793),(14.467949436198172, 6.186001127082145, 12.540381779009774),(16.809650758297728, 4.520108356931857, 15.826070913394178),(19.616889933671935, 5.502469343127427, 16.218976888209028),(22.028851979383756, 11.049605814914976, 18.715241196026966),(22.500020614810968, 15.500464155187958, 12.388295444444136),(25.75, 27.25, 10.25),true,true
7:(11.25, -19.75, 19.25),(12.1699331242172, -23.86703659316379, 12.481907737418338),(13.894526779883238, -26.40708546696734, 8.035408855593204),(18.419395359211443, -25.36071777336437, 2.8126303156458725),(6.506507956025814, -22.598914843542417, -5.51362287570106),(-6.709247849783455, -21.09989316955297, -3.6435629328142003),(-17.761772490170742, -21.86820147999129, -1.1714792034117743),(-26.847393049845486, -12.930096273369905, 9.896579050211693),(-23.5, -13.5, 12.5),true,true
8:(-4.25, -26.25, 5.75),(-4.23882791459508, -25.77804216932783, 5.585285123395237),(-6.8239528788708625, -24.782063659530714, 7.811088453812106),(-10.103887778295295, -9.564941469280198, 19.58473755653632),(-7.4599239321211375, -1.6111118373161852, 21.22920340802481),(-13.077475937582676, 2.6848866262017523, 11.617772338346544),(-15.75, 4.75, 9.25),false,true
9:(26.25, 11.25, 10.25),(26.290176124769598, 11.349477868730906, 9.761645587066878),(26.377704902544977, 12.738859768181502, 7.104211363884637),(16.75, 27.25, 10.25),true,true
10:(-9.75, 14.25, 11.75),(-9.503207194717612, 13.8753349955364, 11.529275181071228),(-10.322026291340276, 14.313936589910146, 12.567739588430298),(-13.167999665350031, 14.831713350989759, 15.495756798810179),(-19.41160820910171, 17.831909916913055, 12.273026845474465),(-20.25, 27.25, 12.25),false,true
11:(-21.75, 13.75, 9.75),(-21.691482104077583, 13.337295944890188, 10.02613587009429),(-20.16963674745401, 14.438051577010329, 11.422865101005101),(-9.74514203625493, 24.769469377791445, 16.500364647356747),(-4.0105026967300175, 25.81804266690697, 12.625521979205336),(0.5, 26.5, 14.5),true,true
12:(-26.5, -11.5, 11.5),(-26.13976118794206, -13.92713808012574, 3.879329663987053),(-22.62731688410269, 12.483890295735916, -15.287404887777441),(-17.621496253987594, 23.035269285519096, 6.100264299096474),(-13.75, 20.75, 16.75),true,true
13:(13.75, -19.25, 11.25),(11.958529156975821, -18.882118965084498, 10.683641496040483),(22.58576712585487, -23.0761278567967, 8.224024656632935),(23.87233802217814, -20.378828535077233, 9.477974148004007),(25.25, -6.75, 17.75),true,true
14:(-9.75, 27.25, 16.75),(-13.959543775661839, 23.578325862869757, -1.413436868451985),(-5.182020397764322, 23.04291685655508, -6.762909838365916),(20.57449300518328, 20.445229770211277, 2.0309898160882893),(23.731255096760737, 18.117961742411175, 7.8291513026251165),(25.5, 13.5, 6.5),true,true
15:(-14.75, -19.75, 5.75),(-15.240867085131075, -19.844198303275768, 5.736726553014101),(-14.305661213383285, -19.97330982284597, 4.882419591202932),(-12.642422412185041, -19.3098133850357, 4.120424115722542),(-11.846649291116561, -18.803813376551744, 3.7876942986048547),(-7.830302765471938, -13.536011265763083, 5.575454934099204),(-8.75, -12.25, 13.25),true,true
16:(-23.5, -14.5, 11.5),(-22.962192191925947, -15.315366817383278, 10.884111294484295),(-16.758404577186507, -22.78870783546446, 7.966288670958997),(-11.75, -20.75, 10.25),true,true
17:(-8.25, -25.75, 6.75),(-7.870901683502118, -25.76810081667608, 6.4244898974468985),(-5.976305988740379, -22.05247677482001, 4.645914020360475),(-10.5, -11.5, 17.5),false,true
18:(-5.25, 17.25, 10.25),(-5.096909099093125, 17.247690056209333, 9.774019075782228),(-4.9675461272058685, 16.842761944639825, 9.510773095821948),(-4.711850603024596, 16.612526650270638, 10.801382766252116),(-3.821319788715562, 16.98302871176873, 11.065358316619486),(-7.36140055990878, 13.88541389938774, 19.079802374206057),(-9.876707513094384, 13.784654243279125, 20.71169649545199),(-13.673723493778727, 6.847135748235259, 19.99282153897205),(-14.25, 4.75, 15.75),true,true
19:(-2.5, 25.5, 12.5),(-9.659645649546936, 24.647401556104352, 15.575663461413361),(-15.169053863241228, 19.201826267364645, 12.655251976158276),(-26.5, 20.5, 7.5),true,true
20:(14.75, -2.25, 11.75),(14.890822201168783, -1.963789884268051, 11.364963797402526),(14.825548227088968, -1.7084911114626768, 10.940038104002024),(17.37298945793276, -2.425844327965181, 13.982482642250847),(13.264865791404581, -2.756223184600263, 20.147266029307666),(8.294503250987626, -2.063852471360959, 16.955675968208226),(-3.479029704298886, 16.293581271524154, 18.13840023076603),(-9.729165221550735, 13.338052606731393, 19.23414487600747),(-10.786022077161043, 10.919249195123935, 21.35569289022674),(-11.91466501360358, 8.576668592185882, 22.85184837705181),(-10.116252967985499, 6.537264914199693, 21.5843521236482),(-15.25, 5.75, 17.25),true,true
21:(0.5, -10.5, 18.5),(0.0565512279435042, -11.70176808332759, 17.074849820155386),(0.1391045542719158, -11.601959553030149, 15.934881618112618),(-2.210368409395112, -11.320864893929858, 13.055467705545977),(-11.18020126072764, -12.99757179164717, 7.923832515910862),(-10.782226953500203, -16.248067616104752, 8.657867194278598),(-9.5, -18.5, 8.5),false,true
22:(-11.25, 27.25, 12.25),(-23.954644715905744, 14.579847919242411, 21.56725025225699),(-26.5, 6.5, 16.5),true,true
23:(26.25, 9.25, 18.75),(26.363096161847842, 9.374510615084418, 19.22085705358058),(24.112925693876683, 11.344555226889662, 19.45677460817874),(23.63285271652983, 14.029941804591434, 17.613857596706033),(27.27195119072129, 19.862681921832742, 0.09543471636119116),(23.12409625741994, 6.174404881814864, -1.0451547888852035),(22.277687649381647, -8.316981548692114, -6.4114218716974465),(15.946261546552957, -22.21840259721459, -4.225083788929204),(23.580082826956442, -21.62645843518859, 7.315959034737451),(24.25, -8.75, 16.25),true,true
24:(1.75, -21.25, 6.75),(2.1903416094535473, -21.419043651299265, 6.915902112522029),(-8.604026596741875, -20.770585797291524, 11.869682331878291),(-7.75, -19.25, 19.75),true,true
25:(-2.25, 23.25, 16.75),(0.5450672577394395, 23.243847421777808, 17.839752802471345),(-4.7866234477854945, 18.866164786804816, 16.82679232736674),(-4.717871102060625, 15.882249194907295, 17.129316467541038),(-5.087127606014749, 15.54794484453657, 17.08583962760544),(-12.227908938150717, 12.323510180684375, 20.330367212661635),(-15.270853324161127, 16.32366331960086, 21.40008812631534),(-26.75, 27.25, 12.75),true,true
26:(-2.75, 21.25, 19.25),(-3.207687826951337, 21.12880378629868, 19.410727504942454),(-5.390449405551752, 14.361874446543332, 16.76587721164821),(-13.73834174605581, 15.100052115277645, 20.283636987662994),(-13.815360289856018, 16.688322212199477, 22.82754465955968),(-8.670138049965683, 4.004791878933621, 21.201409996691577),(-9.25, 2.75, 15.25),false,true
27:(8.25, 27.25, 6.25),(7.784087879036466, 26.80434778342061, 3.1703648224597814),(0.3787729501294992, 27.453683396875267, -2.055712611348029),(-14.258186090127227, 24.642310919931045, 0.24524125042769906),(-17.03991126372785, 22.08284215193274, 5.881321093658053),(-12.92952794620295, 12.563279656525683, 25.350354304139305),(-7.949642099439442, -0.29626262242107426, 25.168886278511927),(-0.75, -0.75, 19.25),true,true
28:(19.75, -11.75, 9.25),(19.378717675996405, -11.499267175476893, 9.028003408609154),(25.27487549661876, -10.191525219135587, 5.433731605807213),(26.874675307962384, -15.46402268585061, -0.5639021766777002),(1.2054576899592204, -14.588193316487201, -2.872306604420717),(-7.920842868152586, -18.589310773962776, -0.9716319170027248),(-19.737248558630814, -19.947657170306634, -1.7701575588011051),(-16.280927331319532, -20.78050370004007, 6.606539737876423),(-10.541309697423735, -18.550061616937636, 9.935491153952977),(-8.25, -12.25, 13.25),true,true
29:(9.75, -16.75, 15.25),(11.292836145623504, -18.81293216630488, 16.78751992019039),(13.48890957391416, -25.425338895310887, 16.587729856991665),(23.841415044284254, -19.73717211559599, 0.12506879983251107),(22.209268766601937, -19.176164622098643, -2.328779019509099),(24.75755305238762, -10.80913787569237, -0.7533129380249515),(22.44004623751659, 7.296750585554302, -1.9694383314283066),(26.153825348036804, 17.509988731045464, -0.176720578950877),(22.69844095258815, 18.465952731992317, 8.35169361730683),(23.0, 17.0, 17.0),true,true
30:(18.75, -12.75, 16.25),(18.716080925995705, -12.462687529913369, 15.842199753615315),(24.7466938417247, -18.957809530338533, 10.945800284086566),(22.652457519882113, -18.09048283597418, -1.3036473171495064),(21.788642203200247, -4.916223030498289, -2.3047529586103987),(27.147358721090292, 9.858540700498256, -4.292488854628262),(24.81688507261542, 19.963170966813106, 3.704478107943566),(27.0, 15.0, 17.0),true,true
31:(-15.75, 9.75, 12.75),(-15.944726484515424, 9.330925622179922, 12.559059532620823),(-18.37531780783179, 15.039906591848782, 16.508270168228474),(-15.699890856369093, 17.797217120434805, 17.21390491698944),(-13.75, 20.25, 9.75),true,true
32:(-23.75, -12.75, 16.75),(-23.800685198979206, -13.109605710047028, 16.406321743623472),(-23.75447164389921, -13.615666288831482, 13.449673810925496),(-22.39753226515064, -16.68862104092665, 7.308365756937555),(-26.5, -24.5, 7.5),true,true
33:(4.75, 26.25, 15.75),(4.479791436963426, 25.831898828437467, 15.796677005042591),(8.041337869749501, 23.278495063317838, 23.008516941060254),(15.863491508360386, 23.7628109416388, 17.67716140454249),(20.170533463476552, 21.549464227969022, 11.475602286621456),(19.62599226880624, 21.877189351596755, -2.0039249837372393),(4.913836697301898, 21.14064497880467, -3.8886107279471234),(-15.161358920703746, 23.037047889038607, -0.5032452109250924),(-17.6003961482849, 23.3640011448863, 2.2922794114789653),(-15.515034243735604, 17.67240278693792, 14.748802950960771),(-21.5, 13.5, 10.5),true,true
34:(-3.25, 24.75, 14.25),(-3.6652128404171833, 24.773728847457456, 13.972447772570575),(-3.9824264368078284, 24.46860405334295, 13.39016260310683),(-11.177244974368886, 24.272008677321544, 13.575541095332985),(-14.15821238577804, 17.160225801827522, 15.411846361238615),(-15.241996354037056, 10.622890495491347, 25.63699685047429),(-14.39929667568304, 9.362323622126869, 24.705369774467325),(-23.548061761938325, 6.621088517557473, 17.922220096367386),(-23.25, 9.25, 18.75),true,true
35:(13.75, -19.75, 17.25),(8.22087229900263, -18.81925209071318, 16.698489169276986),(2.92145605449749, -20.83883001318694, 15.071833919351757),(-0.3268182031785809, -21.807359222031472, 15.793734007597596),(-8.75, -17.75, 13.25),true,true
36:(15.25, 13.25, 17.25),(15.425311945495235, 13.37263196059838, 16.7980850478171),(11.64256181974902, 25.914162750413272, 19.485933838993287),(10.75, 27.25, 14.25),true,true
37:(1.75, -23.75, 14.75),(1.9373314518196336, -23.286460965708216, 14.756204099208341),(-0.15379363281806202, -21.594272821440086, 10.04228914844438),(-6.996317161490512, -20.710200889919385, 4.73124854829682),(-6.838555419810762, -23.404123682348043, 6.0419320422401706),(-8.5, -23.5, 5.5),false,true
38:(-17.75, 6.75, 17.25),(-11.938843587733704, -0.0029935181375837505, 17.911369284418285),(-9.811867949898668, -9.830069451174424, 19.883377199412653),(-7.44490287908933, -11.385155022236479, 18.893839317245856),(-7.75, -16.75, 18.75),true,true
39:(-14.75, -13.75, 15.75),(-14.393821036398482, -13.401420335325447, 15.790357939282428),(-14.562677136569459, -12.416086054996926, 15.765782068096954),(-13.878257090824354, -11.748957164258387, 15.471659229602162),(-8.005290106511147, -12.061605854436552, 13.965932777004632),(-4.4583812569368835, -10.177152403627687, 12.064140713335526),(-3.0038302292520016, -10.929415790338874, 13.082870403556244),(-1.5, -10.5, 12.5),true,true
40:(18.75, -21.75, 15.75),(18.368408521316134, -21.77880387425293, 15.42819527625611),(18.6878129951334, -21.81911985488308, 13.972345210492927),(21.19226723447833, -21.06204123846621, 12.504509752551025),(24.714865867094314, -15.427144058198756, 11.912997883774121),(23.26133178163755, -3.873071781615744, 18.13798288699498),(22.5, -6.5, 17.5),true,true
41:(11.75, -18.75, 14.75),(12.141950990788425, -16.199586488834605, 16.951995530570443),(2.9888619566742705, -21.528205660132603, 19.579045792645505),(0.5573639900913221, -21.466624323375672, 16.396308283099927),(-1.8512302979458388, -20.618160356017974, 15.308709621066878),(-4.637822478670739, -18.379588880041013, 14.335408903766295),(-9.25, -18.75, 14.75),true,true
42:(-20.25, -1.75, 8.25),(-19.970318595515494, -1.7843322600524396, 8.663037053913163),(-18.54297282487661, -3.8995628620423384, 12.410236945356973),(-19.956679543389992, -4.951988792101632, 18.697582837833895),(-19.845358798020833, -7.933531095777322, 19.010653409818417),(-9.135903490335558, -6.230479150438935, 19.45228629832129),(-1.381914807889227, -11.388354968527274, 13.130680744027583),(-1.0848010533992132, -12.432979172028608, 11.934994995140476),(-9.75, -14.75, 8.25),false,true
43:(-25.5, 11.5, 15.5),(-19.25, 27.25, 12.75),true,true
44:(28.5, -13.5, 17.5),(27.528697587743416, -11.736439612751681, 16.157396106841937),(26.815656226143723, -10.937906243703237, -1.2051336728038962),(13.476090764917236, -19.077511592367436, -9.951098509563549),(-6.06682440340143, -22.546497384206425, -5.339452297260264),(-15.564982944939512, -27.56665506768802, -2.9911684085795383),(-16.180779048313322, -20.029465361740243, 5.277690591447803),(-7.75, -22.75, 14.75),true,true
45:(9.75, -20.25, 16.25),(9.33564711756855, -20.29171338166833, 15.97328411211038),(7.564008961781229, -20.6869525227275, 17.4703120802013),(17.180647496344392, -25.987158878525523, 13.045081429157717),(24.270246190883633, -21.035049294560334, 15.11759013446349),(24.25, -8.75, 17.25),true,true
46:(20.75, -2.75, 7.75),(20.729113718800257, -3.232410064625619, 7.620214435295941),(20.408504265307016, -4.129649853934122, 8.619015957953595),(23.943497056198147, -9.171422857364217, 4.919473316550473),(29.0, -9.417756608679543, 3.741974888696374),(25.51291679528835, -14.248050664364058, -2.8150958600396265),(8.580563421115443, -18.775906356998043, -11.528476600143698),(-16.36335979978484, -24.270649384604766, -21.154099145902922),(-15.466962953855646, -24.082799170637777, 6.106771743423602),(-16.323245782725202, -23.83846494254883, 10.347621903014259),(-9.75, -20.75, 17.25),true,true
47:(-23.75, -13.25, 7.25),(-23.756208613399657, -12.816427352747894, 7.001049778721822),(-25.052828221144367, -19.30571966646246, 10.510505780919521),(-18.718099042234606, -20.477230902207765, 16.697866213234317),(-6.25, -20.25, 10.25),true,true
48:(7.5, 11.5, 5.5),(6.161456722743902, 11.357281444123036, 4.8838363449419075),(5.576956124158843, 10.664479858966095, 4.461479844035697),(5.539634078602891, 6.679712872906831, 5.552884673404234),(0.9886060085235057, 6.115738485688032, 10.614930392600746),(1.536721495890044, 6.822445843077654, 14.216717951238556),(-0.40404954476696875, 8.951884363382764, 15.052719958405932),(0.5391380946258006, 10.48152018534643, 18.020774877659534),(-2.236124701275366, 13.445669539762127, 18.7051236249824),(-9.407728577591923, 13.183793050692934, 22.20743549792666),(-15.964755346751929, 16.662276523814953, 17.082262244293105),(-21.0, 25.0, 5.0),false,true
49:(-19.25, 4.75, 8.75),(-18.88622704793532, 4.630020157199397, 8.42863715730083),(-17.89788727847922, 5.57388396550429, 11.45528935424152),(-13.133099400316997, 4.880473972035073, 22.987533436870756),(-17.846675670048455, 9.724072521277682, 24.81010081373213),(-9.75, 27.25, 15.75),true,true
50:(-20.75, 7.75, 17.25),(-20.476587614368103, 7.474037755508935, 16.935213553343655),(-20.321254603802547, 7.155851200749001, 16.582185265243897),(-12.270818159343518, 10.151437037734368, 24.989065617725537),(-11.717778144524809, 14.067721810514142, 21.606694590857977),(-18.585583938771357, 14.596016923813583, 13.54955364006939),(-16.281723419141798, 19.65985541057644, 8.58316627921311),(-17.25, 27.25, 11.75),true,true
51:(22.75, -9.25, 7.25),(22.703300585187083, -9.672100695706751, 6.986086818555785),(22.06406076051253, -11.827925923692138, 6.81092956872438),(24.169049108187338, -16.539613091776822, 5.408757763989737),(22.28940498895355, -18.866293558549263, -1.8608440976887075),(21.21295875380317, -18.259117570749666, -2.966603442960407),(19.020737235971026, 1.2579588844508178, -1.8186111486002365),(19.186280210651294, 18.406626222702844, -1.3803195007162201),(24.63482673432392, 23.732114654583107, 11.53445735384641),(13.25, 27.25, 8.75),true,true
52:(-5.75, 21.25, 7.75),(-5.992751550431468, 20.859665228709062, 7.946749716859694),(-8.332744049205514, 20.266820445891124, 4.727032586212716),(-8.895749298491719, 21.751931348200557, 10.462010984733084),(-15.25, 27.25, 14.25),false,true
53:(14.25, -21.75, 11.75),(14.69502579512422, -21.553940133461623, 11.866243582218587),(15.756263069325623, -20.469622113133617, 11.769659267822016),(14.371414471758424, -28.0, 13.343789289710557),(13.269724559923795, -26.848845328928043, -0.7512542004170104),(1.7998270546537247, -18.683085606151938, -0.9394598293333232),(-9.150204182166423, -25.697544569676502, -5.96597920530964),(-15.10674519536354, -23.90942395765083, 4.366049508854605),(-14.70557791204364, -24.093123536958142, 4.601250009185804),(-10.25, -20.25, 9.75),true,true
54:(-23.25, -13.75, 11.75),(-23.271943299110653, -13.835100134454901, 11.257784134002268),(-23.363881320963674, -14.40716636952366, 9.698943071330806),(-20.7695238864836, -20.442844799018218, -0.27128432193646135),(-17.933320979716868, -8.426037927841524, -2.943577100472454),(-22.075237468316388, 5.3523495270180845, -2.3479922345347517),(-22.005004629119284, 11.686463668385908, -3.6269397952228104),(-20.609701891898304, 22.096059980979312, 4.193386350966647),(-19.15162012462019, 18.498083832157747, 10.01820954076754),(-13.25, 20.75, 9.75),true,true
55:(-18.75, 27.25, 13.25),(-16.702504254374382, 23.41452513051873, 0.09864770556557279),(10.555710921217337, 16.536827677245096, -5.463157801001629),(23.50634735551655, 16.446791578347074, -0.6396445089760865),(20.485234392153753, 21.122116427609356, 8.823066037269026),(18.75, 27.25, 16.75),true,true
56:(-12.5, 23.5, 12.5),(-16.309111498376474, 26.366651054883214, 2.6062205669711576),(-12.873510074153664, 17.908436744071384, -0.2443365205232677),(-3.4867586629184943, 11.578385925937575, -3.0056217303572836),(15.38683568343271, 25.5206913163377, 0.7566698850394706),(16.402079393721856, 26.180966935613423, 7.651110856960862),(15.5, 22.5, 14.5),true,true
57:(-3.75, 27.25, 13.75),(-11.577248978383398, 23.976761903437083, 8.463966869513957),(-19.836241825365438, 20.05770985578898, 5.15258719311643),(-19.433242333311274, 19.21909413158932, 2.300515125911752),(-18.172777635533343, 17.967533883928404, -0.11709230544068827),(4.913104901394969, 20.212489963306293, 2.2953342844657127),(18.319752167675166, 21.911693846655368, 2.7342285176801253),(14.25, 27.25, 7.75),true,true
58:(-15.25, -11.75, 18.25),(-15.333685392601643, -11.416936715103866, 17.88659168512635),(-15.573720418698446, -9.251601611985379, 17.27574390169973),(-22.050073454540662, -6.60579945728143, 17.03787353090665),(-24.5, -4.5, 13.5),true,true
59:(-23.75, -13.75, 6.25),(-23.513366090993173, -14.150192184831047, 6.433985348080497),(-25.908492494811604, -11.156266293683888, -3.626370450103693),(-23.495166672751456, 14.922047905967577, 1.6350094313040118),(-21.93925593446696, 16.48826557913289, 8.099287373881786),(-13.75, 19.75, 11.75),true,true
60:(-10.75, -18.25, 16.75),(-8.376151835403281, -18.25389986276325, 16.248280998549976),(-6.582712433008072, -25.35638338407052, 13.422373756390897),(-6.25, -23.75, 7.25),true,true
61:(14.25, 7.75, 12.25),(13.86829187889595, 7.84638231345973, 11.941764116405363),(12.652357555949905, 8.634529651555143, 8.063951323333432),(6.811764172106532, 6.9505740557383415, 4.6923712367501444),(3.8190489784788264, 6.767934995475897, 4.590888511637262),(1.5099922227291038, 8.435651594905348, 4.971848206095633),(-1.1990783466291728, 13.55842518138115, 8.364106476284016),(-1.950151640122399, 13.939879956399507, 8.902976741205855),(-3.4721390100352876, 14.75156553721578, 15.194631063147288),(-8.964448240408192, 13.985811949843097, 19.46641766378483),(-11.4967230403164, 14.043048843935994, 17.85883927511931),(-17.951367130122282, 16.7385013782656, 18.12736359265892),(-17.5, 10.5, 17.5),false,true
62:(-26.5, 6.5, 8.5),(-26.303120529827638, 14.467581912629619, 13.069500310423555),(-19.140329584096385, 19.880717754597303, 6.26634576365754),(-23.477234357433442, 15.818884014953332, -6.094950356244651),(-22.537966486155078, 13.548469183220774, -7.816284826309385),(-17.949937239044573, -0.41096729053558534, -1.2828743208402447),(-19.51369502824744, -12.004639994578097, -3.9806799850309034),(-21.46252570774426, -20.525284950807386, 1.8633045165288495),(-17.568266603736678, -21.427827159910045, 7.6096219104466405),(-5.75, -22.75, 16.25),true,true
63:(15.25, -11.25, 11.75),(15.359112782099052, -10.787897037015282, 11.906701156292316),(25.83598503769533, -12.463015718206597, 11.781979542685878),(24.18034897538714, -18.12145618525977, -1.1210564719958414),(22.01017641604129, 1.3506270905502982, -2.645470915797148),(24.39537901220102, 8.618818754670674, -9.01556012021598),(22.898762226847197, 19.98810580533382, 6.82032101474584),(13.75, 27.25, 17.25),true,true
64:(-26.5, 18.5, 19.5),(-24.006876758880985, 16.91050904513201, 17.730767111725847),(-14.5, 20.5, 8.5),true,true
65:(10.5, 25.5, 8.5),(19.974854437121124, 25.501279879280826, 8.454155976016576),(23.0, 19.0, 9.0),true,true
66:(-2.75, -14.25, 10.75),(-2.8577987697595137, -13.786765177656326, 10.595750446981004),(-12.858999386487705, -10.935427977085828, 15.271547650001093),(-17.22633715978739, -12.195497259014134, 15.409632641921045),(-24.685205108262085, -17.190146297375215, 3.770054701874086),(-20.384370276759867, -15.886627520158715, -2.646032641326174),(-17.809624664224266, -1.5291595380722938, -6.211569679185654),(-17.485912788784336, 3.3606263182373772, -1.653038874472614),(-21.02232282410294, 17.186324813204596, 1.3769209256244994),(-22.07755788200105, 24.198240246137967, 6.249840377811262),(-22.5, 15.5, 13.5),false,true
67:(-10.75, 13.75, 17.25),(-13.383103067650886, 15.669870106142639, 15.92000257669461),(-16.356198006322742, 16.91818301216782, 9.563116001573805),(-15.9978073677312, 16.991914604645835, 8.741338111871574),(-11.150521261932669, 21.909211639150435, 9.89199326567953),(-10.75, 27.25, 13.75),true,true
68:(1.25, 23.25, 16.25),(0.7712224903333234, 23.3171407491059, 16.122468764426618),(-0.9829798598254855, 20.188146872853793, 18.915163798466256),(3.8337553916407465, 23.393431053940695, 17.767773240287504),(4.713529440919365, 23.310636886264177, 17.299646389941728),(9.504544470117139, 26.112494360618637, 13.033996417967337),(10.456359666786298, 25.22185364974085, 10.501172662957048),(15.75, 27.25, 6.75),true,true
69:(1.5, 15.5, 18.5),(-10.975805321203957, 13.670403449420993, 20.288576580544383),(-15.587623015478474, 18.874665372521083, 16.11704011925624),(-19.08068969657494, 22.452411012279065, -6.2990482075856775),(5.04205844424329, 16.738766523409573, -8.525623567346356),(17.803455217295543, 25.639905180688196, -0.6698559955378522),(27.0, 15.0, 11.0),true,true
70:(6.75, 22.75, 12.25),(6.333917929116818, 22.767241319743327, 11.973271889423806),(6.048687605005837, 22.829139670835982, 11.567301131438018),(7.602518311506257, 22.980947491943088, 7.5425150002503205),(8.404768584629187, 22.557950860308054, 6.772989918192452),(8.831918125065593, 21.901545219377, 6.151158023980797),(9.62212445217023, 20.846896104695855, 5.227602445200133),(10.415499001211666, 20.386472259559095, 5.62580679947414),(18.44298334617285, 22.58274301826497, 10.829805005886517),(18.05219119938866, 25.425515705110982, 6.616360811684531),(12.5546199995923, 25.44349656989636, -0.3940919905054818),(10.234459724868572, 23.542267710744703, -0.4408373081619008),(-2.529755636345881, 22.659265695344356, 0.5112165434266123),(-19.627982478955335, 23.386441851071613, 2.160902441949964),(-20.38268683706862, 18.555561322168792, 4.938839148666285),(-26.5, 10.5, 8.5),false,true
71:(-18.25, -2.25, 18.75),(-18.36937929040843, -2.424118606139234, 18.296754706568606),(-18.0883845677952, -5.7313044846494705, 17.535210865234003),(-16.653926005024132, -5.82803689339395, 20.168264505551885),(-12.53804341496527, -7.894296839716985, 16.01314241685765),(-9.95401963879684, -6.371259189772288, 15.956773621880348),(-18.545983576453985, 15.332896642700028, 24.061122091985453),(-26.5, 16.5, 9.5),false,true
72:(2.75, -7.25, 10.75),(2.9925896151807594, -7.437624284555885, 10.355098231896408),(3.2608673426488806, -8.878651433121153, 15.421019010924232),(2.442764233403013, -8.428019109172068, 15.778283354589382),(5.616713314924679, -8.689760615737947, 19.170108540831478),(13.493785219012572, -2.6926355613941193, 18.88704500994119),(19.25, -1.75, 14.75),false,true
73:(16.75, -10.25, 15.75),(16.799012976706038, -9.897629108965335, 15.398670406504307),(19.51733587189497, -8.710259077165919, 15.846859033174278),(28.5, -22.5, 14.5),false,true
74:(20.5, 17.5, 5.5),(20.582207750884955, 17.045801266886592, 5.307788146742685),(25.812990465654515, 24.28752288950359, 2.6692694890615454),(28.5, 22.5, 16.5),true,true
75:(-15.25, 27.25, 6.25),(-15.73732633180923, 23.86328971721487, 0.9806983415311774),(4.194687009999979, 18.913511197429546, -3.691944951253711),(14.681436010363566, 20.348211016841073, -0.714844691079147),(18.75, 27.25, 6.75),true,true
76:(-11.5, 26.5, 16.5),(-11.250545582870409, 25.780163404819326, 15.888548403123334),(1.25, 27.25, 15.75),true,true
77:(-17.25, 11.25, 13.25),(-17.26686635876134, 10.935879219905653, 12.861356639764614),(-16.63663244461647, 10.04072276203009, 13.470007899167246),(-11.9649265677862, 0.23647227892660094, 19.071770524876545),(-11.274314912040365, -7.101464760574017, 16.498694345153947),(-12.5, -7.5, 13.5),true,true
78:(-13.5, -23.5, 14.5),(-13.205478797117577, -23.29792895751335, 13.83936532439874),(-17.279647525895772, -19.760008715067517, 3.829080098690632),(-20.174894436786676, -22.17508449079502, -1.0161300699444764),(-20.245997784593087, -14.897775326435667, -3.947472223527415),(-13.675970980485483, -0.35048804089566743, -9.0480728446786),(-23.403698737487687, 22.129684367552837, -0.9823730428144035),(-24.75, 11.75, 15.75),true,true
79:(-25.5, -11.5, 17.5),(-23.942934632339995, -7.121512572011641, 17.177383057621462),(-17.897217761653422, -6.527814424402637, 19.077173593723863),(-13.041120232017047, -4.163144304120065, 23.529886475204354),(-11.401646739352167, -1.6532048009371523, 23.64092861680443),(-17.016907917890077, 10.43652775881071, 21.257418748653663),(-13.25, 22.25, 10.75),true,true
80:(-23.5, -6.5, 18.5),(-18.46520759597552, -7.342745911487075, 16.837043525421947),(-11.898011114152663, -6.680765581543542, 16.459815754448258),(-10.05372034809424, -1.3633456787405525, 17.74387188972367),(-12.119655560456406, 3.897631033840371, 17.841602548357663),(-19.841409156002843, 15.198293693833662, 17.856657191741007),(-12.25, 21.25, 12.25),true,true
81:(16.75, -20.25, 12.75),(16.565201116747645, -19.962279980876414, 12.385217101080375),(10.900924083567899, -19.51527579301132, 18.11903880409588),(14.801310281286305, -8.99679172675613, 21.078522447998317),(18.75, -10.25, 13.75),true,true
82:(-19.25, -3.75, 17.75),(-18.910206778577965, -9.099311676306568, 19.118221750770342),(-10.426091089540169, -4.972319606730223, 18.135581020396245),(-10.704717791757757, -4.622176005185358, 18.358665352227376),(-9.91523596754255, -18.97537794062834, 18.21180586454178),(-15.771058407325928, -25.08073031664595, 9.912836033610747),(-12.320638723923642, -26.49418531941865, -5.747645031762345),(-2.00638800876293, -20.79907947198997, -3.8960295738253503),(14.268668066993552, -18.396727592195674, -10.331874291111516),(24.270007495550225, -17.66215890285496, -9.990670573885033),(22.293781715685707, -21.886592272707873, 10.863459079662803),(9.5, -26.5, 13.5),false,true
83:(13.25, -15.25, 14.75),(12.849565771171497, -14.97333933634829, 14.864504609384587),(10.126606643663226, -23.371942082862937, 19.826429339696443),(18.297593566163794, -25.236027677062346, 18.91507493845043),(4.843335398081749, -27.804537471594134, 18.626786448911496),(-1.240518496932448, -19.52051728399794, 13.41922630460419),(-11.237371791810927, -21.623432492415347, 13.121225337040967),(-22.936253183463513, -18.209018081335962, 6.141572903958706),(-21.5, -15.5, 7.5),true,true
84:(22.75, -9.75, 5.25),(22.7741757659383, -10.014977783222152, 5.673322934342059),(23.767872584654935, -15.363106894341028, 7.647265206689245),(27.23992254300987, -21.205523678327708, -2.1015460329319797),(18.7683720381869, -3.027957487759603, -0.5797882357431354),(22.733585902496582, 16.017553471493787, 2.726051787493009),(27.25, 27.25, 7.75),true,true
85:(-17.25, -8.75, 12.75),(-17.318251453577428, -8.637266209269638, 13.232320258243556),(-17.455384569747185, -8.994133680225406, 13.554562584177326),(-16.663831628412826, -11.528703792838314, 15.365162337328604),(-13.832630373824227, -12.107291710018158, 15.974277627583861),(-7.501905864445973, -11.5116030488179, 13.047319786193775),(-7.25, -10.75, 13.75),true,true
86:(-5.75, 25.75, 7.25),(-5.765800851970835, 25.32003059588381, 6.9952910590478545),(-8.341376930939918, 25.649450589488257, 5.342212337844822),(-15.078740903673127, 16.831608933325803, 16.2887872098263),(-17.301765232807586, 8.536280785966161, 20.02998215380799),(-13.25, 3.75, 13.75),true,true
87:(23.25, -9.25, 18.25),(23.12312687225267, -9.24336564945865, 17.766410096415875),(24.564443918443185, -17.672706648467976, 1.7392890047085006),(18.9215012412264, -21.625492819634935, -2.453066469770756),(-6.029981379271584, -27.354232815213212, -7.662631918486475),(-8.926847176139859, -28.0, -7.232099937216622),(-16.691033679618172, -22.025249589761046, 9.261777279261501),(-12.384619472998956, -21.2319428600313, 14.723046464496164),(-1.5, -19.5, 14.5),true,true
88:(19.25, -9.25, 16.25),(19.187705519060888, -8.923488292187457, 15.876490291550725),(17.616322573391223, -10.21575509884713, 16.590153540390485),(2.6987290287103507, -5.7621983718584895, 27.5),(-2.762288969373186, -1.4028081903120624, 27.0840677102649),(-13.75, 4.25, 17.25),false,true
89:(4.75, -12.75, 18.75),(5.215661258290625, -12.931807076670841, 18.760284911258438),(5.50497830710967, -13.109652474465182, 17.384570797935268),(7.3003639392000945, -13.643016874610101, 17.621154656875383),(14.158158341951724, -21.442589137714066, 12.678516754157005),(17.32499914625426, -20.924802468475512, 9.709394207302166),(19.0381661742535, -23.0601635116661, 3.2700829250365913),(18.69895382247193, -21.418385119563194, -3.0157837929197866),(2.1727187321491033, -5.240111330725088, -8.37854577423901),(-16.071664167851704, 11.468533166515108, 0.5263572726541534),(-20.34778133149747, 17.667125164760222, 1.17264065831157),(-21.207133635457218, 19.38573521991324, 7.45782915212766),(-19.991676268770252, 16.76670947243957, 12.203695026817488),(-6.5, 25.5, 18.5),false,true
90:(1.75, -15.75, 6.25),(1.3144757117660688, -15.818328470321262, 6.014097870925496),(-0.336052288097097, -13.476392296608385, 6.724335667468998),(-5.903162871678227, -12.723789747864723, 12.30615482250149),(-12.592347840821667, -19.05696933303657, 13.822584331043544),(-18.28881361980825, -23.327400826209434, -0.388579774465756),(-6.743186826764837, -24.126951744847727, -0.6486590878932157),(10.794505646999793, -25.043463718208127, -3.1336782492841753),(14.765106686993843, -25.724093391903374, 1.2006566958314218),(20.872639577517724, -21.727305770220507, 11.396574460464269),(24.25, -9.75, 13.25),false,true
91:(-4.25, 21.75, 9.25),(-3.9501650872311824, 21.481668595899066, 8.953188135920858),(-0.5114635125545117, 21.41108032125146, 9.136110966389417),(-0.40294653132001, 24.412775970145287, 15.458930534920187),(-7.1520440684592765, 27.5, 10.986188812694955),(-12.63473882516062, 26.099735903360703, 2.8011701935065085),(-6.529560617375443, 21.143263212990565, -6.826785315967308),(4.346452325668782, 20.253598187860057, -9.790228774691188),(21.548202696089437, 17.61024727289641, -6.231851362564805),(28.5, 18.5, 14.5),true,true
92:(-22.75, 14.75, 13.75),(-22.543718105985597, 14.89698338152887, 13.318904110717616),(-13.25, 19.75, 15.75),true,true
93:(-18.75, -6.75, 15.75),(-18.538889660349053, -7.196944268317918, 15.67467904999124),(-19.000119762789318, -11.223319304555728, 16.11455097875057),(-10.38043932814446, -10.836730944716635, 14.728703683577585),(-7.25, -22.75, 15.75),false,true
94:(-12.25, 21.75, 15.25),(-21.070103940242596, 20.25377057945966, 12.05797135059473),(-22.001430500496923, 16.450067777380305, 3.786525346884146),(-21.464075960223585, 14.369330055590861, -2.545957851899453),(-22.864938465060014, -6.196205029552015, -2.9756764140815495),(-23.88720633956651, -12.962013492169994, 0.9717823223668338),(-23.907598892787355, -13.52217319733905, 1.7999159157429576),(-21.443841041338448, -19.156397619569418, 5.1443758735488165),(-17.24090416891204, -22.190397876547657, 13.144546775384775),(-10.5, -16.5, 10.5),true,true
95:(-23.25, 10.25, 19.25),(-23.28043609266293, 9.829418537088491, 18.981327565018983),(-21.997372586949066, 8.082829770866304, 17.217429995164665),(-21.174170630329197, 7.6557690472552915, 16.843320817295346),(-15.410456835149374, 4.737668110589406, 12.475119269758412),(-14.25, 4.75, 18.25),false,true
96:(-24.75, 9.25, 15.25),(-24.3655861387086, 9.029461825919169, 15.018507241970449),(-20.00922476115168, 5.779023811996345, 13.296209227552342),(-14.789163409205962, 5.802171029588821, 10.432912386393948),(-15.5, 5.5, 10.5),false,true
97:(-16.25, 11.75, 16.25),(-16.476941852447787, 11.984156183524512, 15.870964015791639),(-17.85784990754406, 14.565622696822441, 14.948508586503568),(-18.775828351406847, 24.266363826079598, 8.032514243315775),(-13.39566568396577, 24.21729733981892, 2.536336533362678),(0.8643086890463038, 19.71124779439718, 0.8921628133252402),(3.5823105077714263, 18.367441674901404, 1.2289905267792323),(24.091661143676333, 22.843306604397622, 3.6573192439667928),(10.75, 27.25, 17.75),true,true
98:(1.75, 12.25, 14.75),(2.0129762704823606, 11.839584719134294, 14.638632238079815),(2.862830904965905, 12.301212645146293, 14.892889505768862),(0.23778396252538614, 12.364649073686252, 7.801319137074097),(1.5847330279307976, 7.365924557151836, 4.802093482837993),(1.1918154220638475, 4.5234393161904745, 5.677246846492964),(9.354964722675108, 7.697588839774419, 5.14781741332574),(7.5, 8.5, 5.5),false,true
99:(-11.25, 9.75, 18.25),(-11.07984396245337, 9.349622092638121, 18.003536099635358),(-11.311797603879134, 8.63210114429811, 17.43371509997656),(-9.384567395237356, 5.976468367377336, 18.602081641601597),(-9.18868057152649, -10.49896991569841, 19.144086599308245),(-10.271622503470374, -17.573233960161275, 9.25071592445378),(-7.75, -19.75, 12.25),false,true
100:(-7.25, 13.75, 17.75),(-6.930444006898492, 13.497042566818937, 17.46035106720142),(-10.707231570033517, 12.693840635680187, 20.79526159662383),(-15.222484247776727, 14.247105475505977, 16.09104274894476),(-16.95936942037822, 25.244806195140228, 1.5656441973119506),(-4.82371274182579, 21.054069118173548, 2.30126481766792),(7.7395378448328405, 12.620028710444299, 1.3920353362993145),(10.37858246478041, -0.08754665323774224, 0.3228050334662922),(17.124710705220796, -8.961414551025703, -5.7332324863472195),(23.481917626560826, -19.14501824715213, -4.6618377655578715),(23.654456928608262, -14.013464192446152, 12.171058192884058),(21.5, -7.5, 16.5),true,true
101:(23.5, -10.5, 18.5),(28.418700071159286, -13.797332484851815, 10.280864757063135),(27.881729827770517, -13.941683801072806, 1.7172224056037648),(25.355987130098068, -9.421929029714397, -7.6163072688249125),(23.58044756117992, 5.486605259819813, -5.0898298353131075),(18.90143263292795, 22.798241566124815, -0.14130344262926542),(18.10489018690084, 23.29084748836523, 0.20920980540969064),(13.25, 27.25, 17.75),true,true
102:(8.25, -17.75, 11.75),(7.7578514812304595, -17.826783890109844, 11.7935209109802),(8.4334781611105, -16.78423352855217, 11.933387259706663),(6.784216218076049, -19.08141980579958, 14.338697347576222),(5.328584329643347, -19.79174661892246, 14.888660149967652),(-1.831033534681761, -21.303936377419056, 11.756436729485563),(-2.741236227226564, -21.168388302182716, 12.147790505222956),(-11.310456652783184, -17.759410438509644, 10.234153273578167),(-17.03786612228449, -24.646356061162372, 0.8025262080633597),(-9.078537764749596, -19.040611746318113, -4.035701973486283),(-6.148768834213566, -7.934972266981845, -7.581204117812058),(-2.3015451872235864, 9.398807118431431, -3.711789806135146),(20.004652650516228, 22.775751465407524, 2.8520905432955534),(23.387185694096765, 19.948124985679833, 9.793194616114226),(28.5, 7.5, 19.5),true,true
103:(-24.75, 2.75, 16.75),(-24.313593576905937, 2.7571369009136535, 16.506076859384777),(-20.11700168980538, 7.411812552515784, 18.012346998344906),(-17.162489029956937, 7.596241913598766, 18.499009872998183),(-16.5, 13.5, 19.5),true,true
104:(9.75, -16.25, 16.75),(12.568475875330321, -19.41821717422705, 14.804258721615602),(16.80832312485096, -24.79593925629887, 9.064582157265617),(18.57466614409596, -26.58963948444119, -0.31601668668579386),(-7.355764126678455, -15.934624344703993, -9.74857556145505),(-12.425467268390708, -28.0, -6.872186131368034),(-16.17075861861425, -22.005781587698145, 3.3787978661267966),(-10.75, -19.25, 8.75),true,true
105:(-18.5, -9.5, 17.5),(-12.506220829321395, -7.03488790236844, 20.692415657016095),(-8.427674744312062, -0.6057244695753519, 18.81182121989642),(-14.90029567098222, 2.417458687602443, 10.531422857360383),(-15.5, 5.5, 7.5),true,true
106:(-20.75, -13.75, 9.25),(-20.503327155231396, -13.943435657355955, 8.860468031970374),(-24.488574202321022, -18.549523371710357, 5.410574998652262),(-18.084346178384394, -22.334737420342062, 4.982757164279082),(-10.952465430579434, -19.494147009712655, 11.436399431337316),(-8.93765383832643, -12.73979288512135, 17.114825779309466),(-7.485799574929466, -5.956708118429536, 18.053910570864275),(-17.966824302063518, 13.23456524330291, 16.645345318297863),(-17.34352436830202, 13.92049002208416, 16.26983980512022),(-20.25, 14.25, 8.75),true,true
107:(-23.25, 27.25, 9.25),(-18.579689766133733, 23.86405959665163, 8.623054112492952),(-10.226204611641002, 8.851245460938422, 24.160747146047452),(-8.5, -6.5, 16.5),true,true
108:(11.25, -21.25, 8.75),(11.030093424064612, -21.252031545318864, 9.19904005465436),(11.728509767034986, -21.591261246470438, 9.82922877379213),(10.871482208657326, -20.371534637041407, 16.988278420772605),(15.583933184668636, -7.766025319856287, 21.104620737514953),(12.5, -8.5, 18.5),true,true
109:(21.25, -11.25, 17.25),(21.304460953438163, -11.025163939478883, 16.806736251831992),(17.91357884814059, -9.240970304571293, 15.37393175266004),(16.813635097050362, -10.59869166536554, 17.812520781356874),(10.079483668138753, -17.337910329473186, 20.809367569456022),(11.25, -19.25, 16.25),true,true
110:(16.75, -3.25, 10.75),(16.808525102912075, -2.9370926890015325, 10.36443051592114),(17.373074580762452, -2.330657145782487, 10.924358921147634),(20.821874650676993, -3.301321728313863, 19.218212047765437),(21.240864147457078, -7.361684521291693, 19.597982738632755),(25.148134766878847, -10.289039566486679, 4.252740691892992),(25.343944784430327, -12.02220026177043, 4.220706298309862),(28.29235274486473, -15.924063368934224, -3.572885108091513),(20.046155324582386, 3.078341881891613, -0.3071711717369592),(22.78379428203782, 15.662074755643982, 1.6415905993042181),(28.5, 20.5, 10.5),true,true
111:(-17.75, -8.75, 12.75),(-17.30678238027501, -8.613112527179494, 12.936601075425969),(-18.050158871214887, -5.883534017083594, 16.290392507993907),(-13.196655399361692, -7.380764693861158, 18.819340144714054),(-11.231679112577845, -5.273112318602415, 17.984672751410983),(-9.190859028345187, -17.311685076892434, 19.70525939600849),(0.07042246827265997, -20.91096595456211, 8.645335502610003),(1.2300379885801789, -21.72745128859763, 17.02205685004777),(4.470524137831896, -20.348474976654746, 18.72362453477971),(12.768615681821423, -20.225399339823205, 18.796088678227314),(13.25, -19.75, 14.25),true,true
112:(26.75, 8.25, 9.75),(22.818669619708523, 8.100420295267702, 8.274040484978912),(21.54878770497276, 16.621390157332318, 16.188807586304932),(21.610821362884796, 17.553925427113725, 15.833097316703716),(23.114609164065737, 21.117639408560432, 3.391603813245704),(12.59926541678529, 0.37790145235021955, -3.7083232055381314),(10.795179357200702, -6.462718048611169, -3.0837843719053817),(11.14546391224091, -25.768804073151127, -1.4486955114820133),(28.5, -27.5, 15.5),true,true
113:(-24.75, -2.75, 14.25),(-24.754552550180758, -3.244394445154883, 14.17547881585182),(-19.704560836211083, -3.250575896964773, 14.482135380501749),(-14.451862864512192, -6.7470805912966485, 16.46118793436969),(-13.548324981271742, -7.175587389244367, 16.460084457155958),(-8.682692177340792, -6.37910288118109, 14.885428497551828),(-3.819737468131197, -8.03091981034227, 12.585275791387126),(-8.77875563113847, -15.254451797203444, 10.523119639744776),(-8.75, -23.75, 14.75),false,true
114:(-21.75, 9.75, 5.75),(-21.838161538862515, 9.2610221968342, 5.694069229608915),(-22.070209079363426, 8.49700094063346, 4.676982252169928),(-24.88884301624184, 3.959585913960776, 11.32542907283727),(-24.839922906756556, 15.505043202848686, 8.266317580045541),(-26.5, 26.5, 8.5),false,true
115:(1.25, -21.75, 18.25),(1.0393070159179203, -21.336828439744856, 18.063190663362565),(0.9437698732263679, -20.46053094191877, 17.276375922059387),(-2.976408975173495, -19.11208115242787, 18.479733190493185),(-9.895494942564524, -18.645830480798036, 17.526391862816002),(-11.25, -21.75, 18.75),false,true
116:(-13.25, 20.75, 15.75),(-17.769397332451486, 22.088988811159687, 7.6885603638022255),(-17.09205973573221, 21.385290970476817, -1.7475851481438553),(8.891587193993127, 22.309505566677828, -2.623784233742517),(11.69333706058604, 21.49893467269285, -3.250162021125206),(19.5, 26.5, 8.5),true,true
117:(1.25, -23.75, 12.25),(1.4424507986373627, -23.328881581614834, 12.061262171781546),(-11.880218522981535, -16.21268793482818, 11.74292448747293),(-8.283784651804611, -9.829483685803272, 17.55831511991385),(-7.36628733765185, -7.0430082382002155, 18.18581273618647),(-9.25, 2.75, 15.75),true,true
118:(-18.75, -1.25, 10.75),(-18.79542990990751, -1.567816610945759, 11.133312829282751),(-19.440095369665514, -2.510982212397624, 12.03416917003491),(-18.073737770827233, 0.1409088589684187, 10.611792733747421),(-16.703621385853918, 0.40922368657835134, 10.83393674226719),(-15.76136455427604, 6.404687401001739, 13.249909861016885),(-16.977518027353312, 11.718750665583912, 14.451370589887656),(-20.889746108506905, 17.42190426022335, 18.231359785735698),(-12.25, 27.25, 8.25),true,true
119:(-7.25, -26.75, 11.75),(-7.7472504698302656, -26.77405979645416, 11.703490899297403),(-7.679116380157931, -26.00913598829465, 11.126967099110706),(-7.041920500231758, -24.931621702033453, 11.124583129017987),(-7.513214993976034, -17.469051756199846, 18.972527632057094),(-8.531907093865204, -3.0478315366883857, 19.139163323125583),(-13.5, -2.5, 19.5),true,true
120:(1.25, 22.75, 17.75),(1.1203624760277555, 22.353603654712686, 17.474202882862773),(1.736023690012629, 22.684174706986582, 17.847200841283428),(5.735530568538936, 22.98620669826246, 20.028427989939555),(11.394401750151268, 24.649104387080623, 20.843886586979117),(18.33541127476356, 23.791695201744258, 21.13924445151349),(24.5, 26.5, 13.5),true,true
121:(21.5, -8.5, 14.5),(23.20913392406967, -13.062686598116374, 13.57016692670457),(26.524641434716294, -14.8457335417561, 1.5249427413243062),(29.0, -2.328919761061983, -5.926915707325236),(27.340236767528886, 11.530392186319064, -4.397477947885416),(20.020971788090574, 26.126931870986294, 17.59170516892945),(17.25, 20.25, 19.25),true,true
122:(-12.75, -7.25, 18.75),(-12.874830910128642, -7.005673189324033, 18.33200280687382),(-7.638656537861846, -6.481465291294856, 16.581442767859777),(-3.3544327094419453, -11.305239319750658, 16.718303487793914),(-1.464343193400035, -13.638517940451418, 17.008298283078883),(2.3620864459003696, -14.189588530447924, 16.951217383963044),(4.458361153036516, -13.724078184269242, 17.684064297945906),(17.33864801398162, -13.808617407934383, 16.272781860863848),(17.25, -12.75, 13.75),false,true
123:(-18.75, 5.25, 7.25),(-15.812969372386855, 3.5537415815336617, 10.37897211130738),(-12.42117886977967, -0.6827629586336887, 17.057763281423956),(-8.320854843603795, -6.792200939274993, 18.388261654573732),(-7.924856902672612, -11.570151252939022, 16.626072586836543),(-10.560676034385242, -17.02856532458501, 11.15476768131864),(-13.743446254137831, -19.35559405496212, 7.026035094968596),(-18.085735234493306, -21.624724429750817, 5.5299043731334585),(-25.0, -17.0, 5.0),false,true
124:(9.75, 24.25, 16.25),(9.475932543936628, 23.844701964577432, 16.353055965424414),(2.165577867043247, 24.23114374685939, 19.159616458982374),(-2.25, 21.75, 16.75),true,true
125:(8.75, 22.25, 6.75),(8.297427464697124, 22.31107114617017, 6.9535888390727445),(6.810630009389822, 22.946229944393004, 6.528824074330864),(4.395993693220169, 24.885696969828835, 20.55605499886177),(4.551773938778547, 23.79721831935874, 21.077323366258806),(18.507795497166267, 25.37336741844504, 21.90979681245947),(23.364903044257062, 25.202282160094768, 16.87201594084855),(26.25, 27.25, 6.25),true,true
126:(-22.75, 9.25, 15.25),(-22.80750785825648, 8.769653058637406, 15.123668443521213),(-22.639523042269143, 7.787243725652458, 15.205234392677532),(-19.89892575752045, 5.9127933203121446, 12.394083832864375),(-17.34910187159728, 5.477568860573784, 10.874551727109079),(-18.5, 3.5, 7.5),true,true
127:(5.25, 23.25, 10.75),(5.695810167954824, 23.255549761095274, 10.97632387037137),(5.766458414151394, 22.78719230111833, 11.136480403155065),(12.875749640516247, 27.5, 9.766495215868906),(17.369037168432456, 23.339524644904106, 1.342696901247491),(-1.4961326976368134, 22.401152491754065, 2.6291893228428522),(-9.376226070503506, 24.62517195340276, -0.5549304011760055),(-12.5, 26.5, 5.5),true,true
128:(-20.75, -12.25, 14.25),(-20.543006602392015, -12.335985966270497, 13.803054648809017),(-19.41604764887108, -12.572588426394658, 12.16403578359034),(-21.29205782637816, -18.586228018108223, 7.794871074815857),(-20.308942460939285, -19.069860623348294, 0.8811467759023772),(-18.460476405248397, -19.464031850659783, -6.051730918577854),(-19.731527821022677, -8.926146827666491, -4.180646920697911),(-24.364377451816225, 12.979165733421652, -9.609502957689164),(-21.89894592172806, 17.281497910544836, 7.2042790943116914),(-15.5, 22.5, 13.5),true,true
129:(-16.25, 27.25, 9.75),(-19.14673370721436, 14.407398968865692, 23.890744148923883),(-15.75, 5.75, 15.25),true,true
130:(-1.25, 23.25, 8.75),(-2.8805428577580767, 25.61592375721445, 15.179143277786489),(-9.811733406430099, 25.931648730412526, 14.252366433395828),(-26.5, 22.5, 10.5),true,true
131:(7.75, -10.25, 19.25),(7.457964614425628, -10.379832043302075, 18.865475652130538),(7.3111338197337306, -11.277854885479536, 18.14079030641074),(12.309584596564376, -19.301364020985, 17.38031614445523),(16.225525254850815, -20.498209767343482, 9.511335233357144),(18.989631656599407, -21.45970190915823, 6.849246973316493),(21.793180404103524, -21.632939332593477, 0.43753088357190517),(25.547011011521853, -12.60963764745775, 10.80523228085884),(22.5, -5.5, 8.5),true,true
132:(-7.75, 21.25, 12.25),(-7.982179918177569, 21.219911175551243, 11.808200103849776),(-8.96518183122358, 21.332652809862644, 11.66329819619954),(-17.565587509114962, 21.21116388678134, 13.195647375583688),(-17.03884859614656, 11.294798435136965, 16.029352570924484),(-8.488391343951589, -10.976728660252956, 19.81706241350691),(-7.820748320917739, -12.286951882818922, 19.86872547217911),(-7.25, -14.25, 15.25),false,true
133:(-16.75, -4.75, 19.25),(-16.631525093517247, -5.230940979832129, 19.318260313887457),(-13.91298120012326, -6.445430452735835, 20.262192834979718),(-11.167909444195073, -5.281632311828696, 20.54038419101023),(-16.222822409614587, 8.654004929686469, 11.998706217336501),(-16.526307109977573, 2.9495474605883167, 7.953083642268991),(-17.0290634164003, 2.34201259994255, 5.846771133442894),(-23.0, 7.0, 7.0),false,true
134:(11.75, -25.75, 18.75),(12.055955724153113, -25.74788374823016, 18.354542522720344),(11.87170544356479, -23.6046230347367, 15.24630422314488),(10.193133436898206, -22.488917217842168, 13.61442608721821),(4.61765846714743, -20.405930222653904, 13.886865070565655),(1.6246677706017532, -20.473707781834893, 13.69344094367737),(1.75, -20.75, 14.25),true,true
135:(-12.25, -22.25, 6.75),(-19.87942726416499, -23.651835900242926, -6.466468308171763),(-10.441412361653096, -18.48740256470844, -7.347246417385464),(6.409393711633855, -22.659382858541573, -13.674782720282023),(17.18992748177003, -25.773353119592645, 2.029837601047075),(9.5, -26.5, 13.5),true,true
136:(-22.75, -3.25, 11.75),(-22.7748238845976, -2.9513090910491444, 11.349790660199444),(-23.213526559206056, -2.650029774007864, 12.40205740302027),(-24.640025751537603, -10.15703398341863, 13.488641689873361),(-26.6474014484256, -8.573441406778956, 6.243879872202218),(-21.98189419320576, -18.269220532943713, 12.030127587450432),(-16.085786426525228, -24.291874763712777, 18.078004837289143),(-10.670716466400545, -19.874462191638894, 17.673673914604688),(-7.5, -20.5, 16.5),true,true
137:(-19.75, -13.75, 16.75),(-16.999496248675122, -9.939763740574769, 14.206285998180574),(-18.42576059303785, -9.915960021778508, 23.05660220380065),(-8.957158176438128, 0.034238600900460575, 23.98680564471937),(-10.482315425579893, 3.2471598289854975, 23.34972750086576),(-17.5, 10.5, 16.5),true,true
138:(-23.75, -8.75, 19.25),(-23.806791788160652, -8.373390836043779, 18.926055204669513),(-23.054903115325036, -7.197782405126482, 19.137532247537184),(-22.214859301992735, -6.717550752767222, 18.88513582966557),(-11.803583742241154, -6.544600009214247, 19.34123248345361),(-12.16967420053211, 3.312835444233132, 21.641892090118404),(-19.6967904334879, 14.812162533451888, 21.436172482035143),(-18.99541160873072, 13.898151869029403, 14.531633956579281),(-14.25, 27.25, 12.75),true,true
139:(-11.5, -19.5, 12.5),(-17.965513947010813, -19.733108175023098, 2.0718090355646144),(-20.21353427048835, -19.851010639612813, -0.5742272653054863),(-22.42632718694965, -5.749766604897363, -2.4605674392132473),(-21.722021908910868, 2.001074937642255, -6.0757164069155065),(-26.43344218118183, 14.613296531723524, -8.282289909986256),(-23.767996969033753, 24.07967051939215, -10.902775103144993),(-15.19635825754035, 20.993591253023357, 8.073822060287062),(-15.5, 18.5, 10.5),true,true
140:(-7.75, 12.25, 18.25),(-8.165270008252616, 12.525391332552855, 18.29135739596051),(-10.292880829068988, 13.478465910200772, 18.628330274453745),(-14.670609477655113, 16.687056354508144, 16.799863092089115),(-16.768490704908825, 17.653255637894226, 12.628367509447454),(-14.990558390653106, 24.463886846631105, 11.23697437824407),(-12.37807902358738, 23.885340513530323, -4.612086943614894),(-3.412525241686305, 9.173978934189893, -11.24990317954188),(7.268794231690111, 8.387070041246062, 1.5047723604490262),(20.463489151668306, 18.11925465335113, -6.94614235818103),(27.5, 26.5, 13.5),true,true
141:(17.25, -14.75, 8.25),(17.23103757544527, -14.541182268011633, 7.7960885755323615),(16.314133561180842, -13.354145876611678, 6.990707398979913),(22.363230478910793, -9.782599933037183, 14.006668695294572),(24.246393243459888, -14.615445259687359, 8.429935001398304),(25.184097613559864, -15.68391929119949, -3.0039558309100967),(25.060234456680618, 0.8518837993050389, -0.4201370673254353),(25.74737941396095, 17.64035297525762, 2.3103508185451904),(25.305982805111913, 18.59211131530013, 5.306778131094351),(23.5, 15.5, 13.5),false,true
142:(-17.75, -12.75, 11.75),(-17.828776049321508, -11.591215907222967, 11.34166646639973),(-22.260292577756474, -15.112975134241228, 6.924908836961893),(-21.193740982343325, -22.0201755073614, 7.316125784307244),(-11.25, -21.25, 7.75),true,true
143:(14.25, -23.75, 13.25),(13.988910746828825, -23.35319283640834, 13.093870320563775),(16.78102397178396, -25.41532534230832, 6.939642707538612),(20.601732786646707, -22.39652229293724, 10.637800026123305),(28.5, -11.5, 19.5),true,true
144:(14.25, 18.25, 12.25),(13.999634912292635, 17.837732765455346, 12.381730976532422),(15.01446188859886, 22.750707487158152, 16.505826714520147),(22.06243226238331, 23.62188233630837, 4.996539342942389),(20.330470519213026, 17.905455808574366, 1.3465014974929082),(5.486767269636026, 12.397700580993376, -1.5676828295305878),(3.7305208135121, 12.393940064179782, -1.2537298907161971),(-13.930254907747797, 16.287164613893307, 0.5908549581528013),(-21.355465509067365, 19.22683288553423, 0.75576567242768),(-25.0, 15.0, 17.0),true,true
145:(-25.5, -8.5, 19.5),(-11.431986408683901, -4.308440166418661, 21.236385111018443),(-13.413487387056193, 6.594509456343014, 17.26592546943413),(-25.0, 7.0, 19.0),true,true
146:(-22.75, 8.75, 15.75),(-22.280539282507736, 8.598384408216623, 15.831359369834239),(-20.92792959721554, 6.74465706609792, 15.503698078285096),(-16.773683895387602, 5.938089313616214, 14.269418556604679),(-17.419799073143324, 19.321119775680806, 18.595279138734593),(-19.61757686444423, 21.06408763644136, 19.65915686498902),(-11.950829809982064, 25.061448137144893, 11.502207818305335),(-10.75, 27.25, 5.25),false,true
147:(-2.75, -21.25, 8.25),(-2.719555873388205, -21.130533612207426, 7.765437375210759),(-12.930873657811057, -19.711272925663565, 13.300938315138103),(-19.369148804574916, -24.021708813567557, 12.463423648594468),(-26.5, -12.5, 8.5),true,true
148:(0.25, -13.25, 12.25),(0.24484137401392023, -12.84437010707822, 11.957702585460972),(-3.0634769931188877, -12.41198391051246, 11.302798766165996),(-3.4533926932902155, -10.429710841593488, 13.88168080657189),(-10.316657148392377, -3.231254458764611, 19.131691801654366),(-18.534623972702125, 15.812115436409066, 23.479505387661195),(-12.75, 20.75, 19.25),false,true
149:(22.5, -17.5, 17.5),(23.42993901743957, -23.20539181528508, 8.2361303230924),(16.12882680890232, -25.97018309491124, -4.270592729214234),(8.787775377572935, -20.848109838265465, -3.2939741283343182),(-2.967962141058016, -25.719265426132573, -7.243787118669896),(-19.046573821531005, -23.813320295391062, 5.022891393215319),(-14.195033076446649, -25.03211556391413, 10.611056457490525),(-8.75, -14.25, 13.75),true,true
150:(6.75, 26.25, 9.25),(6.7510345588298035, 25.845691695352162, 8.955833848852697),(6.496087834906088, 23.749831729541086, 9.16535540480516),(13.39029385791071, 26.37715720143834, 11.674953933451974),(24.518735797757294, 20.57124363179352, 4.473475809946181),(7.216047856777582, 20.798447210485065, -1.6960345103630088),(0.8916412485705304, 20.35844079136147, -3.136002479812098),(-14.52841951893619, 20.396543357453787, -7.470492024017194),(-22.062726801878796, 19.162613698669013, -2.7921596150896777),(-16.5, 26.5, 10.5),true,true
151:(-21.75, -15.25, 11.75),(-21.828626313846932, -15.663149456252002, 11.479582860067048),(-23.285664385113737, -18.24914754719158, 11.915075606890651),(-15.545360289029155, -23.88611328889525, 9.656489268898847),(-7.75, -19.25, 13.75),true,true
152:(-26.5, -22.5, 5.5),(-11.584191986638693, -18.21977126423998, 17.158829764401833),(-8.75, -12.75, 12.25),false,true
153:(-20.75, 3.25, 10.75),(-20.46167983117065, 3.4202934791240778, 10.378689333288106),(-18.572739933180664, 4.389329448652021, 8.756640448340075),(-17.877213905708782, 5.110775222268645, 12.169259946243022),(-17.51367310997509, 10.616469624205498, 17.57277014420682),(-15.880150754440756, 20.78356606003725, 14.69763685222678),(-2.75, 27.25, 19.75),false,true
154:(-2.75, -11.75, 9.75),(-2.9993958153543345, -11.68985792326951, 9.320832599222296),(-3.0963430698974457, -11.313670285706705, 9.0060563434763),(-3.4540424662519746, -11.1900248648225, 7.226048994534727),(-5.90333545338206, -8.010703005094436, 15.728765695367438),(-14.73033873474669, 3.3127154253789244, 19.063951442091863),(-18.9800213588414, 15.073882954679524, 16.218575100488184),(-19.545503427716373, 16.45213546802444, 10.462882352618394),(-11.5, 21.5, 8.5),false,true
155:(-15.25, -14.75, 15.75),(-15.042566689324547, -14.393374116986784, 16.032470177518377),(-15.10967128175326, -13.909165450419186, 15.927403813272704),(-12.87749515907759, -16.536271442952955, 15.325199915383141),(-6.75, -24.25, 11.25),false,true
156:(-10.75, -24.25, 15.75),(-10.482196445534159, -23.83712731193299, 15.838416059987878),(-10.093164128181096, -23.41011623766197, 15.127628696091723),(-9.948428667798932, -22.482024072949965, 12.573474650924956),(-17.573031018991465, -25.634671849042864, 16.477276827864383),(-26.5, -17.5, 16.5),false,true
157:(-10.25, -21.25, 11.25),(-18.087544975874458, -22.354579541956333, 3.5187516622269754),(-21.03306656554564, -17.65110339168398, -0.7475364982938419),(-20.022001675680933, -12.414209667728581, -4.55868981514669),(-9.04359090455884, -3.616190769452658, -5.365770677579363),(-9.934671172029791, 0.29532215227199293, -3.3279721470001746),(-24.80583603945748, 12.876249524791774, 0.3971242811903277),(-26.5, 4.5, 7.5),true,true
158:(13.75, 10.25, 5.75),(14.013416097264376, 9.830206456178027, 5.6837780982801425),(13.505783603289265, 9.383154439169772, 4.98166548098458),(10.488904779896181, 12.660403433180685, 5.708210327767656),(6.150231473277597, 11.536672388084511, 4.6163978325369905),(4.864690452706025, 9.496820472856529, 4.554166453392539),(2.654565883403106, 7.756943267420467, 4.840246258058043),(2.1675809828689516, 5.472617226013169, 9.427063442762245),(1.6145611916775022, 4.716726955114911, 9.777490338008493),(1.2776263411235877, 4.395006812942912, 9.959069677700649),(0.7469294269931048, 3.737867527050279, 10.319641234159219),(-0.25, 3.75, 11.25),false,true
159:(-20.25, 13.25, 10.75),(-18.50193272410559, 14.684695513411214, 13.86716637134564),(-15.530153144239486, 7.0882620035950605, 15.27954628394545),(-12.700320797158515, -0.3653580828812335, 18.084678234447477),(-9.710478835167619, -13.635197225875677, 18.40146904061228),(-10.75, -14.75, 13.75),true,true
160:(-7.75, 22.75, 15.25),(-7.810642097235272, 22.25437017520681, 15.275954052060857),(-8.678287732393539, 22.275474392454377, 15.772689055664564),(-12.560701894290156, 25.25811353031425, 14.648764262824463),(-16.659225988994585, 22.879436908119814, 15.402738043080394),(-21.25, 27.25, 15.25),false,true
161:(-15.25, 16.25, 10.25),(-15.375529271474175, 15.796506338989001, 10.080926343193259),(-15.874827510221449, 19.527901703588256, 13.43599379304348),(-17.75, 27.25, 12.75),true,true
162:(4.5, -27.5, 12.5),(9.503135372451286, -27.707716302680495, 17.39136896814455),(11.92296453995029, -23.466970489995642, 14.178180142700537),(8.185027092233986, -14.018209783987489, 21.76620920917015),(7.39044136790233, -13.413594671478869, 21.71076471066466),(13.5, -4.5, 15.5),true,true
163:(18.75, 11.25, 14.25),(19.078338626255636, 11.529552683105697, 14.503069247197217),(18.352342529252347, 10.842354964047368, 11.720823918420649),(19.791262329324976, 13.167001467852684, 10.48570107379965),(20.119125456734434, 14.014438625980002, 10.903260689555752),(26.110292320630478, 14.907729871040553, 17.69559888694746),(21.670582566428127, 21.366020154630835, 4.749547796076047),(15.908430226061485, 20.205069549459882, -1.0248609400478945),(-6.506702513548198, 16.990564339628897, -6.391950970112013),(-20.66914487547815, 19.415149669626707, 1.512736596668856),(-22.171885904984023, 18.39672781055717, 11.173702703810639),(-17.75, 18.25, 9.25),false,true
164:(20.25, 15.75, 11.25),(20.009666793600406, 15.941787381625005, 11.644281054770724),(21.196828978379852, 16.969213224559194, 14.20065389226933),(21.007860822665997, 21.521344918535732, 19.515010680895813),(23.807364617658887, 18.38559172021217, 13.777598773985897),(28.5, 24.5, 11.5),true,true
165:(-14.5, 23.5, 14.5),(-14.562639308076688, 23.289451062758157, 14.050839157862125),(-14.812722133544716, 22.596832419000553, 13.601879786859712),(-14.013092439443607, 21.102090183975193, 13.367492318164093),(-12.416391717075355, 13.261458435242774, 20.145530450249993),(-10.018134329130909, -0.43626138531272657, 19.596130381397742),(-8.122917909685233, -11.920850943650386, 19.73728140081027),(-8.75, -13.75, 14.25),true,true
166:(-24.25, -4.25, 9.75),(-24.263785988706733, -3.8305205348403812, 10.021747906753259),(-23.714730853694327, -4.595391490991039, 18.490402354415913),(-11.254796519803913, -5.241982771768534, 23.13072971593799),(-13.170590299808959, 7.00123312713797, 22.535479326781342),(-19.75, 6.25, 14.75),true,true
167:(24.25, 1.25, 17.25),(23.891623950732505, 1.1393329903758582, 16.919365125414345),(24.260921204492277, -3.1900940616005027, 17.996557692378538),(21.24332680605572, -10.843363768384064, 14.733452602524736),(29.0, -14.10471820731349, -3.966169822229822),(11.489021373260945, -5.092440011897116, -11.526633496540647),(7.612751116123153, 1.0875709079972529, -10.1413981834442),(8.285444330268458, 20.15541274902622, -1.5718264512102589),(28.25, 27.25, 8.75),true,true
168:(8.75, -5.25, 17.75),(9.095510218266305, -4.9160727207863975, 17.88825795192527),(9.461381260562712, -3.553632350665719, 16.355177778938835),(2.571078251091759, 6.135588366221747, 17.066776560791514),(-3.3862298660170853, 15.661478908838173, 18.594561479856775),(-11.52697540335264, 13.558131518606542, 18.517729862383643),(-16.199020966927993, 18.065328920064466, 15.899111555687004),(-18.4363061915184, 8.66845897003177, 22.384075457150267),(-20.5, 6.5, 19.5),true,true
169:(17.75, 21.75, 8.25),(17.47543043254479, 21.76504247772563, 7.832405368220169),(19.29631495877901, 23.69087902519771, 9.93579318357972),(24.159778134178953, 17.810023422500556, 20.53666752459344),(20.5, 17.5, 18.5),true,true
170:(1.25, 24.25, 12.25),(1.087858290900807, 23.795066641953955, 12.120594799535176),(-0.8141108649645621, 27.5, 13.658157866097834),(-17.195504953157517, 26.548191512404497, 1.547827153189513),(3.161485807755273, 21.399868652219613, 0.11204996940113521),(5.768265508233128, 27.36457505430315, 2.5351748576724606),(8.474322533118254, 26.963101941767594, 3.766464717121028),(10.353972360723406, 26.832389307277733, 6.100951969767451),(15.25, 27.25, 12.75),true,true
171:(27.75, 6.75, 19.75),(27.76140600192245, 6.328302107058546, 19.48159584539564),(28.563319670874364, 13.645253238751671, 20.641063345926305),(25.221768597614886, 16.07241556216129, 15.00242304804459),(17.986354101586127, 22.98862123372238, 12.136001148970449),(10.5, 26.5, 9.5),true,true
172:(-6.5, 26.5, 7.5),(-10.274669245511847, 25.931951669411728, 8.520476863401974),(-17.898681177325614, 16.698983330659836, 18.355573976543187),(-16.038264192583394, 9.934278896098835, 20.213165119841857),(-10.431077646114854, -2.688943829074196, 24.450929371672203),(-15.835115270429256, -7.016806586268866, 25.483393080420218),(-26.5, -5.5, 19.5),true,true
173:(11.25, -24.75, 7.25),(11.404875792474817, -24.35302498712497, 7.511580442805206),(8.191839657073508, -21.257852883025265, 13.710552374616128),(8.17117377615213, -19.268899153752276, 13.911554674214553),(10.31692061853818, -14.262766074562736, 14.91323353340173),(12.25, -18.25, 16.75),true,true
174:(3.75, -20.75, 17.75),(4.042876617365794, -20.39133962159276, 17.938642571974476),(1.8591420398915335, -21.38133653185587, 17.85338821935799),(-0.48871160866698365, -20.078732148572637, 9.675136481839012),(-11.901692017074339, -19.462144822943532, 10.021900073895976),(-12.75, -21.75, 5.25),true,true
175:(-17.75, 17.25, 5.25),(-17.796815868506034, 17.29499664918019, 5.745765646267045),(-17.39213827404443, 17.052210313537064, 6.627406638829069),(-26.5, 17.5, 17.5),false,true
176:(-8.25, 20.25, 9.25),(-7.841983633157433, 20.1045182021379, 9.000284780440994),(-10.258711389093996, 23.493367744078807, 9.677001127015043),(-12.915682887102495, 27.5, 4.883192665341958),(-14.502118983598734, 19.319847454622806, -1.108152076421809),(5.179514064509652, 12.243787809917563, -3.4726773369324935),(12.80047094895395, 10.470154985565042, -7.659884903073127),(25.5, 26.5, 6.5),true,true
177:(-8.75, 16.25, 19.75),(-8.512346906513503, 15.811350189993462, 19.78327688894001),(-8.818007153369727, 12.087652740895845, 18.82602408226289),(-14.70034337032797, 17.810458128728975, 16.409583229044966),(-13.8911888534493, 17.532582553355006, 24.32418398919392),(-10.031757877287612, 4.880297101337423, 19.983817024813693),(-17.25, 5.75, 14.75),false,true
178:(-24.25, -11.75, 16.25),(-24.286548764726966, -12.027324136358589, 15.835566035187878),(-24.288080052633177, -14.073263464780128, 18.147629253255044),(-19.069113092800023, -20.49580359388613, 21.181975211230316),(-9.75, -21.75, 16.25),true,true
179:(-10.25, 27.25, 16.75),(-17.53703763417653, 14.133676716735213, 22.262587505517416),(-12.431388397987472, 3.47302505326337, 22.65919192410056),(-5.75, -0.75, 14.75),true,true
180:(18.25, -12.75, 9.25),(23.57717054520414, -6.180501907282214, 18.217537731586287),(24.32052321303543, 0.4184485305798544, 20.431421181514967),(26.25, -2.25, 19.75),true,true
181:(23.75, 16.25, 6.25),(23.757171396939835, 15.751028030463488, 6.281233710679086),(24.180435312134847, 17.009399562219556, 5.762108877957263),(21.343761347374993, 20.127294836400186, 6.897414939612534),(18.25, 27.25, 19.75),true,true
182:(-2.5, 14.5, 12.5),(-6.177493899612599, 14.608552164963985, 19.988453142973505),(-13.058822259416287, 7.944325017809875, 24.611814464573705),(-8.51517196763074, -11.515527339754364, 18.96583655178044),(-8.25, -15.25, 16.25),false,true
183:(-5.25, -21.25, 18.75),(-5.533318938675607, -21.35389079779395, 18.35133086259222),(-7.992389764289395, -17.72106727730691, 14.741439348426505),(-8.44153207706988, -14.408822597620157, 13.507192808148742),(-7.30440786810029, -12.172955543871108, 11.861639086347221),(-7.25, -11.75, 10.75),false,true
184:(-23.5, 26.5, 12.5),(-17.7198664549436, 23.049149577067528, 9.761282572007097),(-4.75, 27.25, 14.75),true,true
185:(8.25, -19.75, 14.75),(8.190153825039813, -19.881766586225766, 15.739472587845182),(12.256945002557206, -19.855739121702882, 21.436887097037683),(12.339561647894033, -5.699432496340284, 22.51644077932461),(12.5, -10.5, 19.5),true,true
186:(-18.25, -4.25, 17.75),(-20.632395885074505, -5.3594379006851876, 19.497083730373785),(-26.985156640440238, -3.40165541103898, 23.038454796579092),(-26.680064328212556, 3.584760923764106, 23.349751243420656),(-23.95192065458982, 12.444065544824387, 23.596027381991224),(-17.972245719730147, 22.03430653818586, 8.511694866436187),(-16.75, 17.75, 9.25),true,true
187:(-24.25, 27.25, 18.75),(-22.6782018101663, 25.758352470098203, 17.796559580945534),(-8.727504505591977, 25.57402559295683, 10.376904669382723),(-1.5, 25.5, 18.5),true,true
188:(-14.25, 17.75, 10.75),(-14.307678373386217, 17.988077833699016, 10.314119109911086),(-16.573303810604884, 17.20963698258534, 12.56941397516875),(-17.649530162786068, 22.64015951583312, 0.67234326154301),(-13.13407349752298, 15.639469617410377, -7.739513692902419),(7.931736913255742, 12.038721821769617, -2.421816016562),(17.85706368528854, 13.819110738729684, -1.7365148594509345),(21.25, 27.25, 7.25),true,true
189:(-15.75, 27.25, 5.25),(-9.64176687712403, 24.50437013018616, 16.450026242981213),(-3.5, 26.5, 11.5),true,true
190:(18.25, -13.75, 15.75),(18.200366884205337, -13.360856087502492, 15.439994243307249),(23.00824789085318, -8.650430659333185, 15.024848269528462),(28.5, -13.5, 14.5),true,true
191:(12.75, 27.25, 14.75),(16.485029926257905, 25.071148209037393, 3.665119569439967),(16.916380793400105, 6.697140809233467, 0.475101317644119),(16.889760310443123, 6.005743677000286, 1.197085635636463),(14.211029705290837, -18.488767904376576, -0.4574939166957147),(19.676255045395965, -23.70067726132073, -3.6382770630682866),(22.681995811076714, -19.841433921913318, 4.255950716485797),(29.0, -11.31137819038776, 22.447476255762393),(28.5, -5.5, 9.5),true,true
192:(-5.75, -23.75, 16.75),(-6.7777860538349985, -21.89314056621329, 19.24534372769368),(-6.889396199394137, -18.850305865422648, 25.102325545131666),(5.5092557600392595, -21.167539145006472, 23.652012346869405),(6.442763854965599, -20.95587856233331, 23.362594941640463),(9.75, -16.75, 19.25),true,true
193:(-24.75, 2.25, 8.25),(-24.641024639814187, 2.625234939319073, 8.561966522541416),(-25.914935627837032, 13.003183686380549, 22.800756326685743),(-22.38771017620425, 18.917978586621434, 21.54621182710099),(-11.75, 27.25, 19.25),true,true
194:(-12.25, -5.25, 18.25),(-11.992133870829797, -5.107900526176357, 17.845880217057097),(-11.725204392463496, -4.861006359876374, 17.50267193594178),(-16.410497642702293, 13.50889220604755, 20.487676375841144),(-18.433701309137106, 19.32472862177069, 17.158608381691224),(-23.5, 15.5, 8.5),true,true
195:(-8.25, -21.25, 11.25),(-8.156771676792511, -21.06315384199823, 10.795690641751793),(-8.302026005572339, -20.69342466127896, 10.49204362152044),(-19.070848454450132, -20.452745763501404, 16.78096146313307),(-22.739262298981203, -18.03909224931123, 22.23229309665989),(-26.5, -8.5, 18.5),true,true
196:(-2.25, 24.75, 8.75),(-3.3276400063838447, 23.67827504436406, 10.857331811736044),(-4.017155747957214, 21.974010005877116, 11.129452911696465),(-4.203180106458277, 18.56433825334466, 9.969287535756004),(-4.542519453967586, 16.223121036868495, 10.797682420036672),(-5.800296453155031, 13.797544462519973, 22.451052938107363),(-6.710483487872835, 14.210831649881971, 22.47849856788735),(-12.000393554373302, 11.421435840382996, 22.34999174897372),(-8.794567842741696, -2.02512197463291, 21.199649913208514),(-15.446632663546264, -6.348282133212766, 21.552198322483925),(-19.75, -3.25, 17.75),false,true
197:(-9.25, -23.25, 10.25),(-10.734291509561562, -20.332696649368053, 13.96330259234519),(-7.36226525559508, -6.586697892736455, 18.40103762330833),(-12.25, 3.75, 17.75),true,true
198:(0.25, 24.75, 9.25),(0.7307723626659672, 24.734769608686975, 9.386476996146001),(-7.4791505577276265, 25.253121710282134, 15.216303348936906),(-15.33169135875858, 24.642267186744785, -3.0363076507704942),(-10.59342345578381, 23.469742197080958, -8.053677721659518),(6.582316069224486, 20.482478194758652, -7.494623238138719),(20.264474391604175, 22.723817739605426, 6.143716965347996),(19.417941163565335, 22.06199668889713, 11.648871146346185),(12.25, 27.25, 18.25),true,true
Total path: 199, feasible path: 151 (0.7587939698492462%)
