ID TP TN FP FN acc pre rec
all:    122012 335964 58784 18540 0.8555501587894638 0.6748600632757362 0.8680915248448973
bottom: 46624 96672 20620 7784 0.8345719277810134 0.6933555410148118 0.8569328039994119
top:    46555 182804 27999 5242 0.8734158415841584 0.6244467097674169 0.8987972276386663
=== path ===
0:(-19.75, -20.75, 8.25),(-19.81525520309396, -20.3611914904161, 8.55752187132676),(-25.126050836189776, -24.87191684830019, 9.711043119869878),(-19.51563029240635, -24.475623902476425, 5.415247839925453),(-9.5, -28.5, 12.5),true,true
1:(-13.0, -25.0, 11.0),(-19.533410882919668, -27.41947242903609, 10.321254539550326),(-16.716124535772227, -22.140974619575594, -0.527325635932959),(-2.6818277707223257, -16.858116411559553, -8.716021926306494),(16.75734416840872, -26.505328154852485, -3.5876672343018523),(17.5, -23.5, 5.5),true,true
2:(-10.25, -18.25, 5.75),(-9.94977772552864, -17.95205155952851, 5.483366707382873),(-5.700376507812891, -20.369917030260357, 13.602051312435222),(0.580856353467004, -19.397993331087665, 10.04655798494333),(2.3944315227104216, -21.496923634706064, 8.904000902756145),(6.014451139096214, -25.45339422290836, 10.310890198850965),(10.397551226378372, -26.34314086353972, 4.4051869158484545),(17.5, -28.5, 5.5),true,true
3:(-15.75, -16.25, 8.75),(-15.986802070930805, -16.41920961231676, 8.34343772149584),(-15.114609712480997, -16.807338408242046, 9.284465229200872),(-14.235749746483883, -18.49136245704714, 9.424629850400672),(-13.778210782252051, -25.474844815660795, 8.887659014109392),(-14.735606419905363, -27.47498184358719, 1.0704389679377888),(2.234325890262528, -26.008437059028434, -6.0518298216421265),(21.5, -28.5, 5.5),true,true
4:(23.75, -14.75, 10.25),(23.772529955680234, -14.482184023006617, 9.82837575548348),(23.76592260645008, -16.36735481761592, 8.240057611812823),(19.878627886494538, -20.1691558512801, 1.12721995552773),(21.993739370147072, -15.128811259384932, -3.2455628891461643),(20.696518252428543, -1.5627307013148908, -4.8237930106958995),(16.592876799532707, 15.672612810545132, -7.8412727162812965),(15.094213369527555, 22.65867699777643, -8.641819111340533),(15.023870857970817, 22.542029571969607, 2.4469172046939063),(15.25, 19.75, 6.75),true,true
5:(-28.25, 5.25, 12.75),(-24.278550276656347, 17.793194283846297, 14.905522238089896),(-18.775152616369443, 24.54220186608563, 12.149785180017233),(-9.73550912161888, 23.54939760195973, 11.966847701159264),(-3.25, 18.75, 10.75),true,true
6:(-24.75, 26.25, 7.75),(-24.258894120345293, 25.56597638864278, 7.74966816725339),(-16.5, 20.5, 12.5),true,true
7:(-8.25, 23.75, 5.25),(-21.56009162806238, 24.818251711199743, -2.5088600005457184),(-24.7704141372699, 13.35048009107135, 5.293571249700939),(-27.5, 7.5, 8.5),true,true
8:(-5.75, -24.75, 6.25),(-5.432847455363074, -24.48409772803768, 6.530553462276975),(-4.662986796853241, -23.53522289830923, 6.930383553925681),(-2.1340233607453487, -20.84935960954502, 7.785888442027414),(-1.62218065341225, -19.994075250521327, 7.705230471811479),(0.37785514221358285, -19.65057687724831, 7.821179784572285),(-14.57621884810638, -20.91050988364816, 17.489578663961677),(-14.53528866164708, -24.637225696030768, 7.868096456020934),(-26.733619700652753, -25.38816859820774, 19.531691118532468),(-28.25, -11.75, 13.25),true,true
9:(14.25, 12.75, 8.25),(13.864741512089937, 12.649349906414574, 7.947600502390469),(13.147737567976517, 12.400484429591824, 7.431724925807237),(12.489447222708282, 12.78664702485873, 6.78555755480855),(10.730840807307223, 11.45304110740223, 4.384720433869888),(4.650485134399403, 12.93429584593413, 4.600890641577057),(1.9508064336083817, 11.356661711175871, 7.408786196509651),(-8.632385207010968, 23.399353930672206, 9.540651125213634),(-7.75, 22.25, 6.25),false,true
10:(16.75, -19.25, 5.25),(17.095448888770868, -19.06669376730417, 5.561550782861855),(18.52112265273373, -18.375140911305216, 8.719389164759773),(18.98575728077838, -19.41014034001872, 11.496598347551831),(19.620634125709497, -20.175884846367747, 11.393803684428716),(22.1274681521941, -24.940311475901044, 15.867730601070624),(13.271257055373598, -24.59324589002872, -4.1727580154907),(11.751701732169526, 1.6211336645416594, -6.802815745819212),(13.850136853759249, 18.950007566610804, -8.796696303585907),(26.5, 18.5, 5.5),true,true
11:(-18.75, -7.75, 12.75),(-18.35154702752039, -7.459183014526972, 12.668386828988554),(-15.456191232736863, 4.081984103064009, 19.81687383449649),(-15.75, 7.75, 11.25),false,true
12:(-0.25, -25.25, 8.25),(12.140176432052678, -27.675713601118815, 0.2353141041046074),(-7.949852455419248, -14.69417309943957, -5.810511851957169),(-21.594707700590632, -17.152388198302113, -3.8269211501351843),(-28.25, -24.25, 10.75),true,true
13:(16.25, 17.75, 5.75),(16.183015003334162, 17.461933766409086, 5.346848843129004),(15.328744676954864, 16.478938505408664, 5.916198837157482),(13.84303662233959, 13.80708754415334, 7.527608478056473),(11.416708459668625, 12.017675078401222, 6.511019510700754),(10.697924747652863, 11.463433686466727, 5.597255956986767),(8.073753274525082, 11.488496860077765, 5.195490672881718),(4.447176367927548, 9.156012807824906, 4.4670298945194),(2.322817610059059, 10.034306207414572, 2.5394146393129367),(-1.088808783040529, 16.146132542802256, 2.4595134505367438),(-7.0028396625483005, 19.80309423433564, 3.266278560643661),(-10.25, 17.75, 10.25),false,true
14:(-26.25, 9.25, 5.75),(-26.259098665200714, 8.755107670979083, 5.820702170884755),(-26.794721021710657, 11.465116340410638, 7.698470838106714),(-26.474985742566854, 10.330989548010873, 2.960583750543335),(-24.88685964977563, 9.057648489789894, -3.7369126520569953),(-21.993745385694496, -2.4476498319469977, -4.276307926720073),(-24.102112420404048, -18.618558787870576, 3.0056675237505166),(-26.060473574597424, -13.919688792855364, 13.388048329027932),(-22.75, -12.25, 12.75),true,true
15:(15.25, 15.25, 6.75),(14.970171065821294, 14.974172757143096, 6.440783086338462),(14.552318893446719, 14.025025849276538, 5.500573511135944),(10.774721963205428, 11.395940302646501, 6.636922548296438),(9.972283736090187, 11.015412332871934, 6.1772581534566875),(4.576145220196772, 12.23782814208022, 5.487537692867354),(4.324057193784731, 7.139731083830573, 2.9460029393942486),(-0.8786610915647304, 16.211659621991252, 2.88123200703956),(-14.75, 26.25, 7.75),false,true
16:(-23.25, 3.25, 5.75),(-23.22436881927373, 3.4870134835065736, 6.189508419954222),(-22.825001725023174, 3.242823873495559, 6.365227964662641),(-20.82203235023668, 6.995598571992477, 10.560749796350517),(-24.660607643334046, 12.108321914471116, 6.9040274734474405),(-25.317790059152287, 16.507327204291695, -1.7711639686415497),(-26.5937898587651, 6.210967378176416, -0.3609110803016058),(-24.542807404015413, -9.161289661675426, 2.6999030513932776),(-11.091314840018693, -26.563532436141735, -0.8491666226701122),(-16.517384230436768, -27.532316921888945, 3.4658336775087326),(-28.25, -24.75, 10.25),true,true
17:(-10.25, -26.75, 13.25),(-9.769253938742008, -26.88073656086451, 13.292322290087457),(-11.233641470291873, -26.92924725988543, 13.267885126379364),(-16.766516778044124, -25.96237822286283, 15.263520754379202),(-22.95094209351307, -19.829560754482465, 18.682399672116777),(-25.5, -14.5, 9.5),true,true
18:(-18.75, -7.25, 5.75),(-18.453491919485767, -7.45114150979358, 6.0987478332946665),(-17.863636845786132, -6.7304356731567045, 6.462964923871617),(-15.72762420346923, 0.1208830923993619, 14.317206654307707),(-20.67913452568694, 8.1793576616871, 9.124779293528977),(-28.25, 12.75, 10.25),false,true
19:(-23.75, 11.75, 5.25),(-23.31022307769647, 11.884657799992645, 5.053878773432414),(-21.803286018467055, 8.883327164142361, 9.938946764693206),(-13.482765111452697, 1.2905802379832143, 11.816630763262667),(-12.972162109773384, -0.41701012571235063, 9.403454490279254),(-19.476411878214048, -5.924251666706674, 12.916640482599618),(-19.75, -1.75, 13.25),false,true
20:(-20.5, 19.5, 7.5),(-23.718707256966166, 18.60216581411334, 2.5335391385423467),(-22.345323649571174, 6.699259629106516, 1.1011115920285357),(-23.038603268037203, -0.6051802303161579, -2.7306635893822575),(-23.819630599116678, -18.27129291609588, 1.3995154783027735),(-28.5, -14.463755260748378, 9.62386788195441),(-20.75, -8.75, 11.25),true,true
21:(11.25, -25.25, 7.25),(10.87215189079659, -24.98249697309385, 7.061127193679305),(10.725074664080044, -24.202917758638943, 7.084944114430668),(19.74835229384758, -26.735244479337204, 0.18590593823476853),(-4.997789572275526, -26.050820017118344, -6.084025424552128),(-26.5, -28.5, 8.5),true,true
22:(-12.25, -11.75, 9.75),(-11.842773960291607, -11.931653572125215, 9.523794490965477),(-11.77748839761198, -13.161049873764025, 9.520715416303787),(-14.297193236624341, -10.890545680768746, 11.767507899631198),(-16.52432450724665, -5.4635107200715955, 13.574197103844178),(-14.695487545112101, 2.8102969328027783, 16.496633818789714),(-20.676522665488516, 10.867178603733501, 23.396970088590077),(-25.55760660465791, 12.76337620193234, 22.695720741097606),(-20.51453871934446, 21.240303367672198, 17.163028962004415),(-5.75, 26.25, 5.25),false,true
23:(-20.75, -10.75, 12.25),(-20.351451387729885, -10.570314187128703, 12.007364445494183),(-19.05128044740451, -7.102102079282489, 9.268348825617561),(-15.33596499592855, -2.4122595088531553, 8.907083234032587),(-11.580258138065117, -2.347205597396973, 7.1212238945078274),(-10.5, -5.5, 5.5),true,true
24:(26.75, -2.75, 6.75),(26.123364013172246, -3.126476027639621, 7.1482967254702015),(24.799402851041968, -3.5927931617009303, 9.133918996230019),(24.370916787482383, -6.46971157339985, 22.921740830841962),(14.594477818066878, -13.385068279981482, 25.689201700057996),(-7.201454429550669, -15.448762316246661, 21.851088117484014),(-9.008439537641355, -16.40614633644412, 14.540512035790734),(-7.75, -18.75, 12.25),true,true
25:(-22.75, -7.75, 8.75),(-22.310918678638384, -7.522342449787367, 8.823345981911201),(-16.99049064149299, -8.395745475088994, 10.72330863903695),(-14.39604370426853, -9.61840149374579, 9.843560180687103),(-12.327505717740848, -7.77590017911929, 8.69189204103418),(-11.038536002451835, -5.399048483800504, 7.392225510139436),(-6.5, -6.5, 7.5),false,true
26:(15.25, -7.75, 10.25),(14.855830444337753, -7.974608512645172, 10.460193666499137),(11.506253962968787, -7.3071407424327575, 14.024118705836871),(13.760913617825302, -1.7684233374358707, 20.150920821519524),(20.063838336127134, 8.283539225949049, 18.805608752105666),(22.693418995255353, 20.555631657073764, 13.641896175298896),(19.937839458564895, 25.158224457914898, 9.283820896534376),(8.75, 26.25, 8.75),false,true
27:(17.75, -20.25, 9.25),(17.878521041100406, -19.913718989743007, 8.903016680321658),(17.416981902893973, -18.90464141660964, 7.657844991588887),(15.36212716438064, -16.92734089153873, 7.035486104456647),(12.926272468470515, -18.553541750793933, 7.685164998811568),(10.5, -28.5, 9.5),true,true
28:(-1.25, -27.75, 8.25),(-1.1391151724054216, -27.348874981984245, 7.972865962156974),(1.8652018732266522, -25.677609351936823, 4.06708923432812),(11.75, -24.25, 6.75),true,true
29:(12.25, -15.75, 5.75),(12.39334526894322, -16.229009349374444, 5.751475494313063),(13.031967494665631, -16.676917525683574, 5.125743987667616),(13.26731358411206, -16.720915362292352, 4.154828744942474),(12.417256222902514, -17.13782094641504, 3.832971297334399),(10.857847913135878, -15.113642284075693, 2.261046850561956),(9.826144301253706, -11.972848181802863, 8.65179509049396),(13.17500561139602, -4.449523439024212, 17.263064039665583),(14.98005712662585, 1.4815137837182393, 20.51338502224715),(22.1819224269155, 15.013248245676062, 18.077410332677086),(23.654912295814718, 17.36793038630036, 8.641614302075837),(19.5, 17.5, 10.5),false,true
30:(8.25, -26.25, 11.25),(8.484854784452994, -26.23369031913123, 10.808890915385438),(7.17269368220786, -25.42452972569918, 9.704054279853457),(6.517984498766348, -24.670983457239252, 9.644691779843201),(-6.5, -28.5, 11.5),true,true
31:(-2.25, -26.25, 5.25),(-1.8955277964508639, -25.939327239043376, 5.083171068124838),(-5.449011088763802, -24.127726989610686, 8.765904625952688),(-9.250767445286527, -19.110604565221685, 12.552243944257077),(-5.985752004243168, -14.089878190273215, 21.034418572532157),(-6.829390587901278, -5.010240051504454, 23.74404779000601),(-13.709723118858886, -5.456970527548968, 24.95295479437794),(-16.499768696755545, -6.547532814396516, 25.11518787289504),(-27.660900041292354, -7.0178053060625025, 20.83642290837492),(-28.25, -20.75, 13.25),true,true
32:(17.75, -17.75, 8.75),(17.50365746445547, -17.413000052142475, 8.474779378814894),(12.46795044870213, -18.50218010654178, 11.470988363980098),(15.37171227049431, -25.218499865197312, 7.363869045278779),(18.1470650829016, -24.124689505097763, 6.3295540949965705),(17.061870553891175, -20.705982534546862, -4.923798854720516),(5.338414521892057, -25.78938677224795, -12.413070467524227),(-10.200186420032423, -24.528758044253728, -13.226069501445041),(-20.500212372362327, -23.748324062285462, 6.020787924954037),(-9.75, -25.25, 10.75),true,true
33:(-23.25, 0.75, 10.25),(-22.87783950617019, 0.5360349152592109, 9.993649635568394),(-19.198857888043186, 5.115821156421532, 9.059694185960813),(-25.927410537233296, 14.997634006629513, 10.501765402873493),(-18.217137206674977, 22.14844683188545, 6.0480763168953064),(-15.5, 21.5, 12.5),true,true
34:(-18.25, 6.25, 5.75),(-17.79607076773992, 6.044137613501565, 5.7896097200815895),(-13.767308717720605, 3.0271563217444712, 11.203612274499246),(-12.81011554303221, 3.007619638497698, 10.91482248185126),(-17.022926409459238, -10.237092650507797, 10.423170949757152),(-24.11457971249236, -9.86824116684046, 10.484954099472176),(-25.43209353810024, -12.132269058655588, 8.475358187606425),(-25.52955176872843, -16.174212085250076, 2.7610604649595727),(-12.928243977284552, -9.113220678759578, 0.873888570866125),(-11.011200426948491, 8.115206347536233, -5.893971750343567),(-12.772441161313859, 19.47755683199083, -6.296629594682679),(-20.75, 26.25, 5.25),true,true
35:(5.5, -24.5, 9.5),(11.242272763869048, -27.205787180563345, 5.522509979299887),(8.338650082986495, -27.32155263556045, -7.115520968928987),(-2.7409294886812807, -21.856221910274883, -5.100892225675259),(-23.449307401222175, -22.105482507917785, 2.7552909751526036),(-28.25, -22.25, 10.75),true,true
36:(11.75, -16.25, 10.25),(11.664739157467507, -15.773813926984763, 10.123598209676539),(8.750434857789015, -12.082820410927066, 8.43580750326301),(12.835961326114909, -2.825749553877298, 18.89554402067458),(17.889755731391226, 6.321752822159587, 20.079501997568393),(21.302953828165588, 17.83440537988421, 17.477731769947642),(20.448514858488792, 19.296683200504027, 13.886028145481628),(26.5, 18.5, 9.5),false,true
37:(-15.75, -0.75, 6.25),(-15.762088256869712, -1.0663049827657831, 5.862953449927028),(-15.387294834131811, -1.3595130379357339, 5.709464275533965),(-14.8085557749241, -1.8496858148941027, 6.361224776083279),(-16.244595637190194, -2.4949910373474395, 11.635119780055534),(-16.472734769662097, 3.026577972437998, 15.931656548944172),(-18.216542402809782, 5.161649315062368, 14.748184833827992),(-28.25, 12.75, 6.75),false,true
38:(-4.25, -25.75, 6.25),(-4.6474675512434, -25.486242020872375, 6.39983749248798),(-2.1024783386206276, -25.391986785480178, 6.061661810905403),(18.69649650600082, -25.013123203957026, 7.1543467205263305),(12.256266771564146, -20.585902695012468, 13.742231915826117),(13.25, -19.25, 11.75),true,true
39:(-22.75, -10.75, 7.25),(-22.728554316922025, -10.319079565943367, 6.997319050599849),(-17.178872256369047, -10.029673285484616, 8.576352664001911),(-15.452342439077555, -8.967467819538886, 10.787871223299666),(-17.419485099030883, 5.144399459452057, 10.797332801074845),(-23.639861008832376, 12.215046014418295, 7.048616353573268),(-27.75, 26.25, 10.75),true,true
40:(-28.25, 25.25, 6.75),(-18.237845857068717, 22.373635872330123, 9.583548794728024),(-4.5, 21.5, 8.5),false,true
41:(-2.25, -22.75, 10.75),(-1.271587312615825, -22.953002331271396, 10.711287383657837),(-2.1054432105745655, -26.11463900245979, 13.790943409636629),(5.208793042292987, -27.574279577461102, 21.872937133592416),(15.29645837497081, -20.898787992667984, 23.31189435121988),(18.840293336999714, -26.633791002822953, 17.608069747042656),(22.5, -28.5, 12.5),true,true
42:(14.75, -22.25, 10.75),(17.52013862184234, -23.305549509308303, 10.289405548039895),(19.87478504594988, -21.62084040139574, 11.075150697025254),(26.5, -19.5, 7.5),true,true
43:(-12.5, 21.5, 8.5),(-19.953622086219415, 22.104480009476966, 7.59678476883873),(-23.930075721383847, 16.45163359175883, 11.009140818813004),(-28.25, 7.75, 6.75),true,true
44:(-24.25, -2.75, 11.75),(-23.80941316934337, -2.5189373686441865, 11.799933005546151),(-21.853789332021627, -1.84360159154065, 11.001025863042175),(-21.58384537921687, -0.8822296909839504, 11.054824851547002),(-22.117912267296916, 10.481552597793854, 9.779363199073607),(-28.5, 11.050616361087837, 2.9745087101743124),(-25.181978214076285, 12.938174013421252, -2.555434455421035),(-23.152179202477964, 4.651390154372959, -13.210997040597656),(-25.88459928477863, -14.296498220525532, -9.813596535671518),(-24.42836031308749, -20.215203346932103, 8.692369721068646),(-28.25, -22.25, 8.75),false,true
45:(-22.75, 11.25, 5.75),(-22.87809493267337, 10.883762039925827, 5.434624914071969),(-23.545271775503284, 12.972273115789049, 9.250615272633235),(-25.689223697342424, 14.393862816674618, -1.1256942064945659),(9.089943850864772, 12.779411323686723, -14.966854932558308),(23.378741637081838, 21.454129093440198, 0.34933171007744424),(9.75, 26.25, 10.75),true,true
46:(-16.75, 0.75, 8.25),(-16.881133096131297, 0.27053414253572344, 8.304005579573463),(-17.251337582521295, 1.8293617439656746, 9.73057948920321),(-10.35331802229747, 13.758737724148618, 24.689925658067732),(-8.214595957665859, 17.42954854048639, 24.960180955277576),(-1.5414926263440183, 16.655585684080275, 23.84290230348876),(0.12764345983195, 17.678123175393935, 14.891068677501224),(-4.5, 18.5, 8.5),false,true
47:(26.75, 0.75, 11.25),(26.26928485869756, 0.8461951969958836, 11.34828243483704),(25.75408306162149, 1.6542125323157055, 11.634070982739578),(25.134357021019483, 1.892745778253682, 10.886380187569507),(21.64662346297196, -3.5314374832112785, 16.526449400193034),(20.39877973626909, -7.025440382797047, 19.161244014548092),(16.741690281737956, -12.714002415840822, 20.968440384002736),(10.68464894500762, -11.872078644336185, 21.009468435444816),(7.5, -10.5, 10.5),true,true
48:(-28.25, -6.75, 12.25),(-26.878636531671436, -6.683327919891434, 11.578258661145787),(-19.620013608072487, -6.99851786397528, 13.272929018923229),(-17.006728723688656, -2.133722884650624, 14.739095898354757),(-17.041822941999726, 3.662448093482069, 10.81440860022597),(-20.75, 9.75, 12.75),true,true
49:(-21.5, 1.5, 7.5),(-20.801938937218832, 3.102237808503046, 8.86797116158698),(-19.01076680106669, 3.67854988037894, 11.204542747154665),(-24.4498450519133, 14.183079803012976, 8.424286218578258),(-23.347747796843304, 19.052955352331907, 7.178872942667727),(-12.328513255835563, 26.275670278080543, 9.616903997092452),(-6.75, 19.75, 12.25),true,true
50:(6.25, -22.75, 7.25),(6.166872986369939, -22.833077251371545, 6.764008158597805),(0.6502531590671446, -27.306031436329654, 8.528544459345712),(12.450251001662101, -27.062519067322285, 9.73273347643592),(22.5, -28.5, 9.5),true,true
51:(26.5, -17.5, 7.5),(16.032630518081014, -26.685124157852194, 3.6631441616475913),(6.899909008077186, -27.87489366831433, 5.873222448694289),(3.5, -25.5, 5.5),true,true
52:(12.25, -3.75, 8.25),(11.920902346131014, -3.7423160691879187, 7.873654824097341),(11.164125436798075, -1.758609876083664, 22.467016744093684),(16.228817880327846, 6.778023608833795, 22.54128608191077),(19.600547758653047, 17.451243551664742, 21.772858667597635),(17.0, 25.0, 11.0),true,true
53:(-23.5, 12.5, 12.5),(-24.432394864707035, 12.432629190947473, 12.144892987459334),(-24.46539724985808, 19.64849661849444, 11.250945505646547),(-16.30713685552096, 23.10868603746431, 13.907707378417406),(-8.5, 21.5, 7.5),true,true
54:(-27.25, -0.25, 9.25),(-27.07397872749074, -0.5693010121698272, 8.907854745390873),(-26.617132799966598, -0.7691855419668492, 8.8712764286933),(-26.068733169440247, -2.21155125778741, 11.443986864607922),(-20.458039978822672, -2.91529275702993, 10.769439764776324),(-14.759368325406257, 4.33957255549465, 11.741379141085433),(-20.25, 7.75, 9.25),true,true
55:(-21.25, 9.25, 7.75),(-21.017316360772206, 8.826825908805283, 7.620454592604622),(-20.926877949541424, 8.266369474253628, 8.81541909026235),(-27.915698614060997, 15.436845355196134, 3.624085335185856),(-22.94825170501367, 14.11386348715379, -6.708549911278746),(-20.47310333843314, 14.259878741709718, -17.213533106385235),(-16.214812565742307, -4.960620863312355, -18.303970647355495),(-21.169883184522003, -19.073678771852318, -3.4997579273077744),(-23.154801949796802, -19.493880364238983, 0.7202183702804077),(-16.558315397286226, -26.324365739744614, 15.236628945465164),(-8.5, -27.5, 8.5),true,true
56:(2.75, -22.75, 11.25),(2.4482843848084546, -22.545449746704485, 10.907761952105954),(1.655352197072777, -21.438165869055467, 9.470928937167715),(-4.068105688295535, -26.980604587903215, 10.070021036709894),(-0.8811052349401831, -27.18743700628161, 5.356577062765972),(10.688433822326608, -24.16816357065136, 5.610645372335605),(13.75, -20.25, 8.75),true,true
57:(14.75, 21.75, 6.75),(14.306982100145968, 21.645782785491047, 6.957060166639837),(17.469247953100325, 20.579212768097687, 7.475929355160416),(17.51864297355019, 19.655669971208603, 18.94482010144519),(5.851416321555311, 4.131505195663907, 20.286100228481303),(8.5, 1.5, 11.5),false,true
58:(-17.25, 26.25, 5.75),(-14.323689523358413, 22.601466053557903, -0.025842983653685536),(-3.5657804824441537, 21.055363904465533, -3.0779205854852894),(3.3332997959627204, 21.39582904898996, -4.23541624222106),(13.617896418785767, 25.388801704904196, 0.7498446391629312),(19.266337435825307, 21.061006824383785, 15.539904657238548),(17.18339084972112, 11.70648521274001, 19.94945395170105),(4.234345645748041, 10.038417800413441, 21.901230936185996),(0.75, 8.75, 13.25),true,true
59:(-10.25, 26.25, 5.75),(-7.4100825640063155, 20.81343345156801, 3.1175958757818893),(-2.9817332801519862, 17.963252116780232, 4.895209509212792),(1.6466236982785487, 12.883803892484966, 3.561973814777242),(0.5, 9.5, 6.5),false,true
60:(9.75, -13.25, 7.75),(9.718017124789826, -13.196876701384042, 7.2538598878971285),(7.858543799621382, -12.510859622325118, 13.215366160041212),(14.424607065450363, -0.014348753188760166, 22.685599709260558),(21.978154247557836, 17.067915896082134, 19.89462204009802),(20.65661549717815, 22.585820304961075, 15.795077398833671),(16.5, 18.5, 8.5),true,true
61:(-22.25, -8.25, 8.75),(-21.880917172675165, -8.044603303716748, 8.48243680423154),(-17.312051575620327, -3.2988080786934644, 14.883454059901412),(-12.287952872950987, 8.388938914641086, 21.500689925360884),(-9.552085736484763, 13.410293693520693, 26.5),(1.0144820556426675, 14.315059634366058, 23.673549102254455),(1.1036414232885732, 17.709733271605693, 16.784714935499608),(-4.5, 17.5, 7.5),false,true
62:(-0.25, 15.25, 12.75),(-0.520163627966834, 15.218077222172598, 12.330485339493862),(-1.0272802280285072, 13.867192499419621, 9.25527593260384),(-0.6003908933968736, 13.40108212113768, 7.655632865367109),(1.805124391998015, 14.059338153896565, 5.657326886990669),(9.665326408962068, -5.196219602674302, 9.723416615167235),(9.298211910888098, -5.472899789580553, 9.92007626908084),(9.5, -5.5, 10.5),false,true
63:(-23.75, 26.25, 10.25),(-19.15571942439799, 17.793646817286724, 0.44470960679165117),(-6.145527114845471, 15.193262994943595, -3.6882065781987925),(3.096792139065556, 16.34232471712087, -2.4899794909100548),(13.945712175537409, 19.39946976949249, -6.151816272313579),(18.93002714736344, 21.89281436487918, 0.525715391432743),(11.75, 26.25, 8.25),true,true
64:(-20.25, 26.25, 6.25),(-20.048786647345317, 17.658086019189078, 10.880960377991375),(-18.75, 17.25, 12.25),true,true
65:(-10.25, -7.25, 12.25),(-9.840045935777923, -6.98373599330978, 12.355076847921275),(-9.450483425320979, -6.683874286736884, 12.26384084966579),(-17.211223818389847, 2.360666583443166, 16.206988795095352),(-17.659362951735837, 8.38995559404518, 7.620888505194584),(-28.25, 8.25, 13.25),false,true
66:(8.5, 25.5, 10.5),(15.44535827711988, 23.404331798479884, 0.5789713998285166),(11.537042851422516, 22.11954713273417, -5.829453047335994),(3.963843474389326, 22.84315935697886, -2.8730012020606486),(-9.406130275326188, 17.259692578788826, -6.0107914968547975),(-20.143387853744823, 21.27115074388329, 0.9588053821646557),(-18.5, 21.5, 12.5),true,true
67:(24.75, 9.75, 13.25),(24.76376537908114, 9.97322120210625, 12.80280562473462),(24.91491209843404, 12.404722154345112, 11.05210354028668),(22.976401648455898, 15.634191407895505, -2.811205989632618),(15.551385586271717, 20.654940018310196, -3.775165392152236),(11.25, 26.25, 6.25),true,true
68:(9.25, -18.75, 10.25),(9.635149570590999, -18.74061926793099, 9.931296673786704),(8.766965324688488, -15.121830598618438, 10.007098749801484),(9.892686522104306, -5.787608288124515, 9.158509335214351),(8.884994500777205, -1.8082698804745694, 14.547147769486596),(3.6995034598811785, 12.452113199684314, 20.577797616026057),(3.5, 9.5, 12.5),false,true
69:(-15.25, -16.75, 10.25),(-15.337003481264185, -16.77183917198872, 9.758112365661873),(-16.399506508226416, -17.713464418537306, 9.360895866775655),(-17.52576217663482, -13.685026731179395, 13.742217805741582),(-16.613816746316623, -12.869612653806522, 13.801303421464116),(-14.981884106046694, -8.46547657281359, 11.845389879064708),(-12.3030751328617, -7.263790567117615, 12.461777118467026),(-6.186652138119836, -7.010297157445212, 16.027733474650603),(-6.06924642619661, -10.179646570922394, 24.6969516246481),(2.337852011983885, -27.36097879609495, 26.473632941766095),(7.831235266276336, -8.909438117033929, 22.076880673557966),(13.082178641886884, -6.669462698459729, 12.731059580669132),(10.5, -5.5, 7.5),false,true
70:(4.25, 15.25, 5.75),(4.019452577470755, 14.926776431993382, 5.446068410575353),(3.790790587463333, 14.07489138618441, 5.488527031368457),(4.795596770722707, 6.802480372843328, 6.441068135822219),(8.230563911691904, 0.5622170048499724, 8.852178401251663),(11.653191778835858, -6.9046459528726905, 11.336717468447315),(16.69003678851621, -4.468710546375614, 21.037983669842443),(21.605603489602863, -11.767402516267389, 21.470534978042828),(24.936998336811328, 4.490443613671349, 22.0211662323325),(26.5, 19.5, 7.5),false,true
71:(-17.75, -6.75, 6.75),(-17.882063222443087, -6.30240803255896, 6.929501353644496),(-13.767240888846946, -1.018090918269849, 13.971265519148806),(-16.459162777715644, 4.292584000817612, 17.652337163114048),(-21.9913826619201, 10.025859336058206, 23.452396691545662),(-27.7747145631293, 16.60036154788056, 17.146287944786394),(-28.25, 8.75, 9.25),false,true
72:(-1.75, -19.75, 9.25),(-1.3517968281545247, -19.64445708080371, 9.533363593532636),(-6.51449631059891, -26.235718342438926, 8.747909802291291),(6.623888095379875, -29.0, 11.918727458368569),(10.5, -24.5, 6.5),true,true
73:(8.75, 26.25, 12.75),(14.713297745668767, 24.072348116319862, 2.2865650517185654),(5.735080092969248, 20.565063677744995, -10.219745461760763),(-9.698469516155308, 18.23312011082097, -14.145826468969249),(-12.520027480252471, 19.221269624590725, -13.89608421448181),(-20.919223910624684, 14.9457800163232, -9.821987829677877),(-22.174255244796, 20.564432678551228, 12.537132730967999),(-11.75, 26.25, 5.25),true,true
74:(-8.75, 7.75, 8.75),(-8.9860534282837, 7.541970213879986, 8.361409743968826),(-9.376341102909258, 7.2258013183090695, 6.3597739016368555),(-12.08561101871635, 8.498907729665898, 6.162146503068834),(-17.351392509131948, 8.014201489108554, 15.954210004731987),(-10.118335988349909, 10.944707090597959, 25.45345967827926),(-7.197853247061952, 11.10142312106996, 24.769567976600946),(7.948080592443745, 21.688611686380014, 23.053949448026795),(18.81499624347751, 25.696819731162407, 8.54627422674996),(16.037297407434448, 23.18154585979634, 1.6375564319700726),(9.75, 26.25, 7.25),false,true
75:(-23.25, 13.75, 5.75),(-22.871253927941314, 13.43501652982924, 5.8356552766576675),(-25.75, 7.25, 13.25),true,true
76:(-28.25, -8.75, 9.25),(-22.51621282944164, -10.614024067842994, 6.793846829736746),(-21.539550648576736, -10.49634512697888, 6.973520565561749),(-15.388278410594273, -0.46068750241094936, 17.837121224624287),(-17.201932408703588, 5.1926104131516775, 14.128903073943645),(-24.553411960014515, 10.020975556527286, 8.807862960967446),(-28.25, 7.25, 10.75),true,true
77:(-5.25, 19.25, 7.75),(-8.450077468053056, 26.5, 9.16574094327491),(-6.790641570667397, 26.5, -1.6490102599742364),(-13.80900043889012, 20.692309959943504, -2.9530290110806527),(-12.326127986246442, 6.997144443297061, -1.1344750314249197),(-11.432517014402997, 6.998030137096258, -1.58331648065561),(-12.99994375605913, -12.171599518988616, -5.312601511260861),(-23.497707949029934, -19.427526641163002, 3.1648617085203115),(-26.134340974294304, -15.506200207555594, 8.329294425787237),(-28.25, -11.25, 7.25),false,true
78:(-21.25, 10.25, 12.75),(-21.119980484507817, 9.858832264191673, 12.467011081394052),(-24.213207120621217, 10.105500725978864, 12.304440217134585),(-24.66193052857823, 13.843587027528866, 12.798862974294371),(-19.70398082542362, 25.647980769514106, 2.5292962700146773),(-9.25, 21.75, 6.75),true,true
79:(-19.5, -21.5, 11.5),(-20.363989868829435, -21.321715160570307, 10.809489246819554),(-19.571076194247826, -24.67077846318479, 1.9633106773312576),(2.1788956553511163, -26.844046297010753, -4.225562041101673),(19.091222089245182, -23.643608395692336, 1.0789539806605326),(18.68838777421055, -23.155607724398045, 7.321884117551063),(6.5, -28.5, 8.5),true,true
80:(-15.25, -7.75, 8.75),(-15.402181478425394, -7.274112957616428, 8.769295608714852),(-15.32512070287828, -5.923492528417469, 9.19167814807407),(-17.61204341218103, 4.047013977459216, 13.23351198813864),(-24.964682604058023, 12.065188614395286, 13.144970798130247),(-22.393421668687747, 20.679108415167523, 9.890462439608237),(-16.07419873714391, 24.8990476239314, 9.251549340618556),(-12.75, 21.25, 6.25),true,true
81:(3.25, -23.25, 11.75),(3.271370600794107, -23.040322212523574, 11.296592321568449),(3.771472032411894, -21.0154094534626, 11.328126251581088),(6.124282343491276, -26.59001616639104, 24.46624316564382),(17.67152611852748, -24.648748873531005, 22.603899547353176),(25.5, -13.5, 5.5),false,true
82:(17.25, 19.25, 8.75),(16.995398656095126, 18.82023379409371, 8.77188981367539),(17.07816878159537, 18.379003309468015, 8.992036959379455),(20.009342891610302, 19.39858960150299, 7.582118183699707),(22.040400403884114, 19.413933714084035, 0.8832697796794156),(2.9076494289781474, 1.5130090412690778, -10.62633944854865),(-18.892911592825882, 11.800802263700565, -0.45038609000571683),(-23.523551782052415, 18.624211264509707, 2.9636912019783033),(-12.25, 26.25, 12.25),true,true
83:(21.5, -28.5, 9.5),(19.151643753912253, -26.57969328889721, 8.55523661951749),(-8.75, -26.75, 6.25),true,true
84:(-12.75, -2.75, 11.25),(-12.921566285676748, -2.395055311433328, 10.942462558901534),(-13.01454735404135, -2.026385396567553, 10.617751895697136),(-15.637907290731528, 3.254026080389996, 15.630748331292716),(-18.350879891654152, 7.902525456611693, 11.15512175885511),(-21.5, 3.5, 11.5),false,true
85:(3.75, -22.75, 8.25),(4.511288081975394, -22.86628902951727, 8.887900711597156),(12.667878613345174, -28.48606489373976, 3.2772970431931556),(25.0, -15.0, 7.0),true,true
86:(9.25, -15.25, 11.25),(8.929291459449631, -15.125290209668982, 11.612758184213183),(8.611492719779873, -11.49004629785602, 21.074115139483865),(15.137631604141495, -14.871380592280016, 26.237334205113157),(-0.23368891467603647, -13.652914090971526, 25.76709983541937),(-9.536918732252612, -16.198039602165192, 19.043452423615854),(-7.5, -20.5, 6.5),true,true
87:(-12.25, -7.75, 7.75),(-12.48637145387186, -8.164646519567055, 7.898985904049447),(-13.004909340352766, -8.434805863835932, 9.553323367803673),(-15.036858042902377, -7.841648167031689, 12.368561897051071),(-16.736473368672392, -1.3652906864032057, 14.157681126277721),(-17.999579399038314, 1.5294625105267934, 9.111803847940513),(-13.5, 2.5, 8.5),true,true
88:(9.75, 0.25, 8.75),(9.434185021750366, 0.18183452218595347, 8.368405493818942),(8.624208033368499, 0.45538754717707786, 8.32264438340861),(7.4807575281972785, 4.101650118945555, 11.629319621722754),(11.28666670698194, 4.676197845673267, 20.206497920456023),(17.88463894231068, 11.119245484975451, 24.84737995281239),(17.25, 26.25, 11.75),true,true
89:(-22.25, 12.25, 11.25),(-22.164266736576845, 8.719177745191455, 7.564319043177681),(-10.976785365321339, 6.321225583634847, 20.26623472533044),(-6.923208951794693, 10.255513327093697, 24.400227735891768),(-4.013233060434306, 13.514187495642577, 23.722375146749485),(8.785786004697421, 1.6754011648235272, 22.140492852160456),(9.75, 4.25, 8.25),true,true
90:(8.25, -17.25, 11.75),(7.900288512714621, -17.428072371950982, 12.059825928560537),(10.704984488257981, -2.089906067290679, 20.83312376942894),(9.421559438754834, 3.3101655602450357, 21.818330178472106),(24.625621042390584, 18.08969762679674, 18.97134768257172),(19.5, 19.5, 7.5),true,true
91:(-9.25, -25.25, 8.25),(-9.445777378380265, -24.790131646020036, 8.236132227204463),(-8.244632641146596, -25.102188063615216, 7.178804166543438),(4.9370254002186265, -26.525466017014597, 4.26563926412178),(4.5, -23.5, 6.5),true,true
92:(7.75, 19.75, 11.75),(8.028376479696483, 19.83380741294683, 12.156795837106223),(8.13461151332918, 20.30733081529976, 13.031146856464675),(7.498605006773121, 22.41838377604039, 19.696212479117055),(5.673506381206853, 18.973126612730894, 20.176888217652934),(3.0370413501690887, 17.65994376266182, 19.60714885408438),(-2.25, 15.75, 12.25),false,true
93:(-12.25, -23.75, 10.75),(-12.181549646825587, -23.281538882535983, 10.589193499588285),(-13.004954805174124, -27.042546204784983, 12.642022674659128),(-8.376958706925949, -28.104392590265697, 10.940336122338229),(1.5081046730406578, -25.54374440574584, 4.9508302061410365),(8.5, -25.5, 5.5),true,true
94:(15.25, -17.75, 12.25),(14.952178191731992, -17.398416635450438, 12.055857505187598),(14.745869844854212, -17.20170585875243, 10.669874299744778),(14.492722501850857, -17.227063469965927, 9.702778950627698),(13.78477153652334, -24.57072952193083, 11.245177017218875),(27.0, -24.564559038546417, 8.180007793104819),(26.5, -15.5, 7.5),true,true
95:(12.25, 18.75, 9.25),(12.331831526169426, 18.278271794431994, 9.10586082629496),(12.828174841961628, 18.33839531508538, 9.100524616718463),(13.579711326482542, 17.324222451089142, 8.98219878847407),(15.377603956958293, 18.15134472187567, 8.336169137968012),(26.5, 20.5, 12.5),true,true
96:(-26.75, -9.75, 7.75),(-26.597225457733273, -10.048111866049592, 8.121199750209536),(-22.6284410018492, -10.248167267480152, 8.686049820109481),(-14.381191683660761, -0.7438113228238297, 13.438718709091876),(-16.99502785848076, 6.2928464120532315, 10.192368672524825),(-21.25, 5.75, 11.75),true,true
97:(-16.25, -1.25, 9.25),(-15.968767104258436, -1.4986773587709348, 8.919746113440695),(-15.778905533332072, -1.3782498918932995, 10.122709555753927),(-17.15209560733404, 0.6716984663579568, 11.82918567605724),(-14.979159342967936, 2.6173598659519777, 12.53114700628314),(-25.149355900155133, 12.148837481464488, 12.28764064979137),(-22.25, 26.25, 8.25),true,true
98:(-24.75, -14.75, 8.25),(-24.853796813493293, -14.652784432958045, 8.729348886546479),(-17.912941364704384, -5.280285414441145, 6.167486404580512),(-14.52234894847011, -2.067104464000725, 6.138923730220723),(-12.52913225210049, -2.0088577443460323, 5.69374946447496),(-11.603698652429749, -2.035896806313946, 5.31580563038271),(-10.44951878998927, -8.374525427871777, 9.114006154646034),(-9.5, -8.5, 11.5),false,true
99:(-20.25, 14.75, 6.25),(-20.131957558927276, 14.417595578433211, 6.604363207216044),(-19.306506619441876, 13.943717801547916, 6.91107251434076),(-20.56027963177125, 15.51872655854909, 9.361907543494915),(-24.91454429447775, 20.993340633770963, 9.09926715344033),(-18.941711859624238, 18.72289599192112, -2.790223592571795),(-15.159121452601283, 8.684751084836872, -8.290851309940626),(-28.25, -21.75, 5.25),true,true
100:(-13.25, 20.25, 9.25),(-12.947498946902712, 20.364618176855014, 8.868744460486848),(-13.18929019168878, 21.70274716412373, 12.956504777920822),(-5.32978504619255, 18.44792055257328, 4.322111638199113),(0.05017210368034064, 16.128726817385857, 4.512446039728236),(7.796795043682362, 2.596628833545623, 7.116503878359831),(9.45579522970782, -2.6374211065990543, 3.690938624384728),(11.75, -7.25, 9.25),false,true
101:(-24.25, 2.25, 11.75),(-24.278906825004977, 1.994849710606827, 11.320974679895567),(-23.456835559638296, 1.4296133655322902, 11.389580137879621),(-20.832566893970924, 3.047798874801104, 9.95801016223167),(-21.448357546781065, 6.669634793653581, 9.851083481384338),(-25.42881779860031, 14.111360903277333, 10.272628999482707),(-20.25, 26.25, 6.25),true,true
102:(10.5, 25.5, 12.5),(6.688125989648948, 26.43115637137266, 0.8131025717660585),(1.5455497558292013, 21.457167397137603, -13.996848915175347),(-14.773190381518233, 18.09210119240889, -4.995845997925149),(-20.659726645598322, 20.604968326194758, -1.9383160521866207),(-13.0, 25.0, 5.0),true,true
103:(-19.75, -8.75, 5.75),(-19.276483659708354, -8.645677655108067, 5.872061967184924),(-19.174772623082916, -7.734268565059889, 6.2707953813931265),(-21.606978556755305, -10.772520764583266, 8.541266464658198),(-28.25, -18.25, 6.25),true,true
104:(-17.75, 19.75, 10.25),(-17.26115090774682, 19.646354423295264, 10.266857029180251),(-17.67096013568502, 18.045566334669964, 10.339922907560426),(-19.381219013868094, 20.779196434162102, 12.547798778984621),(-17.696503197792133, 22.65488654707233, 1.055389698862661),(-6.8844167336566855, 18.47388762517798, -9.853248274312978),(18.997548727933037, 22.27386999893072, -7.425440630195126),(21.25, 26.25, 6.75),true,true
105:(1.75, 16.75, 10.75),(1.8436302949516128, 16.352162981128767, 10.46197383055888),(1.7663798708229728, 15.84776812607064, 9.759341798438413),(1.2899679139980202, 15.363525181901968, 9.025488667071466),(0.6603263359929651, 15.54174312850607, 8.269320797643307),(8.716783284494237, -0.24229565791732455, 4.4954568048026875),(9.392681616139342, -3.033340343498709, 7.669554867352319),(9.392836825090177, -14.608758612933189, 10.465426991851126),(13.049163487021067, -17.827377543807035, 7.289165241749258),(16.75, -18.25, 5.75),false,true
106:(-28.25, 19.25, 8.25),(-25.737617301384134, 16.369794600187955, 6.867306462595488),(-28.25, 6.75, 13.25),true,true
107:(-12.75, -13.75, 6.75),(-12.306214845180163, -13.557371733588004, 6.876289696098463),(-12.570890466301213, -12.594329155332547, 6.826331633172978),(-11.820263351951763, -12.744725744719913, 14.255763776150022),(-7.186581025871293, -14.187686691329983, 15.05037965502069),(-9.236711506994116, -7.880812854599697, 26.5),(-18.665380464367786, 8.73531213177057, 18.59467404069656),(-22.75, 2.75, 5.75),true,true
108:(-18.75, 17.25, 12.25),(-24.492147476113704, 21.089251893570513, 11.115148793772384),(-15.999801555605305, 21.433147522850586, -0.01007710634671577),(-11.880614809552963, 19.562524373015194, 0.23898567232672274),(6.446952435000087, 20.15521150436468, -4.4911160535056585),(9.876219919969206, 26.5, -5.545701164276544),(20.31374355823776, 23.903242517850376, 8.088923422875778),(20.01424784200104, 23.5057965975585, 8.137287215109211),(10.75, 24.75, 9.25),true,true
109:(16.75, -22.75, 10.25),(16.296325078196762, -22.842119016954307, 10.43892631378979),(20.910345280347798, -24.272091455255232, -6.789135857618009),(17.800187667362568, -12.23186744221223, -9.287640239610221),(15.646076997249578, 2.1386910734176823, -2.1705386374350764),(18.72336451139104, 18.017548235161303, -5.516556730752425),(26.5, 14.5, 7.5),true,true
110:(-7.75, -19.75, 13.25),(-7.603291543618505, -16.697511109745623, 16.218940502467436),(-5.594663393869688, -13.927490274975426, 22.325690663639552),(1.3889815653222541, -13.782422049051284, 22.78138605946905),(7.61864385008374, -16.165169407290364, 23.844921823735717),(13.321763588320279, -20.223766284697657, 23.797840638145626),(13.897654634829294, -21.19972667315242, 13.911001918292168),(14.25, -21.25, 9.75),true,true
111:(13.25, 17.75, 8.75),(12.906225305079372, 17.756657852954437, 8.386992242333216),(14.073916636713864, 17.446798635390017, 9.228780020724297),(15.363298308861136, 17.908374933974553, 9.357625029087977),(16.166753818043325, 18.872951012584785, 9.610576953314434),(19.041050363717183, 19.701408675642668, 9.38237250978189),(21.09255504357276, 16.276677333391085, -8.056970636789053),(2.7875689822958307, 7.834039397586291, -18.530356045446034),(-9.885503721974983, 4.98432309406208, -9.347339835917884),(-23.75, 26.25, 5.75),true,true
112:(-23.75, -14.25, 8.25),(-23.79853356122291, -14.342920671210216, 7.761113262302131),(-23.869010673808056, -13.258463767348163, 8.198112054787716),(-25.790715489958366, -15.971455859123102, 14.720863158353353),(-24.831390817126646, -18.89146718761058, 2.5415413950826427),(-26.692278178673206, -5.8884534933140635, -13.376148454245348),(-22.284002573544576, 17.878255415396794, -11.531112514788331),(-28.25, 24.25, 5.25),true,true
113:(-14.75, 20.75, 10.75),(-14.274490105385228, 20.758400379274615, 10.904336559996297),(-17.527383430896393, 21.88205196464452, 10.682179449083222),(-22.495490676995942, 22.47015628487963, 5.786054072852139),(-27.75, 26.25, 10.25),true,true
114:(0.25, -25.25, 11.25),(-0.03625517542190482, -24.88519693847896, 11.062979410628003),(-3.0503050363102, -29.0, 19.04505879770264),(4.251239342995927, -26.64535672168478, 23.121302029023433),(14.863793419430529, -25.122206859959356, 18.773934457537887),(21.761486099073117, -24.38899849525429, 11.998427783548706),(13.75, -22.75, 5.25),true,true
115:(-0.25, 18.25, 12.25),(-0.6876663479318443, 18.38390415943207, 12.048709553195408),(-1.683096422504541, 18.538123003944506, 11.069066101175846),(-10.541594513809702, 20.51338020874455, 10.542633525515344),(-27.75, 26.25, 6.75),false,true
116:(8.25, 5.75, 6.25),(7.935822506139942, 5.706020873334803, 5.863530934265652),(4.725074084844778, 7.153052414860347, 9.297661777401954),(2.532735954557285, 8.862106954249917, 8.16948355394635),(3.2052092823953977, 11.52706734104454, 21.74259874232509),(6.972300559472701, 18.492925664626707, 22.885718709267092),(16.20792029598166, 23.18650824031062, 17.085667967439804),(10.75, 26.25, 9.25),false,true
117:(-4.25, -3.75, 8.25),(-3.8238196776457865, -3.9111656159204182, 8.044097165917876),(-13.776840106826162, -7.808813355025661, 10.336495661783712),(-20.5, -4.5, 11.5),true,true
118:(-5.25, -24.75, 9.25),(-7.425115867926204, -26.487502069799408, 7.332937999193037),(-7.212238550034577, -12.61211347541916, 20.709527135236552),(-4.84396833484011, -10.046006804053052, 20.92352166829226),(-4.725292476386039, -7.643594696017352, 19.130665816924488),(-5.95258641198636, -2.61132442384752, 6.767223684054707),(-5.5, -3.5, 6.5),false,true
119:(4.25, -17.75, 10.75),(3.9075696164112714, -17.775470094855674, 10.38655439655525),(4.652220010815973, -17.79067268305408, 10.455781041140478),(4.976275802784217, -16.86086595121107, 10.630272545550454),(8.982806386213266, -15.705638779616539, 9.9100818140923),(9.737068403311016, -12.833624950481422, 10.337428716292708),(8.784582226001714, 3.6538710784676276, 6.598222491063899),(4.405999962567406, 6.110499140907468, 7.801800881695337),(4.709887317811906, 8.99771870663971, 8.557853561457422),(1.2523265107529702, 12.315962130981367, 6.66931262151425),(-2.531895919096608, 18.749495910608495, 9.870582979640446),(-7.5, 19.5, 10.5),false,true
120:(-7.75, -23.25, 9.25),(-7.485569658123379, -23.00271321900052, 8.90514373684399),(-6.8657802855605246, -22.56989614012491, 9.427393367654625),(-8.753086193706608, -6.888595515607285, 23.000220570240124),(-12.580511850143147, 0.13314959132374696, 21.074849806401108),(-17.16455341067977, 4.597324280995398, 17.037801677088314),(-16.25, 6.25, 11.25),false,true
121:(-3.25, 19.75, 9.25),(-3.2916498353424286, 17.94663089827625, 7.710721144629895),(4.133192142646064, 8.712701912169745, 7.252470477591787),(7.790950697401689, 6.234566609710053, 20.080526813053343),(12.247536977115423, 1.0930600666548154, 21.724834934783413),(26.666550423436824, 5.598769121785433, 18.446912020820115),(26.5, 5.5, 12.5),false,true
122:(-17.25, -7.75, 11.75),(-16.65711131780273, -7.284668382661029, 11.104353873936068),(-24.188989546816046, -10.35246278441635, 11.217686462582684),(-25.23305485293996, -10.862277264561847, 15.160682650921625),(-24.870310591374054, -17.845578176567916, 1.3535495599478606),(-21.178007654803093, -8.383924708787502, -8.848023677976895),(-18.199491490108382, 3.0298537863703734, -13.510701541912518),(-21.007923602323633, 18.812000107255383, -1.8428205316614164),(-28.25, 24.25, 10.75),true,true
123:(-7.75, 21.25, 11.75),(-17.560581270427104, 23.00947570045229, 7.804788601121912),(-28.25, 19.75, 9.75),true,true
124:(5.75, 1.25, 6.75),(6.027030472117441, 1.5612078328531362, 7.026412377235974),(7.140625131075142, 1.0328522947060288, 7.693237920849016),(9.285755621486162, 4.750225904984589, 22.479033385261225),(19.954972470439323, 9.23413513257146, 19.162913893123758),(24.47183251651933, 18.914306628597416, 14.247697753612291),(13.25, 26.25, 12.25),true,true
125:(-8.25, 19.25, 7.75),(-14.095221699248597, 23.628926922360552, 12.240082476747162),(-22.617693624762136, 26.365098886242325, 13.921050893835877),(-27.0, 11.0, 9.0),true,true
126:(9.75, 2.25, 10.75),(9.541960508310586, 2.5885382168930775, 11.053498674791943),(1.7745047011534911, 9.171033231265696, 3.7838781903625938),(-1.5867661388904708, 14.34569126665525, 8.24690786800642),(-6.073502958991325, 13.691401184713364, 10.801980439839408),(-7.5995987749860605, 21.741261613712602, 6.691263962253014),(-7.75, 23.75, 5.75),false,true
127:(-12.75, 21.75, 6.25),(-16.989828435319616, 23.453147425194867, 6.783988467555279),(-17.63400597680934, 22.900714935510088, -3.382838381450429),(-6.197186249017562, 20.646417619406037, -0.0752636497895467),(4.170125350399038, 15.071489316846435, -3.4070725429311923),(9.451337405703661, 10.336450101774348, -1.31993956090988),(24.3613968344209, 8.155580028504968, -4.996188362878051),(22.543585545804675, 15.298667878021323, 1.5549403432854354),(20.473597468359955, 18.47527892061333, 7.439181300564396),(17.75, 26.25, 7.75),true,true
128:(-6.25, 21.75, 9.75),(-19.536353015442284, 24.620220472014925, 11.753817067862633),(-25.5, 12.5, 10.5),true,true
129:(-10.25, 26.25, 9.75),(-9.822014690263225, 25.446088410041863, 0.3086106808998692),(-0.2120680416960916, 21.285069913272785, -3.357985613942817),(13.149214970454976, 20.20046657261814, -7.087077051895598),(18.20527317052443, 20.03914014872862, 0.37591246912474585),(19.75, 26.25, 7.25),true,true
130:(-22.25, -13.75, 11.75),(-22.148818066724985, -13.364255089441171, 11.448399137340937),(-20.470703642158043, -9.588744625423418, 10.871328583790413),(-13.454907084389543, -2.320203354278345, 9.367988086088422),(-14.92448918557314, 3.0987341675450106, 13.548352254729206),(-22.30716628618632, 9.113958935203064, 8.167704279226044),(-28.25, 24.25, 11.75),true,true
131:(13.75, -9.75, 9.75),(13.933971833166527, -9.317845231184625, 9.921454426573003),(12.605413261579113, -2.681713139634441, 22.286105829127962),(20.76464046318458, 6.954173838530557, 21.736036110211852),(22.25, 26.25, 6.75),true,true
132:(-9.75, -25.75, 9.75),(-9.363997215035052, -25.65249663082183, 9.447518689836532),(5.213060618833035, -25.34537215262489, 5.727194873048693),(11.688040115015493, -24.521426046400585, 9.959807104383444),(26.5, -28.5, 8.5),true,true
133:(-3.75, -26.75, 6.75),(-2.0124417442321976, -20.59664414209678, 6.701887502210914),(1.0736800560924828, -18.986108651354193, 9.08869402866919),(1.786368568650023, -18.310703660692834, 8.899212676926469),(2.5, -18.5, 9.5),true,true
134:(23.25, 26.25, 9.75),(11.53601444168399, 23.438062279912614, -1.5911738057562688),(9.233372606927748, 21.522277373130215, -1.4250149306542654),(-13.622316111732864, 20.685743532519545, -0.09272409625461608),(-20.01271496569141, 23.755381068252817, 1.911365081769273),(-11.563594242103726, 23.115574394620833, 10.999523478908635),(-3.75, 20.25, 10.25),true,true
135:(14.25, -22.75, 10.25),(13.3058411321482, -21.767828812754466, 9.502636006574239),(16.26126424130626, -23.588417730124082, 8.103295226743423),(26.5, -15.5, 8.5),true,true
136:(-15.75, -21.75, 10.25),(-15.77095357912541, -21.316370607991, 10.498045354537714),(-15.078431849314109, -23.95663986665278, 12.318914389412628),(-22.106592947475537, -24.515351447826504, 4.305076978633657),(-16.1198500336728, -20.4617711841697, -1.4461404478146704),(-7.629378928921888, -18.54171167482805, -1.0769956841276958),(7.165647465882925, -19.348392123068365, -0.1847741421381831),(17.757533850950505, -17.74873492974001, 0.21417553750568802),(22.729646343318645, -20.702101107639937, 1.3652784810084873),(23.269054434164865, -24.573149527839192, 7.172517329204977),(11.5, -28.5, 8.5),true,true
137:(-2.25, -27.75, 8.25),(-2.2222395304006954, -27.359203982966886, 7.939342907052359),(-13.55761194080643, -24.241476973128353, 10.365883964758245),(-16.95631299866227, -24.771151289145216, 10.646688340582022),(-28.25, -24.25, 6.25),true,true
138:(-11.75, 17.25, 11.25),(-11.588871993233834, 16.82253479054161, 11.046748283799973),(-6.912319074757236, 17.54155281673309, 11.891317547385999),(-12.480741532132066, 23.21223369780003, 7.0038488926061095),(-16.76240828071441, 23.83064770364809, 0.6142542850324348),(-9.51638726351376, 23.025692224246587, -10.93936671707728),(7.95246752043942, 14.423686368955988, -15.56009203410358),(23.012008813280154, 16.85811844224332, 1.401266615874557),(23.75, 26.25, 10.75),false,true
139:(-16.5, -20.5, 12.5),(-11.45330299377432, -21.623327673323796, 13.8124994753709),(-7.035112595693952, -19.31271949889754, 13.925946301270562),(-0.1491086533953061, -19.389346256779522, 9.333318095008226),(3.086145416177427, -18.778577914896474, 9.044657304943627),(5.926197010031835, -24.887140370896915, 7.161954548206663),(14.160204576367043, -27.530859169413795, 9.402834925109936),(13.25, -21.75, 10.75),true,true
140:(-14.75, 15.25, 8.75),(-14.32672185120811, 15.381838141430197, 8.981201888442852),(-14.312231551238018, 15.384420759502477, 10.45127179540412),(-7.5444081402715035, 18.296501151745243, 7.349032644358293),(-9.314783206525581, 20.960475063125887, 7.796337073629876),(-15.046844144858767, 24.951963137288256, 3.5836679850985123),(-17.13767454817047, 22.536901417320117, -2.6449679099696812),(-4.57938276041585, 19.98366707885657, -0.7397353927701098),(3.8198611436692955, 14.682828612155982, -0.8296241517565068),(23.080291794310998, 15.052451855061568, -3.879359768254332),(23.5, 12.5, 6.5),false,true
141:(-19.25, 9.75, 10.75),(-19.28832697966424, 9.376049784431498, 10.420314879155752),(-19.144119273787176, 8.603569742179953, 9.969115704417415),(-23.170345926339458, 10.654195065519508, 9.150014970002891),(-23.85274612228337, 14.074053358750131, 6.844472666312951),(-23.0, 19.0, 9.0),true,true
142:(-2.75, 20.25, 11.75),(-2.535159584203055, 19.94334526570009, 11.418629407352363),(-14.911338672687291, 23.757252166456553, 6.806406942678503),(-28.00141394092398, 13.427999684489413, 10.625981714786779),(-28.25, 6.25, 6.25),false,true
143:(-23.25, -9.75, 11.25),(-22.89721311679226, -9.918028738608204, 10.938058085473749),(-26.053913421584426, -15.259009316015137, 5.959681864876863),(-25.56311921383763, -15.424385440915898, 4.278428953645731),(-24.146175569438505, -10.480644011310948, -2.8754122501607524),(-21.404664243128206, 10.752135309671704, -4.906841253078576),(-24.50252502611746, 18.59951341517053, 5.09320527298981),(-28.25, 13.75, 12.25),true,true
144:(-5.5, 21.5, 11.5),(-4.516198991256344, 18.22137076798383, 8.155493078726469),(3.7265860184152353, 16.344626078690496, 23.962646324251217),(17.754164706915248, 22.51375967917127, 18.1373577212354),(19.942437388765352, 20.434810120638478, 11.82154966502083),(25.0, 17.0, 9.0),false,true
145:(-2.25, 21.25, 8.75),(-2.0408559620980125, 20.799616885552354, 8.808427918245382),(-3.7843176280746342, 19.235773506210794, 6.933665185481688),(8.495649341783846, 1.4076690817616488, 8.163195260237318),(5.571468887093147, 7.619528340696496, 18.35796720983962),(13.035550103089674, 12.970228584487339, 24.702969502438936),(18.351347079040554, 17.823582566203168, 24.375934331563645),(17.75, 26.25, 13.25),false,true
146:(17.75, -20.25, 9.25),(17.78019444337529, -20.132276951588935, 8.764995278928069),(16.575902521028283, -18.01116971007739, 7.849971312099734),(14.828785950064196, -18.04066150002794, 7.202557589942976),(10.838332085446467, -16.658833765082264, 7.839442104265979),(9.998124467528685, -16.407961905253742, 7.358698442072597),(9.375263823480719, -2.3623793778743636, 7.197196351305773),(4.25, 9.25, 11.75),false,true
147:(-16.75, -16.75, 7.25),(-17.04621024644175, -16.667927866882394, 7.644364875297539),(-16.044624275712117, -16.83326262471088, 10.275078879589227),(-17.068259365203197, -17.169095227712138, 11.26000694784657),(-16.296436898370626, -20.84203932907612, 13.147281046564327),(-11.947259910035704, -21.995419444628077, 14.148604711226607),(-9.46902609942265, -22.639927185796292, 12.585605366534315),(-7.75, -20.75, 12.25),true,true
148:(-21.75, 10.25, 12.75),(-21.665730279823332, 9.786520309528502, 12.582413631873624),(-22.444483386103634, 9.379953122021403, 12.10466189561163),(-26.03735980754515, 17.98837629063041, 6.580853545727195),(-8.75, 26.25, 6.75),true,true
149:(-11.25, -14.25, 12.75),(-11.31014993939531, -13.806137520282714, 12.97218929742443),(-5.806899638711256, -14.256847527521353, 18.87974407576571),(-7.674951577755462, -13.275299427618137, 19.040924623486713),(-8.379356917040548, 0.07726475217898876, 21.53646301137235),(-11.378355754802659, 7.2371378174104155, 16.355641857747557),(-21.61876519007738, 8.413021432586731, 8.783064269072161),(-28.25, 21.25, 12.25),true,true
150:(6.75, -22.75, 9.75),(6.701026881062592, -22.345478805870464, 9.460234168471237),(1.1311481716187037, -21.872580378836773, 9.266468103504312),(-2.984997708707304, -25.500571375885507, 9.935380884983408),(-9.182305187099022, -28.21830254088539, 8.653832195296879),(-12.862954904614336, -27.491708995579575, 2.7441046654631753),(1.897814279569599, -22.987780811502315, -3.821051137600273),(23.077095824850588, -13.092349555810362, -13.018676628300828),(25.5, -12.5, 5.5),true,true
151:(-20.75, 18.75, 7.75),(-20.335260624526, 18.82190465726145, 7.480146390249176),(-20.747409989352146, 19.489078457396904, 4.584457867378282),(-24.653657014296428, 13.823675692190097, -3.3874090558510543),(-18.270987621897117, -3.8764541497184357, -4.941497202189722),(-23.025054130556118, -16.578411008705274, -5.422528217866058),(-27.401987302880553, -12.822447246625961, 9.2443855432679),(-27.5, -7.5, 7.5),true,true
152:(13.25, -16.75, 7.25),(13.052733173298947, -16.906089052307504, 6.817886581054185),(12.896275451814738, -16.84638918153607, 6.346763553790771),(12.541021367852505, -16.052844098221197, 5.852718275931598),(11.689892844354523, -15.557616406242694, 5.678563834168575),(11.176115438499032, -15.43957568606645, 4.8287996518140375),(8.512171022158036, -9.416455169853569, 2.797568241176936),(8.958284700864382, -4.5067432341280025, 10.06895314519905),(6.039806787895772, -5.184176984005415, 10.222478993320511),(4.5, -4.5, 7.5),false,true
153:(-2.25, 9.75, 9.75),(-2.031779529187318, 9.933893598604051, 9.339435790027013),(2.306191800105381, 9.897929238673957, 10.623668893578232),(5.9133673174516765, 7.8611631381244145, 20.434246841159922),(15.165398704021744, 14.893343010321423, 20.08157467370593),(17.07264444348851, 18.333385229633272, 16.97159888071868),(17.607026909911482, 20.71980406810905, 10.412678199162329),(14.25, 26.25, 11.25),true,true
154:(-28.25, 19.25, 6.75),(-17.273821653353576, 23.392855539898893, 8.39779752024127),(-7.75, 21.75, 5.75),true,true
155:(3.75, 26.25, 12.75),(4.1381405990476425, 26.25606324866058, 13.065135070067768),(9.335082728145133, 26.251090739791923, 8.375596949850898),(15.25, 26.25, 9.25),true,true
156:(-21.25, 15.75, 12.25),(-21.384794932313103, 15.97919755889689, 12.673436896382935),(-21.459994983399966, 18.74000193303859, 11.501983030438323),(-21.083947538127873, 19.904976915198816, 1.7612862704819783),(-16.142335147045724, 11.152696575501466, 1.3868076828163751),(-28.5, -0.4040396623817486, -0.10489623357292532),(-28.5, -4.184118270946704, 1.8198705282369727),(-28.25, -7.75, 5.75),true,true
157:(5.75, -26.25, 9.25),(8.549675300058865, -26.417238336284534, 10.314823719268631),(12.9100497207288, -27.51230025262035, 17.502143193842862),(11.51255794530097, -14.528867793031502, 23.269277448136314),(8.85170877564807, 0.3901595395954305, 20.96549659606578),(5.991442815860683, 6.604329080156798, 10.64668756881147),(3.5, 10.5, 8.5),false,true
158:(14.75, -23.75, 9.25),(14.711863733812926, -23.60638596833707, 8.772589657515857),(12.188575626525461, -17.307942166912387, 7.654379411471151),(10.166912536233085, -13.095341715023565, 8.565694483747588),(9.595144581578122, -1.9811436404163185, 13.579131402432772),(8.358050759783909, -1.2077602423741673, 13.462583579870493),(8.804193310270046, 4.378113244279677, 12.361743511596455),(-0.1047118734400192, 12.768951275500786, 10.979438318305338),(3.25, 7.75, 9.25),false,true
159:(-5.5, -4.5, 5.5),(-16.68020738801532, -8.1380544507083, 11.516213933620437),(-16.914583062993227, -2.1488491550286284, 18.497924471642776),(-13.415438721131514, -0.132023004017234, 23.862565350702535),(-17.158274555832467, 4.234742031843241, 15.777370472825783),(-26.0, 14.0, 6.0),true,true
160:(-23.75, 6.25, 11.75),(-23.48934571968249, 6.195450517556631, 11.326817178848998),(-22.21948526507124, 6.122255843008367, 11.173649554513005),(-12.028466938583636, 7.86237551812549, 19.253570868231282),(-9.27016511537121, 6.814215442991623, 19.79498707500605),(-7.470401608629056, -11.278447409185649, 21.7616664218169),(-7.75, -18.75, 12.25),true,true
161:(-6.25, -26.25, 5.25),(0.6661097539973709, -22.701589475392453, 9.888310881375869),(-0.992105766321249, -21.11911651645567, 11.823795477648419),(-1.8594363677563157, -17.772253178416435, 12.878532691669653),(-2.415868433717702, -14.837312908455027, 12.601930146979976),(-2.9566228340799636, -14.25218445194914, 12.391064805664088),(-4.879817246358427, -12.971873118257642, 14.646878551993234),(-10.075893954497465, -17.10527205803958, 25.297026440165173),(-14.514580397497761, -11.728563616893112, 25.920780397771594),(-16.186780199858017, -5.0709594760073555, 24.54962944902556),(-17.0, 5.0, 9.0),true,true
162:(6.5, -23.5, 7.5),(6.266516293202649, -23.504967482054546, 7.9421093561351155),(3.355564503627803, -19.5749226837909, 6.716552490219392),(-6.854781334668925, -19.913831508352988, 16.143263854793993),(-9.523384684824432, -19.108648135483747, 17.252423850283247),(-4.683101673811704, -7.187436680141458, 26.5),(3.2859611180511363, -0.8075409104214377, 23.29610597407397),(11.730135462217673, -3.2982274705475314, 19.867021781027074),(9.5, -4.5, 7.5),true,true
163:(7.25, -24.75, 10.75),(6.894471398544642, -24.660045056049288, 10.410136024848144),(6.011577380000895, -24.416685478485253, 10.275979330478707),(13.329883409991162, -28.14519846233405, -0.4187181502387676),(0.7497591111138742, -24.872474496837988, -0.6294576329747108),(-15.930174987026328, -21.62297184317818, 1.3644487854269207),(-28.25, -28.75, 7.75),true,true
164:(-10.75, 24.25, 13.25),(-10.971139274434684, 24.07194585299242, 12.838424803910751),(-17.113221404874505, 22.37391925637025, 2.085390252296221),(-17.248190867854298, 20.999376603352133, -0.5777687251395727),(-2.0169098389800073, 18.677436998382234, -4.386356569918053),(16.86236977853221, 19.4309506360225, -3.95581850621279),(15.75, 26.25, 8.25),true,true
165:(-23.25, 14.75, 11.75),(-23.28984819593098, 14.786117240275034, 11.252900748103599),(-23.075161578430855, 17.75947342069159, 10.916652802912816),(-16.618006114989058, 21.962656667862625, 9.450594572593241),(-9.75, 26.25, 6.75),true,true
166:(22.5, 6.5, 8.5),(21.13400508396085, 6.093459360542266, 8.297804604553619),(21.411855233418333, 3.831803803031578, 10.249140924521932),(21.206234539829776, 5.257410531828047, 16.328422843385574),(20.23422967967266, 5.032328012806735, 24.900814470269438),(13.676318303489332, -3.478563562202402, 19.42682996370669),(9.5, -4.5, 10.5),true,true
167:(-22.75, 26.25, 9.75),(-20.210747124989503, 20.457073070283933, 6.285233990237046),(-28.25, 13.25, 11.25),true,true
168:(15.5, -20.5, 11.5),(12.597966851270703, -21.58069614864073, 14.687837718772204),(11.105256592787397, -25.231567602147663, 20.76367347840983),(8.896976597442203, -24.499675606971298, 23.552959998247438),(-1.8894951405389335, -22.29962971992465, 24.90202336899874),(-7.197863091856563, -10.942988078230824, 20.75461461555247),(-7.75, -18.25, 12.75),true,true
169:(-20.75, -9.25, 12.75),(-20.34264088953268, -9.112893303893353, 12.49453902646002),(-23.61620186008459, -12.37053536031014, 9.724737678337053),(-28.5, -13.849649075116805, 14.390155704950804),(-24.31466440208311, -18.34578367408852, 3.9011955564135485),(-16.835864028418964, -8.564014255284986, -14.255867305069092),(-13.72554881942164, 14.78260530794728, -15.546647935743295),(-14.45036343363822, 17.621496511934097, -14.902178768952249),(-11.75, 26.25, 5.25),true,true
170:(-0.25, 26.25, 10.75),(-0.5404191768936806, 25.903868196431937, 10.53587509194137),(-0.8001657619962808, 21.94462261213788, 7.05109307569389),(-1.3149108816770219, 19.80640886979056, 6.114536235196275),(-4.836112848007175, 17.66217630505143, 5.406727456644601),(-8.801635278995693, 25.096740697751994, 10.054629758322488),(-12.25, 26.25, 13.25),false,true
171:(5.25, -25.25, 9.75),(11.814987992084337, -29.0, 5.809405499261061),(19.341329682433887, -24.36486399118972, 7.396887917706482),(19.5, -21.5, 7.5),true,true
172:(-8.25, 17.75, 9.75),(-8.28602562250067, 15.37111064689745, 8.920816256524718),(-7.40158015078236, 13.988215455094535, 7.693708554880268),(1.6862726389298017, 13.329169426308914, 4.938488152850583),(5.82702839821528, 3.9103501028464405, 8.494239568010785),(5.650528830620487, 1.1482142041912988, 7.307995488284437),(5.75, 0.75, 7.25),false,true
173:(5.75, -6.25, 7.75),(5.321444064908113, -6.507548708420884, 7.752910891315893),(2.3828170633199166, -3.9342478209603917, 7.563737606330053),(8.303535385211195, -4.662566674869328, 9.780014556468341),(17.952968823721143, -4.082901201002213, 23.38413607749723),(26.089837753691356, -10.52312078116184, 17.90638298670251),(21.611419907210248, -24.182218774006966, 0.768477261082188),(0.02286757214217161, -20.43149900787039, -15.825930105324707),(-21.127025947298247, -22.893351743448807, -4.540047656899002),(-28.25, -27.25, 7.75),true,true
174:(26.5, -26.5, 8.5),(26.332600807258075, -26.526178968821693, 9.485541562726192),(14.577109036809755, -22.252201162932568, 6.035275631951897),(13.145229666636476, -19.797317165466332, 6.996142963198186),(13.25, -22.75, 11.25),true,true
175:(-13.25, 18.25, 12.25),(-13.140082853678145, 18.277715950543413, 11.763019459290277),(-11.839635422746344, 18.969883255211297, 12.098935300884154),(-11.434395654906709, 19.540912043171193, 11.384997730866768),(-14.142638809548142, 23.5143195804443, 4.815642450955409),(-28.25, 20.25, 5.25),true,true
176:(3.25, -20.25, 12.75),(2.9624658284936514, -20.353673814450246, 12.354303347988015),(1.5065111838329015, -19.06808106327598, 10.558236141152904),(-3.0247265966196974, -21.370863855714237, 9.335730022166533),(0.5425634180657015, -26.74517909321931, 5.988538979466517),(-8.78484348245874, -27.932822441551675, 7.100177250072864),(-20.191350471693085, -24.434954397352495, 18.636877027385943),(-28.25, -18.75, 5.25),true,true
177:(21.75, 2.75, 8.25),(21.397383362279232, 2.8256493247253114, 7.90367834824963),(21.193730930375875, 3.4643980173013436, 7.161704093499334),(20.92054269183951, 1.258313439606077, 3.775317701800268),(17.79218242550755, -1.2752530768932995, 2.9737934774966517),(9.532951314903656, -3.354400757131471, 3.1532678030325547),(8.653209945358952, 2.336784508193047, 12.009659456957937),(9.455409988102584, 12.357122773910993, 26.41616109358224),(14.429667126762613, 17.786912841220882, 23.670093445912496),(16.3126809425677, 22.541498613666043, 15.960941299064242),(13.0, 25.0, 7.0),false,true
178:(-7.75, -24.25, 10.25),(-7.438818536611254, -23.876114092121455, 10.365652171328835),(-8.675592377164543, -14.462608439991815, 17.75830687330202),(-0.26349697813159273, -14.515785709356518, 21.6640478717),(7.225593631007125, -14.590459860836715, 23.964471375541486),(18.197964453994135, -17.772871659417177, 23.238217051526558),(25.32668446280589, -23.121700233945308, 8.259674949765863),(25.5, -12.5, 5.5),true,true
179:(-6.75, -18.75, 8.75),(-6.90843758192101, -18.33084284115971, 8.5281784302013),(-9.896218513663882, -18.938806874344575, 24.667813575320046),(-16.11203028971389, -7.3433965492528195, 26.5),(-16.255902577207973, 1.2478120862669593, 20.070685773908767),(-14.283854342757893, -0.5221370370125962, 13.591619030773284),(-11.97721693161166, -5.579389748791977, 9.336784267506829),(-11.5, -6.5, 11.5),true,true
180:(-0.75, -18.25, 10.25),(-0.5268128365019613, -18.145550581908456, 9.814939304107993),(-0.3048133251413492, -19.074323870412744, 9.518128934483581),(-8.178870452260558, -19.578877099574797, 13.292356553126865),(-9.577706937163681, -12.561201276973108, 23.654111783747936),(-7.610708634759852, -3.594406914136163, 22.23814210229091),(-12.147248619854565, 8.222523261732245, 21.441199043467783),(-20.25, 7.25, 9.75),false,true
181:(11.25, -24.25, 6.75),(8.871368173970353, -25.657456794448883, 7.916694479269761),(-4.491476353961636, -26.261794626391715, 10.141539207940681),(-2.75, -25.25, 6.75),true,true
182:(-11.75, -11.75, 8.75),(-12.04082364895731, -12.132819513065508, 8.887371123688505),(-12.314377646682868, -12.430992218840506, 7.97289791584741),(-11.94213978555853, -12.374790075368189, 7.04646373371967),(-11.257463318213711, -13.103329088847747, 7.067654318951122),(-15.718299969356496, -12.841369658242556, 14.650253787228323),(-15.379537431001744, -2.0471959566706515, 13.32508894181768),(-18.762823051458113, 5.90855781375698, 17.74456818096465),(-20.60507981403739, 8.135246510396925, 15.879100880180662),(-24.18754242723511, 9.637666298328082, 10.05598346715579),(-25.0, 9.0, 11.0),false,true
183:(-18.25, 6.75, 13.25),(-22.981048539257632, 9.893089162720644, 13.009879340140573),(-28.25, 20.25, 13.25),true,true
184:(7.75, -21.75, 11.25),(7.614386882334195, -21.645036147256317, 10.780328123117679),(3.43565084021568, -21.93564076532167, 10.290439633473799),(2.1962468794045464, -19.80382702212605, 8.58185893996004),(-2.5287920720660697, -19.969569989510077, 7.891601592734741),(-7.4672585673836345, -18.918802360741893, 10.05302265310921),(-8.75, -21.75, 12.75),false,true
185:(-16.25, -0.25, 7.25),(-16.510318242262272, -0.6749511893059641, 7.209368737985051),(-15.883651772379526, -1.2755121787235713, 6.712764636597999),(-15.249449814570024, -2.041721449018642, 6.816259712927691),(-14.756799356625915, -1.956525223606794, 6.822353107961085),(-21.10024093179362, -7.904168340746741, 7.041949084912978),(-22.408500795546068, -13.870027765833335, 10.46203350623943),(-21.25, -12.75, 10.25),true,true
186:(-5.25, -3.75, 12.75),(-5.434509746650567, -3.2934673483107195, 12.836799143616153),(-5.842497996428601, -2.491875249716263, 13.273829686615143),(-5.222030009419596, -1.0503406963221553, 13.934235291072154),(-8.396444660505527, 0.8329344386266273, 19.882038783879786),(-11.36485519436064, 8.107451948987297, 17.350357691575528),(-21.129934615428972, 7.018860120792685, 10.029297654656839),(-28.25, 21.25, 7.75),false,true
187:(-1.75, -8.75, 8.75),(-2.238273771415224, -8.644788702150743, 8.77278830737085),(-2.4806544936914836, -6.052954791761971, 5.524713924236818),(-3.2816356454796396, -5.385735415035482, 11.771860672823477),(-8.782878518254455, -5.855442557307267, 21.817218196589717),(-4.596818166223495, -25.03319344114312, 24.291551413305363),(0.4320822614818942, -27.417425875038646, 14.524454512786841),(-1.25, -24.25, 9.75),false,true
188:(-13.25, -10.25, 9.25),(-13.375182975445435, -9.77629625469324, 9.349669375140888),(-18.207378657697394, -3.266261712369679, 11.56918533438947),(-23.667414348049995, 4.434995188298053, 10.308023652433576),(-23.26754501609101, 4.65946009803774, 10.507322477453263),(-15.75, 7.25, 11.75),false,true
189:(-10.75, 26.25, 8.75),(-17.66799867061344, 24.862309067092923, 13.797355388909397),(-28.25, 7.75, 10.75),true,true
190:(-28.25, 19.25, 12.75),(-21.39691263047209, 8.10288174178279, 8.838229056243527),(-19.25, 7.25, 10.25),true,true
191:(17.75, 15.75, 7.75),(18.001235655883697, 15.9884824982196, 7.389435521361815),(18.159844753065627, 16.460779323747325, 6.522383698869314),(22.636411623066007, 22.809805307936138, 5.309675373563049),(17.42655252520383, 26.5, 6.712468674449761),(18.25, 26.25, 6.75),true,true
192:(-4.25, 26.25, 12.75),(-4.452901305889978, 25.793634017700295, 12.726311389492714),(-4.101867586562959, 24.074218866762067, 11.38595276932986),(-5.180741730384911, 21.04241008285109, 8.31778428048708),(-10.00075522579671, 16.91985800419857, 9.071359996407566),(-13.577042070851796, 15.595276183398811, 10.202343627221921),(-14.5, 15.5, 10.5),false,true
193:(22.75, 2.25, 12.75),(22.94033953249817, 2.6604320648611965, 12.962876448913804),(20.396741868359182, -6.509753368073808, 22.4298750291162),(14.071413692496524, -8.692746818654761, 20.37445218640022),(10.056901377010922, -1.9468944363600045, 8.207675800881137),(2.5, 4.5, 8.5),false,true
194:(7.25, -17.25, 9.25),(7.555243315913, -17.130203994843406, 8.872540816459637),(7.829933703018338, -17.53706922152731, 8.777641509047136),(9.37460979352661, -9.808967029380351, 25.58028294098587),(24.29083267680635, -3.9683974841828564, 17.540170741266262),(23.5, -0.5, 10.5),true,true
195:(9.25, -17.75, 7.75),(8.916015149774191, -17.410376656593044, 7.902020079044595),(8.728931070539893, -17.320956921593336, 7.447043532078011),(10.136832776871696, -14.1541278147401, 11.495104095084494),(12.67569346657739, -11.591035837052301, 21.57875425324015),(11.950371791572653, -10.966633012909984, 21.868632815695914),(-4.003105833997686, -1.0603263827816087, 24.21898420645939),(-9.889388749972614, 2.673667845588718, 24.858484429757844),(-19.25, 5.75, 13.25),false,true
196:(-9.5, -18.5, 12.5),(-2.604484994771142, -20.017041467877263, 7.484277549669344),(-0.5495684246750058, -26.259259113298246, 6.900686424599878),(-9.5, -27.5, 7.5),true,true
197:(-8.25, 16.75, 8.25),(-8.588211834989064, 16.93931041877601, 8.565870733079501),(-8.115109793151337, 17.081846469733495, 10.187742608279052),(-6.122959813118365, 12.653805890991134, 9.078920346216636),(-2.8330164898180867, 15.646233061128266, 11.390086349962672),(-2.421411417863879, 15.995254870446471, 12.231968195212835),(-3.04297656768376, 18.869897418669655, 18.99859313997016),(-6.442025820979696, 19.406875252523673, 25.262419760812325),(-8.338006727778938, 24.815774098288976, 21.24382925202302),(-16.107119337170946, 24.71639666635489, 9.952718300135672),(-16.75, 26.25, 12.75),false,true
Total path: 198, feasible path: 137 (0.6919191919191919%)
