ID TP TN FP FN acc pre rec
all:    96241 559714 40521 27795 0.9056761902657983 0.7037115573039294 0.77591183204876
bottom: 40365 195282 10873 18706 0.8884762429022796 0.7877942152308833 0.6833302297235531
top:    42215 286313 23134 5373 0.920156287198734 0.6459930526863457 0.8870933848869463
=== path ===
0:(-3.25, -1.75, 17.25),(-2.682586833222264, -1.99060797111059, 16.4625039032444),(-2.3719847795807585, -2.090382289763343, 15.517214820682321),(-1.313183103507108, -0.9157632032783856, 12.696177983289486),(-1.4330085752324733, 2.6357466683538, 3.7225984571226354),(0.8930169336654306, 0.9245589921834063, 4.535889345353172),(-2.7008476148548866, -22.13507656690026, 4.274491259130563),(-8.361398425384543, -19.944446937737567, 12.627253156947077),(-28.25, -17.25, 23.25),false
1:(-7.25, -14.25, 14.75),(-7.992925741902297, -14.8388128305418, 14.431627902277423),(-8.509624008787242, -15.252224828210968, 7.927350912871489),(-14.803209195162834, -9.531760728604354, 11.72040208234491),(-18.267476551926194, -13.951849669693953, 15.8991178460361),(-28.25, -17.25, 8.75),true
2:(-6.75, -14.75, 9.25),(-7.0166512248034705, -14.338534076708614, 9.152056555702915),(-6.479197493935585, -14.113095355854009, 5.810328382396862),(-6.872107302333159, -13.775033079992989, 3.617568644351868),(-5.273014383970414, -20.839900708172657, 5.251314984426314),(18.21697805874925, -16.959491070334927, 10.852689405515807),(19.04440312952109, -10.655719394690784, 12.644336052672545),(20.75, -0.25, 9.25),false
3:(-25.25, -4.75, 12.25),(-24.850072823305986, -4.8637662981981755, 11.97230325400567),(-23.669354318111637, -5.92194349581559, 11.48387861339054),(-28.25, -24.25, 13.75),true
4:(-28.25, -13.75, 21.75),(-26.99324956518046, -13.061510408830006, 21.19338469539661),(-12.75, -1.25, 20.75),true
5:(24.75, 27.25, 17.25),(23.41188599841732, 24.737568155394385, 15.783552220394064),(-1.25, 22.25, 8.25),true
6:(-8.75, 5.25, 7.25),(-9.518768895722085, 5.366556300950754, 6.698754733059596),(-11.118178734247538, 7.2232359834667506, 5.846278382183172),(2.5, 25.5, 7.5),false
7:(4.25, -23.25, 11.75),(4.462514702586424, -22.604400612607478, 11.016488628456925),(5.000484162579052, -21.78329208070468, 11.2071968845752),(4.915980749738951, -19.099715907305942, 9.868810507333945),(6.586997597235178, -18.842612223548976, 7.390585257042446),(25.0, -15.0, 13.0),false
8:(-9.5, 12.5, 11.5),(-11.315627401921931, 11.07423305256434, 7.944972064354564),(-20.76731219879075, 11.474073889341327, 14.747046623614015),(-20.888123152178785, 5.770705706748762, 20.54855545762964),(-28.25, -11.25, 30.25),false
9:(4.5, -1.5, 7.5),(5.839365525366332, -2.0223100126338656, 3.8316788368146524),(7.505825374797528, -1.7893877490402383, 1.348000357349934),(21.195528413319437, 4.982697298154512, -0.23798406907680364),(26.391534640944073, 12.747958955883584, 4.637073766350774),(25.54533141916251, 14.371946765611398, 7.013332106957275),(15.75, 27.25, 21.75),false
10:(-1.75, 27.25, 9.25),(1.1056703127056642, 21.032857860955275, 7.870965175092007),(-10.983577203783362, 11.157541374670847, 12.198603297145546),(-12.378308193092055, 11.126775353505776, 12.651137259234634),(-18.735098973337944, 14.040133527768667, 12.329337438481977),(-28.25, 5.25, 27.25),false
11:(5.75, -21.25, 23.75),(5.312446372040486, -21.00844202948883, 23.764020326030188),(12.329086382661725, -23.537027519980796, 24.446510941999883),(12.134639243819489, -19.155093790370067, 12.306595534151668),(14.25, -20.75, 6.75),false
12:(10.75, 27.25, 27.75),(10.31619527495075, 25.538786450063917, 26.368347428925574),(-5.5, 26.5, 24.5),true
13:(0.75, -7.75, 27.25),(0.25887613494755324, -7.224759576651707, 26.555075653860904),(-3.482320695106748, -5.313413524610084, 24.206218447532212),(-4.0625165431582495, -5.57143532674635, 13.681934408269775),(-4.708452888251693, -5.9113115130482825, 1.712074328389877),(-8.96487732749202, -10.509509978040237, -1.642543812024811),(-26.451540593853572, -24.96414372667886, -3.505434614981354),(-28.25, -23.75, 7.25),false
14:(-0.75, 8.75, 26.25),(-1.2818080732933779, 8.609828540435725, 25.414816107013788),(-1.582967922917051, 9.562813106608617, 25.38130250364276),(-4.864857422882261, 15.865130198600026, 20.641896533036046),(4.591674122677907, 22.013566515849774, 12.59872628493489),(-14.44348205625748, 25.384862968232824, 21.96379662041377),(-23.75, 27.25, 24.25),false
15:(11.25, -8.75, 10.25),(10.959795188604447, -8.252625151490738, 9.485314681550019),(9.837926870452248, -7.633100936310906, 8.429753867071264),(25.25028217553592, -7.2983703213448985, 11.398776369760265),(26.5, -4.5, 32.5),true
16:(-28.25, 2.25, 20.25),(-23.89049876154551, 7.851626558720941, 17.147623261493674),(-16.09348575777207, 27.36422246329084, 16.204966254569094),(-9.79529837319392, 24.80842442759669, 17.878505040938435),(-1.75, 21.75, 8.75),true
17:(-28.25, -10.25, 6.75),(-28.067007550094093, -9.386113196237178, 7.09325893994504),(-28.25, 10.25, 31.25),true
18:(8.75, 27.25, 19.75),(26.5, 14.5, 19.5),true
19:(14.75, -15.25, 8.75),(21.42078111804234, -5.921037811960865, 10.439095871668746),(22.307377702911573, 2.315541576128739, 11.619342411406656),(11.25, 6.25, 13.25),true
20:(-15.75, -10.25, 7.25),(-28.25, -14.75, 10.75),true
21:(-15.25, 3.75, 28.25),(-15.237038828930041, 3.4905693769777115, 27.5),(-14.581225875750903, 1.935066357647554, 14.011264666479011),(-14.977735114602709, 3.3027341032846014, 9.809293518289103),(-11.416937438560966, 6.009058889421603, 6.404469714221709),(-6.849571653534225, 14.62183723134186, 10.856586397687284),(-7.09566614699699, 17.2782312709518, 13.452128370502974),(-10.75, 21.75, 15.25),false
22:(1.25, -20.25, 27.25),(1.9247599617262985, -20.051076715865204, 26.103051328229814),(8.665163115801658, -21.804115760272595, 25.400328460155798),(16.4658253709443, -16.81271534610725, 15.243475526802186),(21.25415608792415, -0.8565153350047785, 7.214089789125218),(19.69634538267872, 17.276562224658207, 10.274239280469953),(11.5, 15.5, 21.5),false
23:(22.25, -12.75, 6.25),(21.829687962463908, -12.763300381788389, 6.520482699902493),(22.06085567548268, -12.994935189281122, 9.502580418692988),(15.792035522249229, -15.377762685505601, 7.496582659558971),(12.5, -15.5, 18.5),true
24:(7.75, -13.75, 27.75),(7.583871214803115, -13.677663468029051, 27.28398642415545),(14.03235674553428, -14.99034306805964, 19.44783605133473),(19.81538524246418, -9.423849019139602, 13.854851340952177),(20.91866194655527, -2.86237857857852, 15.255072741819383),(27.0, 6.451930504762288, 13.874240820646131),(20.522671186723436, 13.91985756819922, 15.987188249345351),(-1.0172005075190969, 23.173236339765886, 23.89159487182608),(-10.75, 20.25, 23.75),true
25:(-5.75, 27.25, 14.25),(-4.021608325260631, 26.111201330044914, 15.22585293037537),(9.25, 27.25, 30.25),true
26:(-28.25, -0.25, 13.75),(-23.702486537067454, -1.2491021300713705, 12.299960286130831),(-11.770193627526673, -12.115885647560646, 7.612418006204716),(-6.25, -19.75, 6.75),false
27:(10.25, 17.25, 9.25),(2.7542268840572617, 24.210793690336182, 12.756023244494905),(-17.712948213811444, 25.660363990191293, 4.73485138194115),(-25.149888603185502, 13.663070638235254, 15.600685278991808),(-21.75, 7.75, 9.75),true
28:(-14.25, 9.75, 12.25),(-13.842927345366856, 9.846018476661959, 11.9760067409781),(-11.643380049335686, 7.562541637839801, 7.486262377751167),(-13.076054843383336, 4.53598836609793, 6.561628376557624),(-14.045726304529488, 1.0004536951264251, 3.993516690749233),(-16.405415949328496, -6.443913289415658, 6.3394989276435565),(-6.37435407549107, -19.014726666490184, 3.5891990011237587),(8.431946119811048, -18.774593324493576, 7.842165560608834),(11.5, -13.5, 11.5),false
29:(-1.25, -14.75, 24.25),(-1.683330495122897, -14.995573184319742, 24.293800606612315),(-3.170940234255124, -17.72015303202793, 23.915370422369197),(-21.24472733504765, -21.788254049971876, 23.995379378083452),(-28.25, -4.25, 32.75),true
30:(24.25, 5.25, 6.75),(18.00591505153519, 20.48596720196149, 15.840788226479074),(3.25, 19.75, 19.75),true
31:(-1.75, 7.25, 13.75),(-2.061646010373127, 6.72602059068108, 13.388552057661428),(-1.4398979086813923, 5.539781743574778, 11.86955293922582),(-3.177912431675333, 7.365559738355849, -0.30281654252813706),(-4.925646559553336, -4.145041020517475, -5.366866157011829),(-16.035158420753966, -26.0739520284396, -4.721012461685655),(-17.782334131684948, -25.52182838183475, 2.0349135676601806),(-15.197145439313484, -17.73142476048613, 7.671661186851158),(-13.25, -15.75, 6.25),false
32:(-0.25, -3.25, 16.75),(-0.26622706611652447, -3.136110188702973, 16.263414146107824),(-0.45349544596475844, -2.2666613564564106, 15.806260690456325),(-1.463075500808249, -1.112715788513389, 15.738686868107518),(-1.262542105009321, -0.6393089781926081, 9.931941675913555),(-1.6796107176999666, 4.247900397542377, 9.024153561831461),(-0.7485308323249984, 12.487973460554478, 9.565247920516846),(-9.232299361271087, 18.773902776436834, 9.159282927906002),(-8.25733143469552, 24.96261338467239, 14.849113379990523),(-14.536673924018913, 24.345741509683037, 11.817723106267097),(-28.25, 20.25, 26.25),false
33:(19.75, 3.75, 19.75),(19.565823668848008, 3.5005871704222153, 19.35773437636546),(13.930476356955936, 5.561632869716112, 15.232715367014176),(10.420906857487996, -4.881981981057274, 13.302535033271825),(10.809885727553167, -7.050473870062357, 10.903444462261875),(12.357049450659098, -7.40027449774037, 8.357089433052268),(11.929728225985276, -11.359927110472487, 7.486794422992155),(13.777648649582511, -12.91660891267002, 9.264976605660525),(6.696875688545177, -13.704310438968177, 5.47466069410544),(8.5, -13.5, 8.5),false
34:(-28.25, 3.75, 26.75),(-24.175878433963216, -1.1551149833673453, 25.314944872874086),(-10.12704894066055, -25.03974360425789, 18.700050626041502),(1.25, -13.75, 30.75),true
35:(8.25, 27.25, 22.75),(1.054695983109755, 21.42071322073492, 19.229892403963397),(-3.5703457312467792, 22.420089966116944, 15.843514889424084),(-3.25, 21.75, 15.75),true
36:(-15.75, 27.25, 18.75),(-15.307364006461306, 25.739302288999077, 17.116778962060806),(-26.5, 8.5, 7.5),true
37:(25.25, 27.25, 13.25),(21.413482106417074, 22.667360833558615, 9.764975743918288),(17.25, 11.75, 8.75),true
38:(13.75, 20.25, 5.25),(14.141812894976232, 19.601142628385684, 5.902278135945171),(13.38992393518783, 19.32281455708008, 6.499937300412358),(21.5, 26.5, 19.5),true
39:(-24.75, 27.25, 29.25),(-24.208951649060936, 26.23064344722509, 27.003361048983564),(-11.5, 0.5, 29.5),true
40:(-28.25, -7.25, 8.75),(-20.014306961935695, -8.413094439067526, 5.09806139537265),(-22.374328185686117, -1.200589655582517, 12.379489681585241),(-28.25, 9.25, 34.75),true
41:(16.25, -10.25, 16.25),(15.757198758734852, -10.252018981435855, 16.1654845557221),(11.033813341730776, -12.90038370069953, 16.322698871326896),(8.930245202830926, -13.22711677534177, 14.208876129718638),(6.273601009337741, -10.311900358061695, 9.949451943429196),(5.3881333416600725, -8.408070058816884, 7.806702027742608),(3.3708679523996907, -10.724272405971448, 10.585132755049148),(-3.07077404550209, -9.233009881057898, 5.724202452483963),(-6.37890321416546, -4.170469135042615, 4.096039839504272),(-13.241034092426348, -4.813328244546184, 8.791099319516059),(-15.209919689794074, -3.7741964783164463, 10.801993318932787),(-14.3968842772255, -0.7404654570824993, 18.788362391156106),(-16.5, -0.5, 22.5),false
42:(-24.75, -4.25, 18.75),(-23.93969816338055, -4.5492970087540066, 18.24618234040275),(-22.821541941749903, -4.425051953117172, 17.21693890085346),(-22.05152064828426, -4.073665057545343, 16.68440302672864),(-23.153592217421064, 2.9680862140299706, 14.489483689419028),(-15.25, 27.25, 13.25),false
43:(-28.25, -27.25, 32.75),(-26.628452889469944, -24.883165044154037, 25.54227622803902),(2.75, -17.75, 27.75),true
44:(-0.75, -22.25, 13.25),(-1.1909666944545823, -22.07595740251824, 13.091073763514006),(-10.274029898196353, -20.5612425895224, 14.482714390102647),(-24.12533838011384, -9.482644025431398, 19.075540668789905),(-12.75, -10.25, 24.75),true
45:(9.25, 2.25, 5.25),(9.389281762518639, 1.9125453205647873, 5.591650303610255),(10.57300964568494, 1.9982770747024905, 4.387739243320178),(11.853037523267481, 1.572296686715105, 1.7081741029174213),(1.4883530168293424, 13.752663537996195, 1.547925006522925),(1.7071555487675734, 13.835271273465176, 1.9898542022750343),(1.3860351896751784, 15.083535403098617, 5.6043194151499005),(19.75272601804602, 16.21707798582259, 10.294179097316333),(15.25, 8.25, 15.75),false
46:(1.25, 27.25, 21.25),(1.4083709019825097, 21.17472626726318, 15.825155894925174),(-7.833897096475056, 12.238135299980785, 5.888331247451349),(-15.144317271063223, 10.78701910728669, 7.633909964412052),(-28.25, 20.25, 18.25),true
47:(-0.75, 27.25, 11.75),(-14.321153505607736, 25.77545674057959, 15.156660926313029),(-22.521031127136546, 15.297970217675449, 20.084299079471073),(-20.287794863347912, 1.5662597571037422, 24.24802202706665),(-10.5, -1.5, 27.5),true
48:(-4.25, 27.25, 6.75),(-4.293086606473381, 24.908977483217004, 6.337965320806363),(-10.378628806932914, 7.063561644256248, 5.277515815243665),(-13.964607985319107, -10.321272114292636, 7.380017112948548),(-16.25, -9.75, 7.25),false
49:(18.75, -1.75, 11.25),(18.264772436851523, -1.868898259607152, 11.229569243200938),(19.771063577401982, -3.97235736013754, 8.950442418671752),(16.072835976127628, -7.497654361514037, 6.478988617287564),(11.321769529813198, -9.618107982233475, 7.335004872591467),(8.579983416397168, -9.696437233602685, 5.901606021015186),(-6.156220276173187, -11.52618077521347, 4.434115091931142),(-11.033935681402102, -17.075228404768552, 5.4731575184504555),(-22.060888073736702, -13.723052738045402, 9.946415851728817),(-20.25, -1.25, 7.75),false
50:(18.5, -6.5, 8.5),(13.421557526213496, -8.949741923488327, 4.7801575824896725),(-0.37280263943974, -12.453445038340293, 4.414578003776086),(-5.036599105148267, -19.940591027234905, 7.900209333777905),(-18.75, -12.75, 5.75),false
51:(-13.25, -18.25, 5.75),(-9.584609870380103, -15.088179798747136, 1.872935308978124),(-7.778931183205231, -14.375222517209924, -0.4142499466112648),(-9.3704586576234, 3.1111297502143094, -8.109205870175304),(-15.191640106428853, 16.34258364592914, -7.7228190214917944),(-22.021343963339856, 25.999110322920142, -2.4656617485123222),(-28.25, 17.75, 12.75),false
52:(19.5, -7.5, 11.5),(12.059960978532885, -7.0625749823376855, 8.542759186125686),(7.454602856531978, -10.09740136409706, 4.958473257695523),(-0.35140116575941305, -14.257087551851306, 4.024323987348975),(-5.669549868214241, -18.76799620095752, 3.416872311907375),(-16.75, -15.75, 5.25),false
53:(22.75, 10.25, 16.75),(22.298258554111367, 10.93012907855708, 16.1726317444061),(21.470648498854317, 12.300032182084692, 14.611153583913254),(19.25, 27.25, 20.75),true
54:(-6.75, 21.75, 5.25),(-5.969020163600974, 21.551558482669044, 5.842192079765964),(-2.868303842457493, 27.5, 8.22316203464772),(5.0, 25.0, 29.0),false
55:(20.25, 6.75, 11.25),(19.665082466650215, 6.712402419456289, 10.439779103504938),(19.31601608328376, 4.1303531254221095, 8.93302457722874),(23.58490901187055, -15.802984345927669, 7.444769719494607),(21.584899670765704, -21.572492790837366, 15.282606800652406),(5.25, -21.75, 32.25),true
56:(12.75, -12.25, 23.25),(13.177376699105347, -12.759605811848074, 22.66297450985386),(12.933934370071574, -12.770414474310517, 22.226375145160798),(17.765119990242557, -12.429648696752917, 18.037028546153977),(20.28155306166104, -8.215034872239052, 13.046578174966227),(17.5, 0.5, 15.5),false
57:(-21.25, -3.25, 7.25),(-21.991819889952772, -5.372543535647395, 19.277689014170715),(-23.26327235861333, -4.697299142645188, 21.90969464289875),(-23.133608129985763, 2.1379521327281195, 23.41386457688958),(-12.25, 27.25, 30.25),true
58:(-28.25, -21.75, 22.25),(-15.722224060718109, -9.470041012255226, 10.30204178754043),(-28.25, 6.75, 9.25),true
59:(-14.5, 19.5, 10.5),(-14.79375800336885, 19.765577022689225, 9.581754346334122),(-13.171978219118364, 13.336944032523093, 4.911448907762869),(-8.036689091494061, 10.819984538668274, 5.745424287536341),(-3.5, 18.5, 6.5),false
60:(13.25, 5.75, 26.75),(13.1544608392632, 5.218498279652858, 26.257593621142583),(13.213539130551368, 4.178673759163384, 24.707820167598868),(13.452909503698773, 3.546557431241607, 17.84592047618284),(17.197020056388784, 8.603032140721131, 16.014719252005413),(7.876029925764172, 18.708983400633073, 14.125876083242346),(1.595498250675698, 20.402963001880096, 9.568582003989302),(0.5, 16.5, 8.5),false
61:(-13.75, 10.25, 23.25),(-13.037297046493652, 10.009436288897632, 22.69875775186488),(-11.712258435017791, 9.362534072985445, 21.093161273331265),(2.257584368681612, 19.596693453734694, 8.522338360576203),(18.13723334450523, 10.828248234532918, 15.087298026884808),(14.886600745266227, 6.290406761424155, 18.18187671624868),(14.5, 4.5, 24.5),true
62:(15.25, 0.75, 5.25),(14.52950657714186, 1.0900083207224172, 5.197260492523216),(11.112269854300003, 0.4845545087004959, 5.405359482101264),(8.486136340416284, 1.4948483122976959, 6.445902223976799),(8.017609441089595, 4.14838049381809, 7.764708315198303),(20.14839776822226, 19.568762080017137, 10.475619776000627),(6.75, 27.25, 27.25),false
63:(-17.25, 18.25, 5.75),(-17.35515448650545, 17.797334336212597, 5.934489378544359),(-22.872236500502048, 8.394898639193046, 10.678450877936289),(-24.25, 1.25, 5.75),true
64:(-15.75, 2.25, 15.75),(-15.329163304638792, 2.248583189177157, 15.480010243741454),(-13.380730571433102, 2.1813671063572553, 20.711578618858976),(-18.725444718471426, -4.090206980644699, 23.81888161782765),(-24.251915875912047, -3.842685751648552, 27.5),(-22.208030179669514, 4.983920815503994, 20.967364429807272),(-28.25, 17.75, 25.75),false
65:(-28.25, 11.25, 32.75),(-20.12639952848251, 5.276315129505937, 27.361188635075806),(-16.499631620055716, -19.922803262329264, 23.702959714114513),(-3.25, -14.75, 28.25),true
66:(6.75, 3.75, 15.75),(7.3040561715492665, 3.1586502349927983, 15.164058693900065),(7.411357559801268, 2.8141561430412985, 14.817922546279357),(7.461948172070974, 2.232437877936469, 11.875297111400904),(7.370058436134208, 3.185964567757087, 6.972801433591003),(9.53051925426564, 8.140932948252402, 5.441328949746415),(5.932251908451219, 14.44813163180692, 5.513226646308532),(4.25, 18.75, 9.75),false
67:(17.75, 10.75, 19.25),(17.90772751152322, 7.75256671017663, 16.98652657568237),(16.626867193540562, 4.572833549377696, 16.23276675357854),(19.7805662770477, 1.1671840314993882, 19.811934297788476),(21.516429452535647, -5.984767876468508, 11.047829122899282),(14.75, -15.75, 18.25),true
68:(-16.75, 3.25, 20.75),(-15.904792197460974, 3.781757515347605, 20.803457603748132),(-15.075665124992929, 4.256030158448353, 20.507461391429803),(-13.717374034994874, 1.0282530712984965, 27.020955291703526),(-13.5, 10.5, 28.5),false
69:(25.0, 19.0, 29.0),(24.402598497866304, 18.42692416050697, 27.21800574173095),(21.5, 9.5, 27.5),true
70:(-11.5, 26.5, 21.5),(-11.380063368598293, 26.255729042066992, 21.080539747343682),(-8.5, 21.5, 11.5),true
71:(-22.75, -4.75, 10.25),(-22.58234133497612, -4.781475823534878, 9.780000165345548),(-20.015506924117016, -10.765513947452895, 11.041214341285764),(-10.156027888276695, -18.33080418341663, 11.88490079186159),(-3.4409513689501936, -22.81019015968518, 10.741037343510818),(0.8349214161909253, -11.673497363433091, 21.854036653359245),(-4.5, -2.5, 27.5),false
72:(21.5, -16.5, 6.5),(21.931078382645836, -18.106478697562906, 4.003322683586838),(19.53542942722336, -17.213543029819043, 2.433758420597261),(8.040778079652425, -18.29543890495185, -4.040681139840437),(-7.422657919646283, -15.350784511271039, -4.9463088038039436),(-21.87876662319114, -24.26355726831638, -0.8738137189187856),(-19.769505064126733, -15.454629867380996, 12.786196858652263),(-17.5, -12.5, 10.5),true
73:(-28.25, -26.25, 13.25),(-22.573439810803006, -19.84108643576509, 11.225121930840556),(-12.25, -10.75, 12.25),false
74:(-5.75, 22.25, 5.75),(-5.904887871220656, 21.819003127305855, 5.950627622915194),(-3.2485925240208986, 21.89051663296897, 6.885825648504068),(-1.185715186842447, 20.064957641196166, 8.074047622426866),(-10.451484385903687, 8.705594552997342, 5.449943888875513),(-11.413161910860659, 1.246720760254831, 5.457397955031313),(-13.275590599541088, -3.704725522638165, 6.6078614523310595),(-16.25, -4.25, 9.25),false
75:(20.5, -9.5, 7.5),(20.929841081646995, 4.312577267200577, 7.15048274570467),(17.783248654178983, 12.38810259615309, 9.630867923184857),(3.405741564857585, 19.6476472878562, 11.496634827904092),(-2.5, 18.5, 7.5),false
76:(6.5, -9.5, 8.5),(5.756857113294448, -8.86858826669784, 8.439001271973392),(-6.697397249697699, -4.86537112418789, 5.393464651985242),(-21.743685621623808, -2.2452587551813923, 5.758525536970016),(-21.307248305121817, 16.068820881195943, 7.7517922490768525),(-7.562506130789736, 23.12292864755596, 15.481332208205773),(0.75, 21.75, 8.25),false
77:(-10.75, 20.25, 8.25),(-10.49107967531451, 19.93931161919985, 7.956005109737364),(-9.794786407423022, 19.352753299027658, 7.790355272070593),(-6.410717229990809, 13.753754370860499, 4.648292655760916),(-6.924943528567987, 13.830238753270566, 1.6936824525193845),(-16.6730855091888, 25.487699540638697, 4.314213238665662),(-21.048399020424604, 7.957707740157579, 21.074792404698723),(-12.75, 6.75, 24.75),false
78:(-5.0, -3.0, 31.0),(0.3252065432407869, -13.286535684412833, 21.842617897179508),(2.0554674570445846, -11.433763713828768, 5.015622280422409),(2.2351940539068273, -11.262867712891598, 4.046863844462236),(6.319263792594907, -16.972129514596194, 4.632810230145248),(6.053331875604407, -17.661376381970296, 5.30676792269037),(11.951431055490847, -21.788864662522567, 10.53257419243249),(21.583491702571433, -18.32780459913399, 6.143589633435641),(22.088781749106236, -16.762079378578427, 3.6349672021819686),(18.36035811164274, -10.373221579582278, -3.506964353002228),(13.893943648849083, -4.922401698322842, -4.343820713453162),(19.323927807340898, 20.53378398605691, 3.5191587410576934),(20.57289604336057, 20.79723330788181, 21.251191746605425),(14.75, 9.75, 23.25),false
79:(-24.75, 8.25, 8.75),(-20.943449859703012, 9.72374836633, 9.555118928983154),(-1.335753785456867, 14.873161076803624, 7.539843126238078),(3.0, 25.0, 25.0),false
80:(-10.75, -8.75, 21.25),(-10.926123209195474, -9.544415945333874, 21.831277834586846),(-8.293387903359243, -17.028336768879292, 12.862828331738994),(-0.333462695947914, -19.724420534131976, 8.141832561200479),(3.2294157158894485, -20.068921542905173, 7.220520235837287),(16.95386206816052, -13.809244755835591, 9.456921404138146),(25.568780176945378, -3.7823917866136254, 7.851425755407334),(25.75, -3.75, 7.25),false
81:(-28.25, -26.25, 33.75),(-25.67919342605314, -23.272034623304073, 24.04128274822118),(-0.75, -17.75, 24.75),true
82:(-26.75, 27.25, 19.75),(-26.050704482413266, 26.0788142054466, 19.475497002454805),(-27.0, -3.0, 25.0),true
83:(9.25, 27.25, 8.75),(-11.785766733661493, 24.61528641899283, 10.406963554825314),(-19.967675509558205, 16.4410715496839, 9.467719654474248),(-18.5, 17.5, 6.5),true
84:(-4.25, 27.25, 24.25),(-4.277211389947427, 22.823035390437738, 19.680483923602733),(-15.5, 19.5, 10.5),false
85:(11.75, -1.25, 15.75),(16.7073292737931, 21.207446070716706, 20.040990938895906),(14.02645538508017, 20.931095810171787, 21.358771545185878),(-12.75, 27.25, 29.25),true
86:(-27.5, 26.5, 28.5),(-17.39764893926731, 13.044923270950667, 13.397998148217049),(-15.633854179498613, 11.787946296341424, 11.322176159048738),(-12.202518938123221, 8.076227773346137, 8.31970682802024),(-12.75, 7.75, 8.25),false
87:(22.75, 27.25, 16.25),(16.757239695568188, 23.263252049486862, 13.671343096218779),(5.0, 25.0, 21.0),true
88:(-0.25, 3.75, 17.75),(-0.33160533981635565, 3.2071136880043043, 16.914168066677775),(-0.9135239935581607, 3.1476142147875, 15.420778517363388),(-1.2883475759134437, 4.441069215025044, 13.981090224166122),(-1.3643947575372684, 7.600878936541169, 9.143517829623178),(0.8400019704699719, 6.543513413824431, 7.404951403822619),(3.065368453636656, 3.370563309947414, 4.4831843659304695),(3.1138513136914394, 2.9857636175395714, 3.7851551433317137),(3.6191565028339117, 3.894638136061692, 0.9711519849456267),(-3.154251084744721, 8.541494446304386, 2.0147738256014316),(-11.096034956523322, 16.090670398772126, 1.8140912637311946),(-24.571172607752352, 17.42930784664504, 3.3656688465235627),(-28.25, 10.75, 26.25),false
89:(3.25, -9.75, 26.75),(2.7763558230020746, -9.636691817819022, 26.636763744998344),(2.0808487019852815, -10.806009939153245, 25.677336799516677),(2.7567930022078304, -11.54296213005226, 25.676458547962778),(-0.2665284961917813, -10.69737046963973, 22.44266313115939),(-1.3414218645010758, -8.689911952105428, 20.489533707095617),(-5.224491470194381, -6.0555577466887005, 9.933249126757813),(-11.83134498875338, -4.403434424430205, 8.314615408971683),(-18.74729599605118, -7.156715642942007, 22.453985022049217),(-14.24743583277709, -11.326201385211235, 25.825430877463855),(-10.25, -10.75, 23.75),true
90:(-3.25, 20.25, 7.75),(-3.0715654512016264, 19.991313077455153, 7.361101314094021),(-3.1928598616958768, 17.30795178679624, 5.9767786225555515),(-3.6506397136766378, 16.72198212593116, 5.30814033194834),(-11.631782968074438, 11.200507994331074, 10.158834179472889),(-20.065694767582873, 10.861639230322096, 10.618271057779038),(-22.69301403796979, -4.695043703094284, 4.299241869581691),(-22.5, 0.5, 5.5),false
91:(-17.25, 27.25, 31.75),(-17.1658719462218, 25.806230722408763, 25.96334937244794),(-28.25, 18.75, 11.75),true
92:(-12.25, 5.75, 19.75),(-12.2195264572555, 5.720551017982604, 19.25179911616825),(-11.809297336654023, 4.796799822868702, 17.6110224555389),(-10.424494870702167, 4.371136181326639, 14.551514864331804),(-9.100931891401867, 2.48688254634768, 12.628556393928895),(-9.33519745461185, 3.936832800820801, 8.603312450360612),(-9.378132979851356, 4.155671337542014, 3.4185470934429003),(-9.98308163753979, 4.78371940678289, 0.5480780125636495),(-24.389119649402712, 22.73992570778865, 4.130632573008211),(-23.25, 27.25, 21.25),false
93:(-13.5, 26.5, 23.5),(-22.5, 26.5, 35.5),true
94:(-28.25, 21.75, 6.75),(-24.65908651533423, 19.78384065455324, 5.282146722890918),(-15.5, 23.5, 14.5),true
95:(-4.25, 18.75, 22.75),(-4.791299483533158, 17.928486778277666, 22.570804867080255),(-4.743240344505504, 17.18875611200061, 21.89962019761497),(-5.055041403545523, 12.117941541643367, 11.645041676283805),(-2.7337689801901135, 6.087492247940611, 4.299893830979234),(-2.0624799106669824, 5.352896068852143, 4.398582426102437),(-1.0220107432066796, 0.8427193627649516, 7.001313663954485),(-1.9526789723258213, -1.925631905676839, 6.315684097916839),(-3.8304384250400747, -5.9419732796561355, 4.638020000410096),(-16.889361670397022, -2.534620179897437, 5.767710420397244),(-26.74469147885963, -0.2933558339190251, 7.1844493133783995),(-20.75, 5.25, 9.75),false
96:(-28.25, -11.25, 27.25),(-27.948675279441353, -1.1689758274218813, 23.010323760493677),(-18.97749065010671, 11.364131704521746, 12.92706780955206),(-28.25, 12.75, 9.25),true
97:(12.75, 8.25, 19.25),(13.065297174574512, 7.8678234564835785, 19.182703779517936),(13.494203113619532, 7.12069205041831, 18.67492985588376),(11.858152622065251, 0.8147020531679554, 11.151751306701028),(12.854446462869936, 0.03237726565167559, 6.572639560310005),(13.169105470090095, -1.490067413789828, 4.5131516625674415),(11.706046040971406, -1.673957406488542, 1.9005587785818476),(1.8553874230317993, -11.73335489285629, -0.6563211534565596),(-15.93446372740597, -15.874328760523012, -2.91351115334624),(-21.41502971281486, -22.490343579701147, -0.6830464079007803),(-18.345001726269462, -13.554818723438348, 25.34506767199954),(-13.25, -10.25, 24.75),false
98:(8.75, 12.75, 18.25),(9.207709847893845, 12.608456273764133, 17.66110246843799),(8.745126084004978, 13.132304866315174, 16.51299081811257),(21.768691689651003, 12.20918475456161, 15.71503366971023),(24.02768636497031, 5.662438092226558, 6.7291769907719665),(23.154524144257163, -10.175375374117396, 9.639288534335915),(20.72629572880191, -22.52046241207002, 5.570649620941398),(13.989685151624846, -23.549220290783754, 7.170566855816532),(7.5, -25.5, 9.5),false
99:(22.75, -10.75, 7.75),(18.502549669141615, 6.697836974607009, 13.220167961671702),(11.0, 3.0, 31.0),true
100:(0.25, -16.25, 8.75),(-0.08715643262828321, -16.564614378452546, 8.943244230983197),(-0.9357457002892777, -17.052320833703128, 8.738210896333705),(-9.543687251367217, -18.62585678815811, 10.529399221876707),(-14.152431673482063, -16.670258796419365, 13.080654756200175),(-20.75, -7.75, 5.25),true
101:(-21.75, 27.25, 34.25),(-20.100773250407386, 25.57285545274435, 25.921628820946783),(3.5, 26.5, 29.5),true
102:(22.75, 27.25, 33.75),(15.49015299714585, 20.894851048728487, 18.824479838636815),(7.655738657312862, 19.038289063468184, 9.422308359871922),(10.782457842295099, 4.989969934822118, 8.311837427037801),(19.5, 3.5, 10.5),true
103:(-11.25, 3.25, 11.25),(-11.114145472330453, 3.733008003391257, 10.409223757912159),(-10.779107306103167, 4.051429861089764, 9.832603035391124),(-12.089563618048633, 8.873092893685659, 6.114963511371737),(-5.5949461379016245, 16.23066457473961, 12.243701859669448),(-13.75, 27.25, 26.75),false
104:(24.25, 27.25, 12.75),(20.694688085957015, 22.52215170386539, 7.737897463807627),(-0.9925034001662798, 17.44216196385149, 9.055586615310572),(-1.25, 16.75, 17.75),false
105:(-22.75, -0.25, 16.25),(-22.071123057044442, -2.3566229537728898, 14.616733667323171),(-22.269102884525637, -5.058047796652609, 16.113424041066416),(-28.25, -14.75, 34.25),true
106:(-4.75, 22.25, 8.25),(-5.668156632543491, 22.222775854153053, 8.645281221409899),(-16.085783903011368, 20.15858765113724, 14.22781227327828),(-21.244178199835833, 5.843678514677643, 23.95071954869702),(-14.5, 8.5, 25.5),true
107:(-5.75, 15.25, 17.75),(-5.418857823693724, 14.16465614781534, 14.764655048033408),(-12.290984991465182, 8.446076704522481, 4.832289510330531),(-11.02629929773966, 7.166016085643125, -2.506240685563763),(-10.591981791306065, 2.722262714669062, -5.697846237221059),(11.545734710371015, -18.032915626357028, -15.61010075879205),(18.999906719903244, -27.968054941787653, -14.532764966834227),(18.218442954020933, -21.532951437298742, 10.157659818202287),(17.556900250118137, -15.264843995754855, 13.202851167227031),(9.5, -17.5, 14.5),false
108:(-28.25, 20.25, 10.75),(-10.124791699465435, 10.984861583333181, 7.228515118576089),(-7.405121889104105, 12.069782522767273, 6.5755659032563845),(-6.406599778596626, 16.832886220814718, 13.38496439588603),(-6.25, 17.25, 14.25),true
109:(-16.25, -10.75, 7.25),(-22.75, -1.75, 13.25),true
110:(7.0, -27.0, 5.0),(5.120406447527008, -25.412891450232813, 3.3439775543019215),(-1.9206002302614031, -24.609414683031023, 5.908707986109452),(-5.78278086797387, -20.161890831688172, 12.550934172825198),(0.5, -13.5, 14.5),false
111:(-15.75, 11.75, 10.75),(-22.586959056049857, 12.773875704821121, 7.591565156012889),(-22.662801469706586, 0.08663876348809829, 15.656797417606349),(-20.133421958887673, -12.46452343853421, 20.74242720465785),(-6.402429328837834, -23.669801776000412, 14.353022220162579),(0.75, -19.25, 28.75),true
112:(21.25, -14.25, 5.25),(20.868661637469863, -14.366730133849646, 4.658292229089677),(12.528917568095663, -16.07046959777405, -1.1642092178797845),(3.7767560473835062, -16.099224632620835, -4.82423853686264),(-7.711691631735624, -17.453934770417195, -4.816327370386811),(-20.135279113174494, -19.131349981938357, -1.9071174463478449),(-19.638385007066326, -21.37432020300218, 2.516189365841411),(-18.191291567956164, -5.787437188132621, 16.075153931034205),(-14.5, -2.5, 17.5),true
113:(22.25, 7.75, 13.75),(21.868061341656325, 7.796045134058795, 13.43062137377066),(13.412183899263571, 14.38272585022319, 14.995334150574793),(0.25, 27.25, 33.75),true
114:(-12.75, -1.25, 15.25),(-12.406179384320614, -1.0078668379271583, 14.979520950795713),(-12.36657591457794, -2.829291884779248, 3.357687776486996),(-11.023857780769069, -1.6042700914940797, 0.9709683503463333),(-3.59017057987851, 7.809172931830595, -0.4581602361527466),(13.569590897879275, 24.19758495901619, 2.2659353173529913),(17.18802501573976, 23.504740089780583, 8.331402235080086),(8.12899038929334, 21.48957189678452, 14.196604627923339),(10.75, 17.75, 9.25),false
115:(7.75, 27.25, 5.25),(10.267744371275889, 24.603078270656212, 6.049379394926933),(26.5, 8.5, 18.5),true
116:(7.75, -11.75, 16.25),(7.848079305007786, -12.001239313098582, 15.828978317086943),(7.998823531519578, -12.25717509749609, 15.116995270531195),(8.563099797116065, -13.500971403111029, 13.348847544196955),(-1.763201980830245, -9.866668905705415, 7.984838768768743),(-2.2362790896039106, -4.72202437771282, 3.261616274565214),(-9.11693474255681, -4.318243543525433, 4.994845668583512),(-15.674332249187076, -4.3215785558352, 14.268760973929316),(-14.75, 2.75, 25.75),false
117:(19.75, -9.75, 18.75),(19.697927329655187, -9.253659186908868, 18.7194347539975),(21.56041017787264, -3.5538027123249822, 17.821374264076827),(15.081207804192138, 11.793474474150365, 14.257224228564443),(12.572003908011661, 19.285369998823864, 10.065096555330145),(21.75, 27.25, 8.25),true
118:(-21.5, -3.5, 8.5),(-28.25, 6.25, 13.75),true
119:(-28.25, 16.75, 31.75),(-24.036034916502476, 5.271373681871079, 21.512188247829197),(-16.532240657753015, -9.715273266597142, 24.57032486764206),(-14.75, -9.25, 21.75),true
120:(-1.75, -19.75, 9.75),(-28.25, -22.75, 32.25),true
121:(-23.25, 27.25, 7.25),(-22.88206446195739, 27.02221215452936, 6.999528170643604),(-10.25, 27.25, 22.75),true
122:(-28.25, -20.75, 19.25),(-15.89007733355117, -8.611035145101896, 5.176803760282398),(-14.801170892642324, 2.178213446578584, 4.597143061952744),(-11.551645810298803, 5.765660060077941, 4.4763534653807024),(-12.455990656647149, 8.619203438688231, 4.277731751380048),(-13.30937057431368, 10.116345340224738, 6.73340046738942),(-9.5, 11.5, 19.5),false
123:(-4.75, 27.25, 33.25),(-4.523004876415522, 25.82162916017072, 26.50445795949934),(-9.75, 27.25, 9.25),true
124:(17.75, -2.75, 27.75),(17.46436953708178, -2.905875067974608, 27.370370968132),(19.84873674716208, -4.245226757685984, 26.137111036584244),(25.353000333885774, -17.43578647553221, 13.095812476803134),(9.443772063059894, -20.02978559882278, 12.833310982714142),(-4.2062530255520985, -18.21882256989097, 14.745419454731355),(-10.58433551663125, -20.72723209281653, 16.169478934628867),(-11.52060183383351, -16.586133995567543, 21.973082157159958),(-4.75, -10.25, 30.75),true
125:(-19.25, 27.25, 9.75),(-17.04272379479918, 23.732452131195586, 9.64242311468235),(9.25, 27.25, 24.75),true
126:(-28.25, 14.25, 34.25),(-25.699967525796556, 12.815940547849202, 23.37666408113676),(-27.75, 27.25, 7.25),true
127:(-28.25, -8.25, 32.75),(-27.950982751931072, -8.143358579441886, 27.5),(2.5, -21.5, 28.5),true
128:(-1.5, 22.5, 9.5),(-4.7919755611310935, 22.98300997503394, 10.44903536638245),(-14.970337913030537, 19.54529956414868, 13.44715655756833),(-28.25, 13.25, 34.75),false
129:(25.75, 27.25, 14.25),(25.250988468100836, 25.985129992384433, 13.768077247744822),(-10.25, 27.25, 17.25),true
130:(-28.25, -25.25, 24.25),(-27.393110607059704, -24.799429113949007, 24.059892306526542),(-20.5, -5.5, 18.5),true
131:(4.5, 26.5, 16.5),(3.5668439068472777, 25.560465067085897, 16.017820164078497),(7.5, 14.5, 7.5),true
132:(2.25, -17.75, 28.25),(1.0056684575317294, -17.487898512956587, 25.75824024160729),(0.7962804439916905, -16.927213091785134, 24.172045379131063),(0.11157605701322659, -15.712158243577692, 20.23593229138285),(1.1128494314877637, -10.952717563696218, 17.711909328494595),(-0.42685259813259857, -10.43903129390993, 15.188926158472253),(-1.5808448096018348, -8.279859164133153, 10.201967540874268),(0.155488063007565, -6.787530525543196, 8.26338471057265),(-1.0866560991582674, 1.483566675762991, 6.631877407998334),(-1.74472408638219, 3.6894769406553927, 4.664917221458878),(-2.6529619428642173, 5.015268352356116, 2.131662175334715),(-20.751395342766443, 20.869528951771834, 1.4853185571687848),(-22.66781097711123, 17.011381016074022, 8.307444999646513),(-19.773386972174645, 12.064420835146228, 13.555545819909781),(-28.25, 1.75, 18.25),false
133:(-5.5, 17.5, 9.5),(-4.5797056050438165, 17.331452527028496, 8.988889959540696),(-1.2825995548618674, 17.613583169182967, 11.221744762953676),(1.275675503986128, 26.05163430997794, 26.917742037501913),(-12.25, 27.25, 30.25),false
134:(-5.5, 15.5, 25.5),(-2.7833952696135675, 16.247730910229823, 9.06704442935657),(17.25, 27.25, 10.75),true
135:(-18.25, 6.25, 11.25),(-18.641543231704762, 7.157373311148222, 11.097135445828336),(-18.357181494342036, 7.579031567660616, 7.632685298629941),(-22.358522133485543, 10.713315359068723, 4.963017956777851),(-21.958389969835405, 0.688444116519924, 22.823746770017067),(-28.25, -5.25, 30.25),false
136:(-28.25, -21.25, 22.75),(-27.83659323123877, -20.41539875947817, 22.721096334151184),(-22.25, -2.25, 23.75),true
137:(-28.25, 6.25, 14.75),(-26.54955724341641, 12.838568398199971, 17.43736321215488),(-13.75, 19.75, 18.25),true
138:(14.75, 20.75, 6.25),(13.876244985156305, 20.423665349124306, 6.138918514422914),(-15.0, 25.0, 15.0),true
139:(-5.75, -15.25, 5.25),(-5.952970225802179, -14.79616928349986, 5.196701142612783),(-7.951886107162053, -12.260009950613089, 2.3710047635428193),(-9.623944130565782, -10.372098522730926, 3.995816262407579),(-7.737222244373113, -8.044470497053553, 3.846055458981486),(-5.17772127971516, -1.5918955780098454, 5.217871377590536),(-1.5080245682224476, 3.954454074770562, 3.75416122838233),(-2.5, 7.5, 6.5),false
140:(16.25, -17.75, 23.25),(16.183632383572597, -17.7985792654011, 22.75681099519268),(14.22015498862088, -16.936000783436292, 21.385769350180862),(21.59030792573678, -19.40158008383488, 2.0586750504380893),(18.296970935690652, -14.784148258676542, -3.779136255668298),(23.729326899447585, 12.504282395097524, -4.836656450298315),(23.775896259712006, 15.495146364540886, 6.541233102376734),(15.75, 8.75, 17.25),true
141:(24.25, 27.25, 9.75),(18.258413515664124, 23.46755769229288, 7.606138924127506),(-4.25, 27.25, 12.75),true
142:(-0.75, 7.75, 19.75),(-0.49820421920007296, 7.454691191976803, 18.869758157714028),(-2.047488069787546, 5.589393809956869, 17.1032969419104),(-3.117925296969657, 7.233405595382628, 8.560342086560071),(-5.200530298476398, 9.272059509408088, 7.8485509468794925),(-2.8051418931447354, 14.627408162585159, 14.005468603151535),(-2.5023424019214784, 16.25578752938328, 14.100295715700803),(3.4210083395496245, 21.059121255998157, 14.309603225911673),(19.489865063748162, 8.997478536555967, 16.953765724321414),(13.175809777333402, 6.5109546575580115, 15.236237023172352),(12.5, 2.5, 13.5),false
143:(-28.25, 7.75, 11.75),(-20.27089741263128, -6.436778210713637, 13.175738341707628),(-16.304513542333964, -16.25089186151483, 14.078780147496547),(-1.75, -19.25, 10.25),true
144:(-28.25, 19.25, 14.25),(-25.374595177944812, 16.84568174064598, 14.211532998560658),(-19.56534934643017, -4.320877118782083, 6.298826720721593),(-19.40554698715723, -5.2337177056566375, 6.67457300337163),(-16.75, -13.25, 6.75),true
145:(-10.5, -3.5, 6.5),(-8.219614012756727, -0.7775718757307714, 4.801896008650243),(-7.534829635463691, -0.05982333630088743, 4.9280205136508854),(-9.18740133814573, 3.087542387267538, 6.218032960858052),(-13.612576891487691, 10.382872960748681, 5.568517826475644),(5.192858847004301, 21.02898719459265, 14.058525645012134),(16.207140589818152, 18.000430676658574, 19.16002795096379),(12.25, 5.25, 15.75),false
146:(4.25, -11.75, 10.75),(3.705777076718872, -11.414501318859386, 9.98106434292052),(2.289875222663215, -6.955452292637562, 4.288986952207252),(1.2117485270079307, -4.068479730460334, 4.251672586670193),(0.8601276332661123, -2.450434250886498, 4.280774147292271),(-6.166663873898368, 3.075714257278909, 4.351881174817636),(-12.095206370458083, 5.1681120943876575, 4.480744843176809),(-8.215885879282538, 14.989411184001069, 10.270759354142143),(-9.75, 19.75, 9.75),false
147:(-28.25, -19.25, 21.75),(-28.5, -14.128286815617246, 16.716443364672674),(-28.5, -5.932643308352521, 13.205812226563346),(-28.25, 3.75, 15.75),true
148:(-25.5, -3.5, 11.5),(-25.205423236213647, -3.210055493450098, 11.218651971112836),(-23.496639612599218, -3.571840297819389, 9.137450369805073),(-23.018168956671516, -4.449912652690745, 9.144851114820652),(-14.25, -8.25, 14.75),true
149:(-12.25, -1.25, 15.25),(-12.97559723579646, -1.1125893694745423, 15.436294678843067),(-19.98807294489074, -7.658285563262201, 16.406499910328076),(-20.380330645493952, -8.93430718294767, 15.87023792066133),(-26.900307809108973, -17.228883436967365, 4.553664617294158),(-24.765548424537446, -11.504855194188506, -7.877742036604789),(-22.493612362542404, -0.8985085180185058, -12.05922064127818),(-22.417416653561183, 10.281245917587283, -9.836931031146753),(-16.954798631698292, 24.588256589161478, -14.177189137150974),(-15.146941353586431, 24.078133485358293, 9.102872648587063),(-10.75, 25.25, 6.75),true
150:(-4.75, 27.25, 35.25),(-4.561018688625337, 26.134983661764988, 26.683496706883275),(-18.25, 27.25, 16.75),true
151:(20.5, 26.5, 28.5),(13.254760242068269, 19.388983601232287, 15.898350109046513),(-0.75, 24.25, 6.75),true
152:(23.5, -4.5, 6.5),(14.47177620754453, 7.784547545502079, 8.910191429620596),(14.780989139689103, 16.470202228586704, 15.115532932863847),(5.398015462497019, 24.851325072630683, 18.393964060882016),(-0.4415625838128283, 19.347627980548296, 17.652804330018547),(-2.5, 17.5, 21.5),true
153:(1.25, -25.75, 14.25),(0.8925171669749491, -25.461244085986376, 14.447043259754148),(-1.025157298194702, -25.518922949084214, 12.140704647497042),(-3.828426215827446, -24.640028905812667, 11.533062782468035),(-0.2739692351771854, -12.651142588779262, 3.831695614928109),(13.32099547498007, -8.688333488121877, 5.53763504331416),(24.75, -3.25, 7.75),false
154:(-17.5, 8.5, 5.5),(-18.284874597951102, 12.81782263322209, 12.413472614973447),(-22.44434018938859, 13.190644794854345, 18.031287993698832),(-28.25, -4.75, 35.25),false
155:(19.75, 27.25, 27.25),(16.54714928572053, 25.463981272329498, 24.53241649240703),(1.75, 27.25, 28.75),true
156:(-28.25, -2.25, 35.25),(-22.00066345992834, 7.232873093997264, 20.30109601414536),(-19.061165874659928, 13.374283892129675, 7.458723937779673),(-11.0, 11.0, 9.0),true
157:(-21.5, 26.5, 33.5),(-20.22648999385427, 25.1013356599706, 26.063376481834453),(-23.25, 1.75, 6.75),true
158:(-16.75, 27.25, 20.25),(-16.16401677395799, 26.661986962533504, 19.055830390949723),(5.865367000217158, 20.027523563362035, 6.822667112267512),(4.744496747195903, 14.237528071894378, 10.360459128994325),(3.75, 13.75, 13.25),true
159:(-28.25, -7.75, 31.25),(-27.391404913358627, -7.424867458274581, 27.447228778417234),(3.75, -19.25, 31.25),true
160:(7.75, -23.25, 20.25),(8.38277150983819, -22.986067508099325, 19.906216496667213),(20.063869957128738, -9.518594099828954, 13.347576200647095),(20.554805880393577, 1.4979754973406756, 8.867770053691483),(16.091897470165037, 6.3032019309624125, 6.419863306379755),(13.630366772188559, 9.178547652299304, 6.96675987800954),(16.483692237297557, 14.829599591167673, 10.325625570514097),(15.5, 11.5, 20.5),true
161:(18.5, -12.5, 14.5),(18.32967264410564, 3.2578167779515397, 13.783165672054174),(15.030909631847118, 6.5433699884622225, 14.02267525949218),(13.352694034494917, 15.572155486165345, 6.100394906503817),(1.8237632402675685, 15.192467822928856, 5.395112755100389),(-7.5, 13.5, 8.5),false
162:(-22.25, 0.75, 6.25),(-24.434055494916542, 8.920910627350576, 17.70986672150806),(-15.5, 26.5, 20.5),true
163:(-2.5, 21.5, 31.5),(3.5531013283314796, 20.565057662179065, 17.071546985234118),(6.246449775604073, 19.256812399066735, 17.256934344885362),(8.5, 13.5, 14.5),true
164:(-4.25, 10.75, 26.75),(-0.47760069479076933, 11.1775926168423, 21.63126325412945),(-0.4743669625430602, 11.019101860576004, 19.741128585479064),(-2.992534776005046, 11.770501050431072, 14.388862582898472),(-2.640840587682903, 14.948911744553772, 8.615879668800767),(-8.452888352700214, 10.225737792844992, 8.220080733405254),(-13.793810398680247, 3.5852359776089013, 6.15000357875198),(-13.974721282289638, 2.7219782014854745, 4.37817843290249),(-17.245997582619843, -4.412424187044008, 4.10567269147849),(-18.042180173991447, -15.458722965717717, 19.104167778230156),(-6.0, -22.0, 22.0),false
165:(11.75, 27.25, 33.25),(9.91380051291227, 22.35994035621345, 23.115957938554992),(-4.5, 22.5, 9.5),true
166:(14.75, -10.75, 21.25),(14.13464809163348, -10.418275527237011, 20.698582513963977),(12.602450430372704, -8.37211804594225, 19.180640257226116),(9.871561760679814, -7.14138366366131, 19.34659191890672),(10.456076129953676, -4.802956985094978, 17.560505800859328),(12.276744044395695, 5.656543106416357, 13.179863784638954),(18.545914915924847, 4.5068250951185185, 26.49648802959304),(15.334008716669926, 10.718633030304758, 26.808097951683244),(13.25, 8.25, 20.75),false
167:(14.75, 6.75, 25.75),(15.21621112676197, 7.38735493065737, 25.384114360504398),(16.866059774855163, 20.39806000283257, 9.72427306934465),(-0.8855891866110754, 11.532537849661821, 8.074797530294507),(-1.3183474743815426, 11.780998527385, 8.106222933892742),(-3.406352192663182, 12.534395649768726, 4.250593942097387),(-4.70609411222824, 12.791287023111344, 1.5590000342376817),(-18.86482912248848, 19.726961182124967, 2.6070993260380546),(-21.77781350762538, 18.483946034412863, 4.954126765247096),(-22.05389458692436, 16.532035682635982, 8.191783000055255),(-18.25, 13.75, 8.75),false
168:(-0.75, 22.25, 8.25),(-2.3285254453673074, 13.03425310295217, 4.541974149634729),(-3.1894202405679333, 13.634349733502063, 1.7315036933589232),(-13.604924648916608, 4.916026859386637, -4.204336522253745),(-23.698151587015346, -9.03543737749493, -12.640813053804123),(-25.22165389955228, -16.375785173122168, 3.8120698157109807),(-27.5, -5.5, 18.5),false
169:(-13.25, 16.75, 8.25),(-13.457187212584163, 16.795771086130244, 8.702745476637881),(-14.273521252083764, 17.337785829836502, 8.503199107191323),(-14.627722486040673, 15.34827009504271, 5.9834974023826195),(-12.659142412757218, 13.427269919621258, 4.785811792089978),(-10.62194823628132, 11.371642232420186, 5.575897039987351),(-4.131802253306785, 13.759482145565192, 6.660436420955671),(8.75, 27.25, 10.25),false
170:(-24.25, 27.25, 23.75),(-23.30324899187412, 25.270295069804813, 21.838301642304188),(-21.14722801910667, 20.387623476795607, 6.737954501339709),(-12.812948210057233, 9.540556682684345, 12.676269135041025),(-5.015617161191726, 17.061210111567835, 5.314706002444577),(-2.25, 19.75, 9.25),false
171:(-9.75, 9.75, 19.75),(-10.020405444777674, 10.25417438276394, 18.929823746259874),(-9.471772771782069, 10.656074276256849, 15.229181667892773),(-11.819913391414016, 8.323943482084994, 6.0788422347184605),(-7.725294893260207, -0.03348806224118328, 6.234345166252172),(-9.854502750993243, -2.009851650152574, 6.982984509959081),(-12.699865763159448, -0.40182243782531435, 13.17315020897705),(-16.25, -3.25, 16.25),false
172:(-28.25, 0.75, 17.25),(-28.110534511984735, 1.200399538998949, 17.083597978010488),(-21.992756892386467, 20.525847721511326, 19.847184312773795),(-12.75, 21.25, 24.75),true
173:(1.75, -23.75, 28.25),(2.2591235714638382, -23.79761260924025, 27.390624512555053),(4.120895426458365, -28.0, 24.878874313166108),(-3.2478236053422234, -22.865206052044602, 23.17112800183647),(-28.25, -7.75, 24.75),false
174:(-28.25, -27.75, 9.75),(-21.45565077078538, -21.034611273780126, 6.14661477583575),(2.5, -19.5, 8.5),true
175:(26.5, 18.5, 35.5),(24.040575378118984, 17.1978715594248, 25.723376254652816),(26.5, 15.5, 12.5),true
176:(3.25, 15.25, 10.75),(3.677964002155462, 14.463721789077386, 10.304339380371776),(4.589660240333877, 14.461341036870907, 10.715197386634594),(8.275447335463458, 23.324436234439055, 24.338718685942844),(5.5, 13.5, 31.5),false
177:(-1.25, -17.25, 20.75),(-5.241845489442404, -19.51753835697228, 19.831444506726104),(-14.301915450488504, -22.39651612809184, 2.532366406903307),(-11.25, -16.75, 6.75),true
178:(-24.75, -1.75, 9.25),(-24.487333511063593, -1.6059196592695582, 9.65030884452485),(-28.25, 15.75, 29.25),false
179:(21.25, 7.25, 6.25),(21.02535547692171, 7.81589969537416, 5.889621658400348),(22.2904938573711, 10.074383238118298, 8.448208767336173),(27.0, 10.398264621824744, 19.15600822243918),(25.0, -15.0, 27.0),true
180:(-17.5, 17.5, 17.5),(-16.21600322321256, 17.158674473441174, 10.633493246509907),(-14.439515526725597, 18.3643808708975, 8.538173808485402),(-13.517149325509513, 15.999904701599068, 6.938644804161308),(-10.416827725110682, 2.8497235073735636, 4.364769900677679),(-13.900494322598917, -7.014590706117274, 7.244392003076575),(-14.25, -3.75, 16.25),false
181:(-21.25, 27.25, 32.75),(-15.123048211458293, 20.247864474366164, 9.684364280944814),(-6.987541160300755, 21.0818453730513, 19.90612880084986),(-6.5, 18.5, 20.5),false
182:(7.75, -24.75, 20.25),(7.930530549858699, -24.63482568974222, 19.79817746976898),(7.34162169621133, -23.901528654556994, 19.458380735993778),(6.902267708357195, -20.27571671629652, 16.739106406541058),(4.44790644013444, -18.752718192728327, 4.167239807617134),(-4.2913329750633125, -21.512057447694, 12.131502619356509),(-9.0, -23.0, 5.0),false
183:(-25.25, 6.25, 5.25),(-18.345629278873727, 7.38445807573085, 6.813407926687203),(-11.057450352100963, 9.774116541749232, 9.947313041410897),(-6.818837968642245, 15.246671211455066, 10.989095384259576),(-0.5, 17.5, 14.5),false
184:(-14.25, 9.75, 17.25),(-14.053187295286502, 9.471317102013256, 16.884485839353566),(-10.78049140924917, 9.94406316797841, 11.483344254635842),(-11.205050447765714, 3.103764156991341, 3.260423590291673),(-11.36818010726737, 4.013181112094301, 0.406242531570602),(4.205628076772104, -8.711375559233527, 1.0452136913328856),(22.366942395040248, -21.88412121558485, 4.513051448861643),(17.674031727160003, -13.334504063248712, 14.837125965838158),(20.75, -5.75, 9.25),false
185:(-16.75, 14.25, 16.75),(-16.84295587284977, 13.428102159048539, 17.145726435528644),(-21.36906924896705, 9.314444609205527, 23.783146545190103),(-21.52564359834937, 1.3855819564483856, 23.211562642861715),(-16.10810114414551, -20.35448882129335, 20.217349292835372),(-1.25, -17.25, 21.75),true
186:(-20.75, -0.75, 11.25),(-19.89543746031528, -0.82374362629211, 11.206069272168195),(-17.825246967282485, -3.818285510026281, 8.911582102359244),(2.0290271191880564, -7.571780851951262, 6.359088530990311),(5.084175279843713, -9.64462743385911, 7.885571943989667),(7.109104336278545, -11.77359909282356, 7.279649513531693),(8.213676125703039, -15.156153658803401, 7.374554755149473),(14.5, -16.5, 18.5),false
187:(-28.25, 21.25, 24.25),(-26.939051837229353, 20.04433199703482, 23.055411426702605),(-15.071759900520991, 11.047194089741133, 8.91844177158187),(-3.4974367680069927, 14.281578667222877, 8.121808172136436),(2.3584650759992587, 23.74385628895244, 19.18260102478291),(2.5, 19.5, 20.5),true
188:(-1.5, -25.5, 7.5),(-14.974507788404273, -20.25475323423568, 19.917231305153283),(-21.704775011123715, -7.870761475774432, 20.85636071404822),(-11.75, -0.25, 26.25),true
189:(21.5, -16.5, 31.5),(21.251054331911753, -22.397391805485228, 25.652366317341762),(8.389687137789162, -13.17894899572611, 6.4641288238980765),(5.273475314795428, -8.988064037619546, 6.750255548940658),(-0.9127996157300058, -15.48626531405009, 13.475556708914697),(-1.25, -17.25, 16.25),true
190:(-28.25, -1.75, 6.75),(-19.965131252900235, -11.547798316818703, 6.536134112122963),(-11.5, -15.5, 8.5),false
191:(11.75, -11.25, 9.75),(11.911290935474364, -11.397114608870552, 9.30017500515126),(25.0, -23.0, 15.0),false
192:(23.5, 26.5, 24.5),(20.043714595492986, 23.616862372797428, 21.753624416337388),(4.459558210583106, 14.598690659281575, 7.800485595691425),(-2.790100104851183, 16.231175326013233, 5.359961013925505),(-5.5549909882289175, 17.386616103669958, 5.502561898714891),(-5.75, 18.25, 5.75),true
193:(-13.25, -8.75, 10.75),(-13.689558804833556, -7.948272264892408, 10.231689111028572),(-12.681577543757628, -3.7643434269065246, 7.690167576750257),(-11.016418693601707, 4.850275300339192, 7.278747853021659),(-11.30375469046018, 5.302544087699089, 6.46168101632027),(-6.102418178159944, 15.088994190926565, 6.004093975982388),(-3.2309432722520537, 14.337009949289179, 6.439009559826332),(-2.733100821501208, 23.107002397104303, 9.394490065865254),(-8.93297526228233, 24.914721133276625, 12.095176995044664),(-9.25, 19.75, 21.25),false
194:(-10.75, 21.25, 8.25),(-9.271198711983155, 17.85912287841473, 6.949258892370445),(-7.901534533851107, 17.113472525418338, 6.444285054391567),(-7.648442211060925, 16.357587772716723, 7.048091742643601),(-2.826081231761648, 16.48066209052737, 22.5423197005264),(-5.0, 7.0, 31.0),true
195:(-18.5, -5.5, 14.5),(-18.272533728525918, -5.154674260966976, 14.218914195835195),(-23.137467273719817, 1.9935067260840222, 6.2910790086038535),(-22.031498179386315, 14.639218431153406, 13.83000688218379),(-28.25, 4.25, 19.25),true
196:(-28.25, 19.75, 8.25),(-21.50154504511258, 12.156823841471999, 20.78317303229348),(-18.56281344659985, 6.9425318938974385, 27.5),(-12.75, 7.75, 26.75),true
197:(13.75, -13.25, 28.25),(13.489153748749112, -12.92923525161821, 27.5),(13.935636054121478, -12.836033037982386, 20.363820561920594),(17.02631498296879, -11.089859142159522, 12.28578364440436),(27.0, 4.165525254736653, 19.73122491224273),(11.766062192522737, 23.769375314794132, 25.550961621394833),(15.074812128238266, 10.915800835832648, 22.771100521278573),(12.75, 9.25, 16.25),true
198:(22.0, 22.0, 34.0),(20.83639559959364, 20.849795709481143, 25.85240226444422),(22.25, 9.75, 6.25),true
199:(-27.25, 27.25, 8.25),(-15.137589770273507, 10.265722035896465, 7.763456503474425),(0.07286768356264783, 17.650058591874668, 8.600296783550833),(-5.5, 26.5, 25.5),false
Total path: 200, feasible path: 112 (0.56%)
