ID TP TN FP FN acc pre rec
all:    102478 569565 42705 25784 0.9075137873852852 0.7058539911697651 0.7989739751446259
bottom: 50214 194283 14868 15961 0.8880272840196712 0.7715497372545405 0.7588061956932376
top:    42556 295743 24810 7157 0.9136647707323924 0.6317133271976961 0.8560336330537284
=== path ===
0:(-32.5, 10.5, 34.5),(-28.95257123415259, 7.963739093108882, 25.003127188033783),(-27.811222907133917, 7.04256131677039, 21.19461869001017),(-27.49948671830485, -0.4987686377527032, 7.28834707901543),(-27.31840565342781, -1.3412987639491303, 6.7810477251873085),(-27.50018496766369, -2.48665448975775, 4.014259597723743),(-25.39998144066178, -6.320783090864646, -0.0865200996757489),(-32.46503052379258, -11.380905927537388, 6.767916670247144),(-33.25, -6.75, 15.75),true
1:(9.75, -7.75, 16.75),(10.018548033885777, -7.9639347188730705, 15.810790816933318),(16.441152400809806, -17.491566146314668, 10.634976860479256),(11.616571380261128, -23.814770833831126, -2.4122406906632845),(-5.278407528066574, -15.56103092986437, -8.59228562990739),(-15.090976591287635, -15.464947260737322, -9.096849093440694),(-30.284584636261677, -11.780549720212887, -2.8579585469623128),(-30.77516811966613, -12.637424706383438, -2.699550517222745),(-27.117390403669347, -18.304050973792883, 16.27850883522535),(-19.75, -9.25, 15.75),true
2:(12.75, 28.25, 29.75),(10.551956660235508, 26.007846481984636, 26.83639294391393),(7.75, 12.75, 11.75),true
3:(-28.25, 9.25, 23.75),(-28.99987110425245, 11.770794184049965, 10.852559942466495),(-24.75, 11.75, 13.25),true
4:(-33.25, 0.25, 38.25),(-31.19154495881683, -1.90131836169521, 25.687589522879755),(-33.25, -6.75, 25.75),true
5:(-6.75, 16.75, 15.25),(-6.813344357488805, 16.131988928943162, 13.37669275494492),(-10.477299008051983, 16.859090388347973, 1.1659102104103),(-15.813588353812857, -11.277010958221895, -8.792800091442553),(-17.610365975737395, -20.65295603845235, -4.174570895596601),(-28.207537102825196, -19.0944640885506, 9.802754335262186),(-25.75, -12.75, 15.75),false
6:(7.25, 2.25, 24.75),(10.997870106188389, -10.461914669939052, 19.6674929189999),(21.0, -11.0, 21.0),true
7:(-33.25, -21.75, 32.75),(-31.753611279967473, -19.00691316552379, 26.906487864935112),(-28.120012863463984, -15.490296054177051, 24.66788410418544),(-22.424646495786398, -8.779284526789203, 20.34261449427877),(-19.5, -13.5, 23.5),true
8:(-25.75, 14.75, 22.25),(-22.560284786197556, 13.427303788786613, 19.239520247645356),(-18.377575452990246, 11.174378319859198, 11.293908382489542),(-15.77402040867149, 11.208920352275877, 11.248399694900767),(-10.166525345877211, 8.031351660994632, 7.6643207995962515),(-10.027925645935625, 6.957943850246823, 7.940276567006144),(-4.230238519379455, -1.6665597315882867, 15.033490368531233),(-4.237686622188722, -5.845428576871942, 20.649271676566848),(-8.25, -13.75, 14.75),false
9:(-17.75, -13.75, 13.75),(-17.585593969259314, -13.490199806158195, 12.998329543582269),(-14.66738450860258, -12.701061886121385, 8.786990809617828),(-5.13676437335026, -11.331993774380853, 10.639148155041394),(-0.9457317632121045, -1.911468632820101, 5.898551996065729),(0.005792754179359982, 0.1384916786792788, 6.6963386357767885),(8.607595258392505, 2.4486868018281824, 5.510528136729642),(5.755076152297385, 13.26190744374684, 11.082581373403976),(10.07230603811451, 15.08564917578629, 17.303758424909226),(4.25, 12.75, 18.75),true
10:(-25.5, -26.5, 16.5),(-17.920022327408102, -26.037429095905292, 10.434262283187644),(-3.604179849110436, -4.589745510481922, 13.369757893708718),(-4.894080781244404, 3.6868761704484916, 7.544990191899158),(-9.391992221970796, 2.445920692833266, 13.743310120837862),(-18.25, 6.75, 18.75),true
11:(10.25, 17.25, 9.75),(10.24310795195875, 15.942676635123819, 9.956074434017196),(2.75, 13.75, 30.75),true
12:(-24.75, -12.25, 8.25),(-24.980706315769666, -12.652619753811882, 10.332752470141152),(-33.25, -16.75, 31.25),true
13:(-33.25, 21.25, 34.25),(-32.15675692492068, 20.393997600097553, 27.8007720464757),(-22.25, 14.25, 17.75),true
14:(-26.75, 19.75, 14.75),(-26.753501442196225, 19.28822373742236, 14.941703998973345),(-27.37735763286658, 18.513124667877147, 15.986831285599372),(-23.68636223073412, 13.91120102265401, 14.427899778621322),(-14.96244382562012, 7.616918383436811, 7.791737268833253),(-4.26546862354225, -1.6625086793407342, 10.86729737778362),(-6.816213432191822, -9.463623887827728, 13.736709325816564),(-1.578412620557259, -13.289565822201979, 16.368744844656867),(-11.25, -15.25, 26.25),true
15:(-27.25, 7.75, 7.25),(-26.889019140975673, 8.066866672504709, 7.388882436880452),(-27.370362025486145, 8.943245037735151, 7.405313763277149),(-26.267181426805646, 10.331543173802439, 4.985474749605572),(-24.436867737974506, 4.365418944087684, 4.843649069303604),(-24.298157601541156, -20.89453416820068, 1.398604229076166),(-23.143171027280573, -21.433922839042285, 8.281558963421404),(-24.25, -10.25, 13.75),true
16:(-29.25, -3.25, 10.75),(-28.72377328931522, -3.1253784219408325, 10.097142771727778),(-26.443015001274013, -1.9722001892687053, 8.590552007910286),(-22.968412687579793, -0.9436134556915734, 9.592927393023494),(-12.461673522424642, 16.681908758647094, 8.607814587526665),(-12.244292509014583, 19.26991379177799, 10.109472152851714),(-11.574939748349696, 19.740664605956432, 12.995708552168415),(-20.5, 12.5, 21.5),false
17:(7.25, 12.75, 27.25),(7.110456375323772, 12.75456409927874, 26.769888819324112),(13.053582519087335, 18.81375011753638, 23.057957905817055),(1.8694158469366255, 18.305360930324674, 22.711738330094022),(-2.25, 28.25, 31.75),true
18:(16.25, 5.75, 10.25),(15.394557555241285, 5.2465044190442445, 10.128713464625053),(-0.5714481945819707, 7.183989285230554, 6.9646305093856355),(-3.743463878937556, -0.919655533603704, 7.3411257474324385),(-2.090582859722165, -7.72122722444726, 7.259843088562114),(-7.3008624161146045, -11.764105632350425, 9.60678175907512),(-3.839546497740175, -13.087426175015946, 15.545478152608572),(-8.5, -14.5, 14.5),false
19:(-18.75, 17.25, 15.75),(-18.31379361525233, 17.048448055437536, 15.888205656716563),(-17.318963535931655, 16.40690604014394, 15.535491893731544),(-7.612555518556118, 1.8162480113201687, 6.883489124694978),(-3.412397865403922, -5.3944512999902186, 11.120072707961233),(-4.02677633659792, -8.32544542755162, 10.941712066748252),(-5.5, -12.5, 17.5),true
20:(-25.75, -1.75, 27.25),(-25.951775164780752, -2.6018103109448307, 26.766568539453864),(-25.167493960982128, -9.061373846905031, 28.5),(-19.68958531706537, -4.309708041483005, 9.511066935166296),(-19.168977586660688, -4.511265771843096, 8.68140310422332),(-18.166485349758073, -5.252420049294993, 5.952722167953059),(-25.043287281225716, 6.063188056155234, -1.4737034836496947),(-31.0, -1.0, 5.0),false
21:(7.75, 22.75, 6.25),(7.893682102668201, 22.804938710292234, 5.774250915414154),(13.986587388217096, 24.519577919476223, 8.89075211559769),(21.75, 28.25, 32.25),true
22:(-23.75, 28.25, 37.75),(-23.751525418093774, 27.868443330693704, 28.5),(-33.25, 20.25, 6.75),true
23:(-17.75, 28.25, 13.25),(-33.25, 27.75, 37.75),true
24:(15.5, 11.5, 25.5),(8.609353022376025, 4.368524551804267, 13.02133809627921),(0.8500017235498301, 7.38379810969529, 6.297150357820309),(-1.4356771909764676, 5.50143200072823, 6.779197794803538),(-6.5, -4.5, 7.5),true
25:(12.25, 2.75, 31.75),(13.28321482924315, 12.53682608661551, 21.763277716401202),(11.25, 19.25, 24.75),true
26:(7.25, -7.75, 6.75),(6.929860509301037, -7.367168914197681, 6.719160638164425),(1.392342516321043, -1.7822406554696972, 6.137881743120311),(-1.774074563474522, 1.7213032807309743, 5.775617137997521),(-5.585720147246986, 1.76642703761469, 6.71100881584995),(-6.465026316054841, 1.507664595018175, 6.311180527958838),(-8.19156471491058, 2.318438048727812, 3.9956435353723654),(-24.063665342211696, -15.983246627012127, 5.468418838253973),(-29.42492273519187, -22.357360750895644, 6.177848801780111),(-24.108462247677963, -15.067177682871659, 8.32478207265572),(-22.25, -13.25, 9.25),false
27:(-16.25, -23.75, 22.75),(-15.966336629971655, -23.75472764801878, 22.338280748751806),(-16.423372868387894, -23.665808240480928, 21.453288536505024),(-23.29642596201619, -24.68102962303879, 19.245218433550214),(-24.761881460403444, -22.580918611414543, 3.06253826220638),(-13.695150072526832, -22.764294643558614, 4.328306277411768),(3.534412422537994, -25.50092125597769, -5.599504964880235),(18.67734104769074, -22.584931905523923, 8.07098215374359),(10.391601605157978, -8.283005306225878, 14.858935627539598),(10.5, -17.5, 12.5),true
28:(21.0, -13.0, 33.0),(10.0400315232521, -7.6872364041212, 19.183840365568564),(10.357980555305263, 2.4867187302928015, 19.641922935486214),(9.5, 1.5, 24.5),true
29:(-3.25, -16.25, 24.75),(-3.7200497504706123, -15.585867830030269, 24.377590176363118),(-4.807331068711861, -3.94626952979469, 10.224848643275655),(-13.191879761944023, 9.540789528959124, 8.347841388090657),(-13.998735317117136, 18.658071145912654, 12.207551529836971),(-8.5, 22.5, 21.5),false
30:(-31.25, 5.75, 10.25),(-30.768126079884766, 5.66010947496116, 10.151424046436166),(-27.367035656715537, 5.693074344628981, 8.00943685842668),(-25.887981067343976, 6.005620009733037, 7.256812833765035),(-12.966679316037576, 12.243245211698335, 9.717775125596951),(-5.2264600229099685, 19.432209556247752, 13.773806260754615),(-7.462610241137764, 21.355542461889033, 13.225697936062085),(-10.75, 23.25, 18.75),false
31:(-10.25, -15.25, 12.75),(-10.487899183522094, -14.501518882173137, 10.560363172098981),(-17.053611826580962, -7.8210929508860705, 9.617619580655656),(-20.00927138619452, -7.767906885623345, 15.962794740580467),(-33.25, -19.75, 10.25),true
32:(-4.25, -26.25, 25.75),(-3.636833354917575, -25.467670376037663, 25.859485272202757),(-0.7408771693555565, -24.945643531782952, 26.443373742017453),(3.0, -19.0, 27.0),true
33:(11.25, 20.25, 24.75),(9.250154651577967, 22.64086239009496, 17.253598374793974),(9.798417543622639, 25.06325960781254, 14.365268619171783),(3.7441381330381827, 28.04448738351642, 12.505703678669619),(0.031694702633904726, 27.160440670568423, 18.37394235695921),(-10.75, 28.25, 25.75),true
34:(9.75, -7.75, 5.75),(9.860783077482596, -7.337048153017707, 6.009225542370728),(10.121355834753778, -8.571575949043462, 6.182559595833522),(11.722551532842665, -5.059063347283902, 5.422196204541601),(12.977256938470525, 14.24935721710094, 6.682435339809153),(13.012060020470862, 16.631529671738914, 9.788717202921283),(21.65525362509678, 17.97234593867496, 5.8321389440586024),(14.247179189983092, 15.662001246351158, -4.324384400635439),(15.861318603759257, 2.6295990560234417, -3.6302418489974064),(19.137029235539785, -11.578273946851795, -2.9304358170631133),(18.42070576732411, -20.950081067695905, -1.1612805484398918),(10.590847801729899, -14.970530618183103, 11.957194014379201),(18.5, -9.5, 12.5),false
35:(7.25, -7.75, 19.25),(7.414263700015015, -7.531149175363298, 18.831524488872752),(5.355610499167366, -6.185668663949569, 16.227697854602997),(3.6209819669224514, -5.395823137277338, 11.539138245959032),(0.856808427586039, -4.997191142719772, 6.497635508140672),(-0.5256872153884942, -2.3511930661602434, 6.793270377531457),(-2.9624874587221957, -0.7218410593424913, 7.431405639029974),(-3.473550314878642, 8.721257802745216, 6.656059914691121),(-6.860130520205203, 11.421604651948414, 6.179933561675594),(-6.540990898276246, 19.04384428082189, 15.777399749423438),(-1.2502690328464086, 21.38525733217986, 19.717710278505272),(-6.75, 28.25, 27.75),false
36:(5.75, 3.25, 26.25),(5.815327051285519, 2.259618418476756, 26.371970075632742),(4.012554391543838, 0.4152800615697674, 21.52746907867187),(3.133378962887896, 1.5680363983084968, 14.904005800373398),(0.41181863532393287, 0.037355496568286295, 6.310136361570679),(-1.8738309044230648, -1.8873454121669622, 6.043054738526252),(-6.7453072901003015, -7.45819082712303, 12.449899697676805),(-4.75, -18.75, 18.25),false
37:(-23.75, 20.25, 22.25),(-23.18185866658296, 19.985491899680472, 21.581038208529634),(-22.73125689961859, 15.627218564379982, 19.265994522845205),(-22.08466275030182, 14.09002057144708, 18.599564904215818),(-21.00431647809499, 13.67396144854373, 17.355407720398734),(-19.192236161252442, 12.851320647321444, 13.650384378079657),(-8.63511967189363, 2.8912830753966614, 9.635889990610787),(-16.685084728381177, -9.263407519004273, 10.579005493769065),(-19.351800919924464, -7.5676264776104025, 16.105200332150474),(-23.25, -7.75, 35.25),false
38:(-23.75, -2.25, 22.75),(-23.344200068413468, -2.1813683442048144, 22.466070235186272),(-22.177307106415718, -1.3037755650333307, 19.791014588190734),(-21.087782490746683, -3.1567873334093113, 16.66976191972525),(-26.962437174363497, -17.8391696991472, 17.031601838960988),(-33.25, -26.75, 37.25),true
39:(-4.75, -24.25, 10.25),(-4.595992723946099, -24.288054517182182, 9.554887068508547),(-4.953406751362793, -22.761865811218428, 7.209707671249636),(-4.997431379996407, -20.532787226345256, 5.408389299856949),(-7.7686340924536195, -15.961487734217936, 7.418535083217917),(-20.32023396591648, -11.696881460638267, 12.342697246385974),(-19.5, -12.5, 14.5),false
40:(18.25, -9.75, 7.75),(14.099847547645634, -6.764010079955695, 3.8054058150595944),(11.240308762646542, -4.6593320894852255, 2.9412273999059217),(9.879406438344464, -2.55235893917545, 4.587012625135174),(7.611782915671226, -0.6667964827856661, 5.1370469717648515),(6.7030644057150255, 6.679809137476113, 7.988641656162906),(8.500485896643088, 14.264050703356785, 8.601505891928152),(10.056658998471303, 14.74429379887623, 8.373925791861154),(12.75, 14.75, 13.75),false
41:(9.5, 6.5, 27.5),(13.638437315502184, 9.850662418033046, 27.558700466597028),(9.842812670999669, 27.283415586809998, 13.572776746740905),(2.4556559089894026, 27.310442176169545, 14.231401808384865),(-0.0035655405246051153, 26.19604168147193, 15.539202022357907),(-9.5, 23.5, 13.5),true
42:(-15.75, 28.25, 28.75),(-21.377072255973577, 26.486561047366767, 23.651685984937036),(-15.364197399408962, 13.704774563516601, 10.891487979512215),(-5.610732389208717, -1.4628138470286114, 8.937068135820123),(-3.3806167718131266, -3.1351331727383687, 10.046091312271342),(-6.5, -8.5, 19.5),false
43:(-21.75, 18.75, 13.75),(-22.20549014970905, 19.23556856114885, 14.496158090448574),(-25.845377096423043, 14.638708420646802, 17.80155990470908),(-26.245964950134077, 17.611787440641635, 17.78337990675077),(-27.285297499444095, 7.8851726856742435, 21.82232804929282),(-30.5, 3.5, 23.5),true
44:(19.5, 15.5, 15.5),(19.349153093676126, 18.221445157439756, 17.43615799043947),(-1.6110895321538274, 19.470276148371585, 22.787684619818698),(-5.75, 21.75, 11.75),false
45:(1.75, -7.25, 23.25),(1.4757338725642721, -7.481550820172854, 22.429827617605724),(0.6386964682359559, -7.683950241632723, 21.921494205416415),(0.910381149387749, -5.526933907432855, 16.664446199483333),(3.847048800205341, -5.991811545300532, 16.264606368485904),(2.563529243321884, -6.757419805762888, 10.74577561439958),(4.110577534220373, -0.38333832590713574, 8.0033811264057),(-4.765461126143664, 7.832963999443891, 6.297585268668873),(-14.59796853028606, 12.333439071325788, 7.426951506019933),(-15.346694992222805, 13.120821108178209, 4.630625664270117),(-19.656551842660434, -2.2819871842602484, 4.833622459945527),(-29.390105089605022, -11.325316659775766, 4.523193122094788),(-33.5, -15.90833675823818, 7.595993144832028),(-32.5, -9.5, 20.5),false
46:(8.25, 28.25, 6.25),(0.3452528308004843, 26.703112648158733, 13.897480736030804),(-3.971538748062014, 23.02305802224537, 21.57789565019999),(1.0, 25.0, 29.0),true
47:(-33.25, 11.25, 16.25),(-31.23664671059547, 17.577435372660542, 18.46584524207989),(-17.650596577531246, 27.247730616552527, 13.71561361908534),(-15.5, 26.5, 14.5),true
48:(-28.25, -1.25, 6.75),(-28.038593913928878, -1.6153117970248179, 7.018057377676102),(-27.104648493597484, -1.909179630238506, 6.814617832738776),(-26.51897857064302, -3.422491436620744, 4.291350483048966),(-29.671513847968537, -8.47231853358285, 2.2589220010994757),(-30.958348954726496, -16.38933892258149, 7.838027269638026),(-30.30515527649549, -16.798581487551726, 14.795459162350712),(-22.25, -12.25, 11.25),true
49:(20.75, -1.75, 24.25),(20.35640933928458, -2.075767112869645, 23.725102692039087),(20.133797031218116, -3.5083632099758324, 21.119845046341297),(15.376432314444639, 3.7451798380640398, 16.253969366731734),(13.411648794676331, 5.737218245575531, 22.670464414921668),(12.25, 28.25, 35.75),true
50:(-8.25, -23.25, 24.75),(-8.220804487850389, -23.007460351079672, 24.313740741333866),(-8.782667406443991, -22.682613389450058, 17.530485904227277),(-8.25, -22.25, 10.25),true
51:(-33.25, -11.25, 7.75),(-29.344757708013844, -12.302311613405326, 4.747501945713822),(-17.516102145228903, -11.724648911058328, 2.1659727537454416),(9.819620828931601, -7.471235272978676, -3.76131367708696),(20.75827843714059, -13.115091955293288, -1.9077491890468106),(16.061213580423658, -14.386290801879479, 17.65985434756118),(4.25, -16.25, 11.25),true
52:(18.75, 13.75, 8.25),(18.78300256002415, 13.06193254603332, 7.525104138635306),(18.91076615429374, 14.236959553932532, 9.108501389904193),(17.0360373875609, 19.556559069416398, 4.736283458140215),(6.249236206566008, 16.6597140648353, 11.938931686323464),(5.75, 11.75, 23.25),false
53:(11.75, 28.25, 35.75),(8.876987666567315, 22.45130067220853, 21.5761948685929),(8.346642033787926, 21.603738143293228, 21.556926517066927),(15.25, 13.25, 29.75),true
54:(-25.75, 28.25, 5.25),(-22.244827994550274, 25.989781233083992, 13.191075135322125),(-7.5052723271068, 21.89274071339586, 9.146243951288511),(-13.75, 24.25, 9.75),true
55:(16.25, 2.75, 22.75),(15.569406944179596, 2.35097169278827, 22.135533155969515),(9.547333800689882, 2.504469244479644, 13.880386623554589),(8.5, 1.5, 15.5),false
56:(2.25, -23.75, 14.25),(21.0, -21.0, 19.0),true
57:(-32.25, 28.25, 36.75),(-22.115039633173318, 19.45699370043681, 19.45055644193753),(-24.447997411525833, 17.230849302572665, 19.66002649381813),(-32.25, -1.75, 22.75),true
58:(-17.5, -18.5, 27.5),(-18.399355887038514, -14.768052869301355, 26.573154512552172),(-20.691122852385295, -13.156809173198852, 17.904241758354296),(-18.75, -12.25, 16.75),true
59:(-1.5, 13.5, 5.5),(2.5623495886691727, 13.889966053718899, 6.174029699074712),(6.697107466012776, 8.313843021176186, 7.074379198820062),(7.5, 2.5, 12.5),true
60:(4.75, -12.25, 22.25),(5.499622053692396, -12.897084205072074, 22.110900006598722),(10.53545079608715, -12.134667371366383, 19.30044102820495),(10.186309969975651, -8.004795928055776, 4.474880990857014),(7.96868055134761, -7.204882916713713, 3.352196532541577),(3.397912158850122, -4.820774089975044, 5.554710523875645),(-3.7214525876375344, -5.810931238400973, 5.849995782907459),(-4.0060779559730735, -5.158680857444626, 2.9356248661842357),(-30.303047413884755, -14.283876069541833, -0.040765503873728015),(-33.25, -12.75, 21.75),false
61:(-26.75, 5.75, 25.75),(-26.799608740314564, 5.4322011906674055, 25.36719079207628),(-27.526581790959195, 6.345083048273313, 25.543125913637418),(-27.545663877194475, 8.191124721492628, 23.178434387301998),(-27.877399622505287, 7.686560401679833, 15.646667421866209),(-33.25, 11.75, 8.75),true
62:(-10.25, 19.25, 21.75),(-9.623679116075062, 19.220421087004468, 20.970995995988797),(-7.950476813049893, 17.62666102276342, 19.057798956794546),(-4.260857501654835, 7.490115303016266, 8.918231868207354),(-2.111189789973489, 6.09063970713604, 7.362469423008738),(-8.756108959352273, -0.26144799414889697, 7.438169754556094),(-8.75, 0.25, 6.75),false
63:(1.75, -16.75, 23.25),(2.5013111196581783, -16.139626659331405, 22.999049832677812),(4.226313200872254, -15.04267158726186, 21.256821121044762),(6.259003475800855, -14.595820433943247, 16.734541926137076),(6.949763714650063, -13.445606114073719, 14.051286941833114),(6.75, -13.25, 13.75),true
64:(-10.5, -26.5, 7.5),(-14.858685062903039, -26.24441933266651, 13.343589144796884),(-15.91960997090018, -25.011635215596876, 13.098321504104907),(-16.12473047370066, -24.043024415240396, 12.957898226961625),(-17.5, -18.5, 8.5),true
65:(-33.25, -26.25, 15.75),(-31.392654625963228, -25.900235579897164, 14.742570461886217),(-20.75, -9.25, 19.75),true
66:(21.0, 21.0, 5.0),(20.944447250564117, 20.182061309466903, 5.803360889285398),(7.75, 22.75, 25.75),true
67:(-7.25, 28.25, 36.75),(-7.292662021980575, 27.665839267353025, 28.370716393385706),(-5.5, 10.5, 28.5),true
68:(-33.25, -25.25, 11.25),(-24.629377005140924, -16.714067966381457, 9.189585060565893),(-14.375060130565537, -13.496475259926747, 8.667664203579289),(-3.454303754201198, -15.61718544022603, 10.586652913372316),(-4.5, -18.5, 9.5),false
69:(16.25, -3.75, 13.75),(15.826688469024159, -3.8638816325934746, 13.509504009387403),(16.575975900175628, -4.650531814686946, 14.037718896218733),(15.864400968310992, -7.450199227518246, 14.847362950030243),(13.117397810814978, -8.64937327420581, 14.721048823908498),(9.2988655968123, -6.8046674510367415, 22.203013398239968),(9.810124554631912, -0.5863358481746364, 25.55924701805616),(5.75, 14.25, 20.75),true
70:(7.75, 28.25, 9.75),(1.1376434475487174, 26.505464163203108, 11.74083858336048),(-14.19696796180041, 24.225528972256853, 8.652936655760854),(-31.479547855050473, 23.941884538425096, 12.887923471127888),(-29.5, 17.5, 15.5),true
71:(-33.25, -22.75, 9.75),(-24.609482938711775, -14.077309800332236, 11.162044185273675),(-27.982875451017286, -2.770472498412918, 17.370995068873246),(-30.75, -1.25, 22.75),true
72:(-19.75, 22.25, 18.25),(-21.23753431104614, 23.410143033267925, 16.189949155320036),(-29.487474928943527, 18.88440076244934, 3.1827001996758404),(-22.281446705664585, 6.351826986769057, 3.0298527593656783),(-27.274299146774723, -4.716704349811776, -0.0959823529316739),(-29.21454589480855, -24.25422763634444, 7.403055761220744),(-28.25, -12.75, 12.75),true
73:(-25.75, 16.75, 22.25),(-17.234030275664864, 9.504910748912865, 8.984176627356039),(-16.33425264672908, 8.690403398737688, 6.240642775737417),(-14.081080869050362, 18.586630460990158, -5.94280181617829),(-13.75, 28.25, 5.25),false
74:(-19.75, 18.75, 13.25),(-19.44423249204014, 19.009154613213198, 12.333842198348814),(-18.147496469019433, 19.7213224323099, 13.258429694715543),(-21.923732990189517, 18.211194632045988, 15.246139690208498),(-27.5, 13.5, 21.5),true
75:(-14.75, -19.75, 20.25),(-13.81429138995701, -20.008987092078527, 20.01046903492842),(-11.96534661672301, -18.092795512307195, 17.64514169039),(-2.071277119538467, -10.844656435100413, 6.319497195674599),(-8.40443952487101, 9.369144751783812, 8.3394429502525),(-7.104127784095628, 15.325943648074837, 11.77829977861098),(-1.5, 11.5, 18.5),true
76:(-24.75, 21.25, 26.75),(-24.355773121742857, 21.042902500833204, 26.120306016748103),(-24.23891514306743, 21.33343435585448, 25.170603192682705),(-24.294307957085106, 21.32307487002837, 22.17113251984581),(-20.518115631786603, 18.989805149744985, 16.016370798367852),(-14.595009055315838, 16.432061062346833, 13.023783185164959),(-10.31226875444033, 13.444171756428894, 10.774632577528655),(-4.75, 19.75, 12.75),true
77:(3.75, 0.25, 23.75),(3.5191178357844644, 0.318153353013649, 22.893650214305516),(2.7815716085753035, 1.6108904806317819, 14.105201415091798),(1.390009664461378, 0.8162507891919637, 9.957954862958163),(-1.9992687929274509, -2.438715208773808, 6.114390810373084),(-21.92207363397866, -11.654239203709883, 9.727720281608015),(-9.295442556266252, -16.027345216520573, 12.185525447598192),(-3.0, -13.0, 23.0),false
78:(7.5, 22.5, 32.5),(7.133372314363738, 22.37510890701127, 28.5),(14.257306460946388, 23.828456260131077, 11.49911456208628),(19.5, 13.5, 10.5),false
79:(-20.75, -21.25, 18.75),(-20.543328489135924, -20.392824310360755, 18.84386638060453),(-19.109867335509662, -19.888427231863997, 18.313389060972774),(-16.810747675757785, -16.73362723317562, 14.408338422645608),(-9.798958270184949, -14.18456402001032, 15.160507198265668),(-3.8369196087155997, -12.391802041466224, 18.36052274313907),(-4.695029567003488, -9.728941851522373, 17.277553256819463),(-1.5, -3.5, 24.5),false
80:(-33.25, -6.25, 36.75),(-29.7865213922701, 2.308720184024919, 25.29594274459742),(-30.67220061845818, 9.228418653591572, 25.873303462498974),(-28.75, 9.75, 12.75),true
81:(-23.25, 20.25, 13.25),(-23.329120038826066, 19.758163219817583, 13.292855584419693),(-15.244148083794986, 19.91672050898352, 15.305040220281063),(-12.506040493394567, 20.23655676301176, 14.121624995602595),(-2.9230720299249953, 21.57669115469216, 19.72535775568199),(-1.75, 28.25, 20.75),true
82:(-20.25, -3.75, 7.75),(-19.934743238176914, -4.001751175918793, 8.045354904391862),(-21.238251541731934, -0.9191029669959376, 7.846854936855332),(-21.344586020949848, -0.1424323247953745, 10.742623520853925),(-10.112125225588994, -0.6803977130262786, 8.678566140595773),(-17.359522554863542, 8.103442290468102, 14.479913906351623),(-19.919099508240432, 13.407920265853345, 10.696915197867208),(-14.75, 16.75, 15.25),true
83:(21.0, 17.0, 13.0),(8.758117282025452, 26.584674256615138, 24.68209957736398),(-1.25, 28.25, 30.25),true
84:(6.75, 28.25, 25.75),(8.288326938269662, 26.25562638444691, 22.131306400064947),(6.166650549602048, 0.26988281531944835, 8.420166338034303),(6.066747313190115, -0.6189266220227104, 8.867421441354473),(11.0, -1.0, 15.0),true
85:(3.25, 13.25, 31.75),(3.3547474168942992, 12.771400192883675, 28.5),(11.25, -3.75, 29.75),true
86:(-13.25, -24.25, 20.25),(-13.313146019914239, -24.31376459688372, 19.75811926612923),(-10.711616196923789, -24.188977592773483, 18.26933762206706),(-6.263337696421412, -21.19873099290594, 11.310192078281904),(-2.09299140823075, -14.29417379885615, 7.967819315171501),(-4.212548329140197, -6.597536982321449, 6.27431806618994),(-4.025727842378269, -0.4428409726614517, 12.097252288196493),(-15.96857897427396, 9.392534516708698, 10.501513380939503),(-13.916576576659816, 10.665613813201052, 12.281556994177206),(-15.911011345795224, 15.39715973954829, 17.00627075654368),(-17.5, 14.5, 28.5),false
87:(-22.25, 3.25, 36.75),(-20.724446410397196, 2.0835571422021575, 28.5),(-19.630040242800277, -0.665976630193386, 21.20550586920109),(-26.89650509385506, -21.308572433053293, 11.379227386881574),(-28.811950568497505, -19.564020694138808, 17.882119656012456),(-20.5, -26.5, 37.5),true
88:(-20.75, -13.25, 14.75),(-33.25, -22.75, 17.75),true
89:(-6.25, -19.25, 8.75),(-5.548142586399404, -19.19771413812712, 8.03960408248492),(-5.925660913856924, -17.590628525807244, 6.321101679487751),(-3.4362123151663884, -14.890533521973014, 6.80312004588953),(-12.695958422642054, -16.651455922153566, 9.58497825663858),(-21.25, -12.25, 11.75),false
90:(0.75, 18.25, 22.75),(0.8909050637186577, 18.279717105217465, 22.271186198323466),(1.6754624659853747, 18.905986891656894, 21.65571176893021),(5.414961514777687, 18.77580114869078, 18.234766768557396),(8.187336902754279, 18.07223753605376, 10.034629028718498),(12.25, 17.75, 7.75),true
91:(3.75, -2.75, 11.25),(3.5693241074011945, -2.770022509183436, 10.421484739056917),(3.4223410871299236, -2.1819931520339613, 9.679930368888819),(12.170373099283676, 7.856673236975869, 6.979590510571393),(8.382945428434708, -0.6909391892438288, 17.529129978566726),(11.25, 1.25, 18.75),true
92:(13.75, 28.25, 20.75),(8.546776389130526, 20.156916511271174, 14.84543455232598),(3.4311063678098845, 15.608088210219599, 6.029942320867688),(-3.445947577059819, 10.662238289238505, 7.646097870794897),(-8.778989884767315, 14.732552100189032, 10.67872052547452),(-12.5, 14.5, 12.5),true
93:(20.75, 2.75, 6.75),(18.17560648197223, 1.896212042554189, 7.086780079288117),(5.122314476787545, 7.506416944164689, 6.409025213881278),(9.5, 25.5, 17.5),true
94:(-19.75, -12.25, 32.75),(-21.16608007483195, -8.980483018651507, 16.82276402496249),(-12.672119605257963, -6.265385713600072, 9.299314599027772),(-16.34960319965805, -2.5697534596431106, 8.13080901811279),(-15.95405394739339, 2.085759346330062, 13.343269214838774),(-18.333010472283732, 9.570935360892777, 14.878479589048311),(-7.251770198798533, 16.19453875722621, 8.803802727528156),(-10.754440567792786, 23.9102287247209, 11.939747630703481),(-9.25, 21.75, 18.25),false
95:(18.25, -3.25, 7.25),(17.76668456253037, -3.741849282501507, 6.743361800499941),(16.339615879365546, -5.126213703493006, 4.4968066323762885),(15.73056461808867, -6.43179225955799, 5.862094140008337),(19.232691915575476, -14.812746566760923, 3.1154596139064035),(13.098131706504692, -24.08352342919097, 4.80637704625855),(15.0, -25.0, 35.0),false
96:(-10.75, -20.25, 9.25),(-10.533429126396499, -19.72624285686478, 8.659134404150743),(-10.222760737027054, -16.564588142862615, 8.717344443652856),(-5.642514217848136, -5.6997316597274414, 9.875925052943488),(-1.7791684303390343, -1.3409892894124444, 6.872482525842813),(-3.248918214044379, -3.195237029331961, -0.5926349907329964),(6.502536748985663, -14.756419411297879, -2.815690545334879),(11.042477584216353, -22.159651321046066, -4.135357355249737),(13.030492246842726, -20.971061225990855, 5.064498330660076),(14.266477834109455, -11.941915783753505, 18.807763057307596),(11.25, -4.75, 28.25),false
97:(-24.75, -17.75, 12.75),(-24.890852712103296, -17.565056620474646, 12.307330303880097),(-27.517995274336286, -19.184816447942957, 4.112901932741608),(-25.13752389547252, -19.359494900705105, 1.805802798093548),(-30.715621994324845, 0.39574161291578225, -10.739369018972505),(-28.13629252138186, 11.646619361057402, -1.2274097828130905),(-32.5, 18.5, 12.5),true
98:(10.75, -17.25, 8.75),(10.815547888437656, -16.786945524759215, 8.926872912795726),(11.259830428677354, -18.24112023893095, 19.80690508255456),(-1.25, -24.75, 26.75),true
99:(20.75, -1.75, 18.25),(20.485784119746903, -1.4903169473319617, 17.914210362311326),(20.552493069349232, -0.4980744489961175, 18.019113844327872),(7.6816816842140785, 7.085847475328628, 12.170512336504014),(7.25, 11.75, 11.25),true
100:(-8.5, 16.5, 8.5),(-8.472494370561954, 15.428452841471694, -0.26087091413671537),(-3.8126633409940056, 3.1556293446629247, -2.552504121727636),(-13.23167120917633, -3.334957776530574, -6.074311047101604),(-16.219539828297375, -9.749755862919017, -5.166721595702359),(-18.08971952690747, -7.873293504871741, 11.391511008531657),(-19.85340223486325, -9.9236429561949, 13.52198493597668),(-21.75, -13.25, 25.25),false
101:(-28.25, 15.75, 6.75),(-27.910493504665467, 15.4962063993584, 6.1603585010176936),(-25.8666394777733, 12.970562340687334, 5.419354388839823),(-28.696650679201113, -1.472728592882484, 1.2403501105138584),(-30.967241538869864, -23.6575133736096, 9.37216265297549),(-24.25, -9.75, 36.75),true
102:(-6.75, 28.25, 12.75),(-4.9292682905871334, 14.840857492639907, 7.741345613344377),(3.8488983246863104, 13.366336084507125, 7.5499874095392725),(9.033683459655865, 20.324219202727754, 22.664883624322933),(7.25, 15.75, 21.25),true
103:(-32.25, 4.75, 27.75),(-32.15907289153409, 4.530229847635981, 27.3101894259162),(-31.193669815785206, 3.635590062932144, 26.18792596589568),(-27.0, -15.0, 33.0),true
104:(11.75, 1.25, 29.75),(12.233341418038412, 1.7820390082550521, 28.269513869192966),(14.451857654895132, 16.57364062328105, 19.03503177420678),(8.91542146701618, 13.366767286680917, 21.874721500311992),(4.25, 11.25, 20.25),true
105:(-26.75, -14.25, 13.25),(-14.737415144333017, -4.744385514224199, 8.141932017660016),(-7.845808225172514, -7.948481407026797, 10.365541981687217),(-9.5, -7.5, 12.5),false
106:(7.75, -16.25, 8.25),(8.237330761338002, -15.837516825396275, 9.019653402332866),(9.638106556802843, -17.63852415076497, 12.303876947608554),(0.25, -23.25, 25.25),false
107:(14.25, 0.25, 18.25),(13.714067945130962, 0.5851249929681059, 17.779509610578117),(3.5377184466598757, 0.45401398013913785, 13.563686831444548),(-1.2504706661080356, 3.1654663150879916, 6.908674504400896),(-5.174788700458539, 10.599477207839985, 13.141167809753256),(-8.75, 13.75, 34.25),false
108:(3.5, 12.5, 7.5),(3.9712980472430552, 13.002048252047869, 8.223656782036754),(8.54040057939283, 6.151096333774333, 14.366377107877621),(10.410664011703407, -0.2589526718748967, 17.419310185112508),(14.25, 1.25, 30.75),false
109:(11.25, 13.75, 24.25),(11.36881364820459, 13.702952170710885, 23.7666059384317),(15.29576078960893, 12.555302619051524, 28.5),(14.246486047157765, 6.222854512345363, 25.70730891598666),(13.75, 4.25, 29.25),true
110:(-23.75, -16.75, 14.75),(-23.774148613325497, -15.885771417793608, 14.725033894985097),(-17.460405459849362, -7.971885709183235, 8.595408738908171),(-16.629903326376056, -7.49202025652651, 4.856846511136856),(-14.437506837100555, -9.44559693357185, 4.242895535311465),(-15.0, -13.0, 5.0),false
111:(3.75, 28.25, 32.25),(13.768667079891394, 22.201645310238145, 24.027182372072634),(12.083028380358318, 22.892368926579657, 8.219226584157147),(10.75, 28.25, 8.75),true
112:(-6.25, -19.75, 28.25),(-5.595195403527898, -17.79000894538712, 26.0516830422402),(-5.719604321248893, -9.799859606683183, 16.953714722560957),(-5.469495055028667, -2.245661530996522, 9.368591360907583),(-3.0648025346075496, 7.11576229261895, 8.560395642833797),(-5.0529479439099365, 15.553471976881365, 9.906810296067144),(-4.34899589545224, 20.817927115802735, 14.466411550974923),(-0.7433649275838361, 20.728661101306432, 20.465699583917193),(-6.5, 19.5, 31.5),false
113:(14.25, 15.25, 16.75),(13.795525737061206, 14.72244099190519, 16.50232083451765),(9.921349235778145, -0.9479441556491635, 20.06305212518754),(-0.25, 2.25, 26.75),true
114:(-13.75, 28.25, 10.75),(-10.62675245976995, 24.360951902098105, 8.3180800927438),(-9.719630870113402, 22.776188435383506, 8.09875444680498),(-8.540154647309597, 19.04493920180013, 7.58264465582942),(-8.304471922155507, 16.21623908595052, 6.611609482596064),(-9.00286056421326, 15.877889691018595, 3.7137183542763808),(-19.572816373344153, -14.735462676987098, -8.444283641339357),(-25.253019920726143, -19.589783184885583, -12.166695780035203),(-27.060071691977907, -18.467401048458527, 10.770124982483631),(-19.25, -7.75, 12.75),false
115:(12.25, 18.25, 6.75),(10.334058681297888, 18.942209910398784, 10.254991409812174),(15.48508418096888, 15.157029762527538, 21.33393048416242),(15.923362808760036, 12.85481698059516, 23.355953214169954),(13.395664374397345, 6.514789653498572, 24.909913997648385),(6.75, 7.75, 28.75),false
116:(-22.25, -3.25, 22.25),(-21.75763673302551, -3.284841562772689, 22.32977768383303),(-23.073396347286412, -13.384032101809055, 20.1579858714737),(-25.290432694814097, -19.57181465138204, 16.302052561071463),(-21.642953631730162, -25.21613368650104, 18.26102145162529),(-15.5, -26.5, 34.5),true
117:(-14.5, 6.5, 33.5),(-14.00578375058628, 5.698651580881601, 28.5),(-12.493821716820154, 4.300306646253927, 7.900028065826981),(-10.936697933273386, 5.518066415167441, 5.6433874945510185),(-22.76433281940753, -6.1951289778974195, 3.566494333369787),(-30.00669515485977, -14.800954325534612, 3.3958284425889476),(-27.913893881766807, -16.37737394476191, 12.109151633002927),(-33.25, -10.25, 19.25),false
118:(-33.25, 21.25, 5.75),(-32.14354567424499, 16.350696912909918, 6.940303179885922),(-28.294115161385363, 11.853997167394944, 11.526934440182227),(-31.6388663014499, -0.47540321709340594, 18.797773169394457),(-30.25, 2.25, 22.75),true
119:(6.25, 25.75, 8.75),(6.40838882091567, 25.754113078560845, 8.275767921800206),(6.826995483765359, 26.611640310759505, 7.976743662156358),(8.614006828802665, 23.652555284792342, -5.786161109872136),(0.049642232606615266, 19.042622631578862, -8.277156942904954),(-16.21183320142432, 17.327484083628914, -4.5508173019818505),(-21.33239986625609, 15.353960253919288, -0.44622518847019893),(-32.74376655852966, 18.8866107161378, 5.143238054044906),(-30.0, 26.0, 14.0),true
120:(19.75, 28.25, 17.25),(9.103641966073038, 14.891028766453982, 8.595221973142875),(6.042659102837769, 7.1283147349245075, 8.13870749959916),(9.75, 6.25, 23.75),false
121:(-21.75, -9.75, 19.75),(-19.985041266602334, -14.675204325754821, 7.3402293545207025),(-19.683676059257493, -13.391679915567504, 4.6454670087367),(6.201723650010905, -15.128347958459358, -3.3611688717339456),(14.726025212606213, -17.388122398974456, -0.7392118440140825),(15.733453306776346, -21.00457800975298, 3.367874078429904),(11.75, -16.75, 10.75),false
122:(-13.75, 11.75, 27.25),(-13.80766111468048, 11.670113913624224, 26.28609574665248),(-13.939881143329808, 11.672490159107, 25.803900539831243),(-15.85106437561528, 8.454907182274237, 7.332061575453106),(-16.20306911241922, 7.864484354692411, 4.411874329755004),(-6.3925458956442895, 17.00096790742227, -1.86539300077427),(12.041031139853649, 26.342047154144797, -9.950899080367002),(14.547406777212888, 20.429777019549423, 5.267049190718421),(5.75, 15.25, 16.25),false
123:(-13.75, -19.25, 14.75),(-13.198106168690632, -19.11084358222297, 14.00428963401787),(-11.82069796489245, -18.228905930713573, 13.640939618180147),(-21.286314407533688, -9.916411582854476, 11.415653782801359),(-21.99155860662839, -8.896164102011179, 16.71285846430996),(-26.25, -8.75, 28.25),true
124:(-17.75, 5.25, 16.75),(-17.13456568624736, 4.739895496346008, 16.149138950498763),(-12.766086191807252, 6.520830549130189, 9.092936065438781),(-8.99248482294573, 12.412054121761026, 9.324058384147287),(-1.1831118163385697, 22.203076117261865, 13.60996270767821),(1.2633702355484877, 23.482956821821187, 15.529601044781948),(3.25, 25.75, 27.75),false
125:(-24.25, 18.25, 35.25),(-20.864633707153533, 12.116438263596374, 16.43258060061101),(-20.5, 9.5, 16.5),true
126:(-27.5, 6.5, 21.5),(-27.318909886935987, 6.662924454281604, 21.063351407711526),(-22.40278021202249, 7.2326337505975005, 18.006599211867577),(-20.939256684167734, 7.716284758160208, 16.811624137867252),(-12.383083749428891, 14.599245187334766, 9.870121936322096),(0.6025245272496614, 13.642025262315777, 4.906616200617815),(8.197082583925758, 13.73218650099672, 8.114266689726113),(3.8043328230352724, 12.205246910719268, 19.486942611726597),(7.25, 15.75, 22.75),false
127:(-22.25, 14.75, 23.25),(-22.097387005674214, 14.722573511429266, 22.774650589894552),(-25.59969656592771, 13.94514500923745, 23.554158254894997),(-32.75, 28.25, 25.75),true
128:(18.75, 0.75, 28.25),(18.4751422816541, 0.584528809404754, 27.86649964830697),(18.08568644397725, -1.3693876894008854, 25.623614348922597),(12.054951675672758, 1.6437805873336657, 23.73919000964975),(7.907913649430586, 0.5772757195805915, 15.579883496153528),(0.7960745883664935, 0.5760501654032242, 7.509458484928559),(-0.7361123372197855, -1.8324260210777215, 8.432304996660964),(-4.2458008966688485, -5.943446002161805, 13.875256457332444),(-5.225454534250952, -4.94363994905003, 16.528681905038336),(-6.5, -3.5, 22.5),true
129:(-29.75, 14.25, 27.75),(-29.75168536328471, 14.656932226428369, 27.459477500622327),(-30.363381490049232, 15.247649414791075, 27.985672380751488),(-28.87390284538203, 18.560501798955507, 19.329546391524378),(-20.081448253188068, 8.751961344730214, 7.308919420556837),(-21.792172618207324, 8.090154419262028, 4.935012568902416),(-19.187990370303375, -5.241407712026373, 5.640063332312803),(-21.817921442961815, -24.556393719042443, 3.7207789125682034),(-33.25, -25.25, 24.25),false
130:(-11.25, 27.25, 14.25),(-11.246460450679336, 26.84290763703843, 13.959718619940976),(-6.292930661340113, 13.945817269411993, 8.19968978739901),(-13.159538627975252, 8.905760906152281, 9.539353529821911),(-20.497713627584304, 22.338512948671376, 12.774784673585227),(-25.25, 28.25, 12.75),true
131:(-0.25, 11.75, 32.25),(-1.2684762055850323, 12.312768456561788, 28.5),(-0.4453764590031448, 12.03224334696188, 22.72983850855104),(-0.3060617244610024, 11.830675343977573, 17.459780712061512),(11.410974559367439, 17.02854457626082, 7.69797700619301),(9.07176586851231, 18.799379826729066, 15.696350385933355),(15.75, 9.75, 23.25),false
132:(16.5, -0.5, 28.5),(13.638848289038018, -0.24594406483144676, 24.997452180418218),(6.5, 5.5, 8.5),true
133:(-3.5, -26.5, 35.5),(2.193902687166335, -22.06453300261833, 21.68919323000663),(4.04015465354691, -16.68029001637964, 17.720842256852073),(6.75, -18.75, 14.75),true
134:(-13.75, 14.75, 31.75),(-13.924513149615596, 14.682079615029743, 28.5),(-19.561332477606186, 21.55185091768604, 17.361822451202865),(-25.19786715958729, 17.631872461584106, 18.72683002719682),(-25.25, 16.75, 23.75),true
135:(-13.25, 22.25, 8.25),(-13.389502306744037, 21.93636674109868, 7.8864435596444045),(-16.332085321952963, 20.07326166353843, 10.919563822673588),(-5.585561573950585, 9.34814209088293, 7.288071246092041),(-3.75, 18.75, 12.25),false
136:(-15.75, -0.25, 20.25),(-15.343526405173726, -0.2495649358520867, 19.958831616709173),(-11.55058392768781, 1.877904671364113, 13.601982843249012),(-8.800433053140551, 4.941844109622355, 11.889321249514365),(-0.8579207116289522, 12.165536199197623, 5.768917923576662),(9.72377843213688, 17.031628641177694, 6.233619738092959),(7.75, 20.25, 24.75),false
137:(-15.75, 19.25, 17.75),(-15.907560658235262, 19.015939806446752, 17.3372162009353),(-13.246107030245845, 14.452145287633728, 14.170683084601977),(2.193518311522412, 10.356207060384857, 8.741440621292558),(4.729641003867831, 10.110778550955311, 6.9496152991779185),(9.281665068080216, 4.8885545066309435, 7.9533348564805575),(14.982118482252112, 6.467500362449592, 22.1347571498768),(13.75, -2.25, 25.25),false
138:(8.75, -2.75, 7.75),(8.788287621530662, -2.102577331787732, 7.130136362896459),(8.560222436901201, -1.7389468177351517, 6.87370095034627),(-3.0942571077806353, 5.728639991514035, 8.624081700611764),(-8.53277271859654, -2.3002986537375323, 7.98275568972934),(-7.66805778541892, -5.040622364111645, 7.120842673989886),(-5.5, -16.5, 29.5),false
139:(14.75, -2.25, 20.25),(14.721901887309627, -1.968547896468046, 19.83769524683715),(11.796286769737602, -1.7536230876555148, 15.595474089605897),(14.092154845423853, 1.924824443839959, 17.65201389260417),(8.25, 7.75, 28.25),true
140:(4.75, 19.25, 21.75),(4.450382778741933, 18.970709371450514, 21.050568161330176),(4.133109038639141, 18.384414473443663, 20.0512626492324),(-0.7964964557101295, 23.5841756805504, 21.482061978059935),(0.25, 28.25, 20.25),false
141:(-22.75, -2.75, 10.25),(-22.34457900303221, -2.539677664341191, 10.046534203511586),(-21.17934671697264, -2.2482721488066995, 9.926946769552178),(-12.8459433286026, -0.6156118721596604, 9.0922010352553),(-12.783823630861956, 2.3326632323893075, 8.541006830777983),(-7.85101756608639, 19.203369589729302, 8.026632884986622),(-9.305272861756558, 27.08279314698518, 12.162119462274225),(-13.75, 24.75, 15.75),false
142:(15.75, -5.25, 13.75),(15.349064303195293, -6.016564803547233, 14.251626324060366),(15.582123034876119, -6.975549318733603, 14.412971690340555),(12.961660442274525, -8.3523387584649, 14.90044131956899),(7.581734614232556, -6.487270876613051, 27.23134437984077),(11.75572263036726, -1.395877107866764, 24.85320781253952),(4.2938673999964925, 9.287079260862853, 5.411366664916571),(-1.2453960564683437, 11.368254616332223, 5.914562147611432),(-2.9770202271296133, 10.215519262768618, -0.7692001863009779),(9.96392762084182, 19.25528075332795, -2.6459164234788957),(2.75, 28.25, 5.25),false
143:(19.75, -2.25, 7.25),(19.530806874987103, -2.679735917571031, 7.3814587961928195),(19.466249828288475, -1.76335311609415, 5.385850103524496),(18.182568084208054, -0.7913979481984454, 4.540050784294879),(16.412414307435654, 2.3208118188683198, 6.094610264237254),(8.26491895281364, 5.466682099237559, 4.917039505614894),(-2.5736119207399772, 7.471708825702952, 6.714889792793851),(-2.589921315152487, 2.786498842481226, 13.420986775349244),(-3.9045969595235737, 0.6358958348631223, 15.047804114118852),(-6.75, 2.25, 28.25),false
144:(-22.25, 21.25, 35.75),(-22.77559046949726, 14.721796461343336, 28.5),(-23.898010274201567, 14.214248442802969, 21.60924033281647),(-32.5, 9.5, 17.5),true
145:(1.25, -16.75, 9.25),(1.5664297564584246, -16.76159669446816, 9.636959592083041),(6.8388860299197995, -20.496923003819706, 15.42633730186881),(7.381145753102443, -23.89139972794478, 10.218880903962521),(6.752845148334573, -25.531797961019215, -0.0022363978278987506),(1.4004528795960078, -14.857779353896175, -0.10080247531562543),(-12.328603459232255, -17.439050628439656, 3.5152194605934524),(-23.926021534453206, -24.665394107265694, 5.582989071127807),(-33.25, -16.75, 20.75),true
146:(-15.25, -14.75, 13.25),(-15.055309679085395, -14.405695763854926, 12.9441401106475),(-24.846409064951814, -14.35891594346179, 12.676565888761598),(-30.468289410938162, -15.915666527917754, 8.807329660097285),(-32.5, -8.5, 10.5),true
147:(-22.75, -4.25, 20.75),(-21.850091848539936, -3.848139212634911, 20.58066829442175),(-21.173890517948607, -3.7272834662692755, 19.853931994876362),(-20.130498558881087, -2.9237660119163875, 13.9114311842442),(-14.375787821673516, -0.4690626788485118, 13.170161975161067),(-8.273385646351802, 5.981901197831507, 7.844296316850128),(-19.733800216752787, 9.036894514537922, 14.376565155385139),(-19.957405052896323, 10.853674880470248, 21.132992464193844),(-18.25, 14.75, 35.25),false
148:(-25.25, -7.75, 25.75),(-22.103453192738126, -6.397550174400127, 20.66892915420333),(-18.473018680819088, 1.4997359453224774, 9.34274600157999),(-16.91882368761667, 3.6439971888108653, 10.752221663937508),(-16.689104766871473, 5.77730270459206, 12.848942149312036),(-22.874973943206488, 14.395053407096489, 22.012000237215897),(-20.75, 12.75, 31.75),true
149:(4.25, 4.75, 9.25),(4.362225975747921, 5.228507001063865, 9.158150229721063),(7.088865485713066, 8.783626053731975, 6.795864077853184),(5.721902510219005, 13.979813653778377, 11.998587013362712),(19.25, 28.25, 25.25),true
150:(-16.75, -16.75, 28.75),(-16.916433286322157, -16.495353596326574, 28.35319378747278),(-16.301666860389155, -15.90430968518687, 27.541310967348032),(-13.389952353415831, -15.264460893226355, 27.205882654130797),(-11.874679203974214, -15.333006983836153, 24.6175919602474),(-13.401739677129497, -13.387463788161252, 14.684174073926647),(-23.71718371785701, -24.327498318016612, 10.456374008085989),(-22.184583774683052, -26.86309697829633, 16.10244406565035),(-27.5, -26.5, 27.5),false
151:(-30.25, 5.25, 29.75),(-27.667854675933885, -6.799147899329694, 22.73997007417469),(-25.59362659157606, -8.397702383527491, 21.27634395555273),(-23.22332756472562, -14.248078345737392, 16.587870876461),(-33.25, -19.25, 19.25),true
152:(-24.5, 21.5, 34.5),(-26.395258549688737, 21.509329498193694, 27.73607355495621),(-27.791498069652043, 18.196760475976745, 15.10910137425472),(-24.766524639968008, 14.43366667522691, 25.583819377876715),(-23.5, 16.5, 20.5),true
153:(1.75, 4.25, 8.25),(2.4177103000261857, 4.075265648553444, 8.973623425314225),(4.673558443349941, 4.856214315357927, 10.790562701701596),(10.87111273484969, 18.065642782459456, 16.144318380786423),(14.576703153056018, 10.873471086936835, 22.80677956914718),(11.477386573676856, 3.816027556242884, 15.428801312588906),(20.25, 1.25, 16.75),false
154:(1.75, 24.25, 5.75),(1.5190781418091726, 24.30217094246843, 6.190401280846969),(2.662036738105691, 21.120954991168155, 6.262669208006258),(6.2999206193229815, 10.800834509977491, 7.738136878521505),(10.692708930716943, -8.366966094772383, 23.533615488918056),(13.5, -7.5, 21.5),false
155:(1.75, -15.75, 11.25),(1.9093039194411818, -15.276167546164073, 11.260250216705128),(3.6252559242917233, -17.760270520793483, 10.049072170512526),(4.848903101061142, -24.94979463915031, 10.137026687764768),(7.860857015123566, -24.193096575532387, -0.7209121873942418),(-2.183183841518447, -23.237620027727232, -4.457463254103264),(-17.82662444106956, -16.054002617828548, -6.831887520312659),(-24.056527908380247, -19.194888546516527, -7.4003401313191866),(-25.61089549355156, -19.053791911542383, 8.916073092109652),(-22.3323653603137, -6.119866613523222, 12.402507320676698),(-20.75, -13.25, 20.75),true
156:(-33.25, -23.75, 36.25),(-21.933548184348492, -13.408063530876598, 15.088171525844169),(-11.181460342403948, -15.272449132844752, 18.384446443777236),(-10.877233345256899, -14.880489089202023, 18.446198029946977),(-1.75, -13.75, 31.25),true
157:(1.75, -25.75, 20.25),(2.487012953251581, -25.09176924788829, 20.403441140877653),(11.704356111051613, -7.64907020734348, 16.32697797522245),(10.24032691775846, -5.103393700597541, 15.71366757731027),(9.909143743660524, 4.567031505126927, 19.388636657897024),(15.25, 9.25, 24.25),true
158:(-4.75, -21.75, 23.75),(-4.862484002851486, -21.388648200102686, 23.42323980381099),(-4.497824157444687, -13.49549394698695, 15.996196998083349),(-18.94597617898092, -19.94706000993874, 10.41999890834965),(-18.25, -19.25, 12.75),false
159:(-20.5, -26.5, 8.5),(-18.821711347445667, -23.72659936894988, 8.270439088974323),(-11.619545895548935, -15.471441207310802, 11.754014335795226),(-5.797611901464359, -16.238561693501435, 15.564081359902422),(-4.25, -20.25, 31.75),true
160:(-17.25, -24.25, 6.75),(-18.08939531703823, -24.314489490047677, 7.2896819502333585),(-17.7758097572244, -23.61865509580255, 7.935807783536565),(-33.25, -25.25, 27.25),true
161:(-26.25, -11.25, 34.75),(-18.639297893723455, -5.6014982383736935, 13.509690144542365),(-17.804507477325206, -2.7761027127791538, 14.075609824921118),(-12.964571071504013, 0.6352328866501046, 13.409782012729844),(-12.051922989694338, 0.39768096282005316, 13.07715224518977),(-12.935459144980069, 16.844697654184944, 8.14596768876786),(-19.33606740145691, 19.952769426556284, 9.965357176523941),(-20.22573926983189, 21.337703370542346, 13.174480158576225),(-22.75, 20.75, 20.25),false
162:(-7.25, 20.25, 27.25),(-7.3927637236658885, 20.090841606979254, 26.35824309371465),(-6.986525682881525, 19.79375099508829, 24.833697299563294),(-6.649775789408498, 17.718326496546972, 20.62307145908354),(-7.029171700420563, 6.844582525541494, 7.550075132018024),(-8.950357362960142, 4.581231108830416, 7.9816837678495105),(-14.5, 8.5, 7.5),false
163:(10.0, -18.0, 22.0),(10.222445989011689, -16.465741820791823, 21.27887881453944),(11.109192289410277, -1.3431888364543374, 23.32366297389918),(15.5, 6.5, 22.5),true
164:(10.25, -4.75, 12.25),(9.876262799260491, -4.3619048976880865, 11.781666159839746),(9.746618347034575, -2.1137347899044547, 11.962696174089116),(1.6990643296735297, 2.7605967895688557, 6.535018961980885),(2.5452996480523487, 3.1317831887859544, 6.152780236882886),(1.6035905252391212, 3.7926217374970848, 2.4009508475236165),(-9.743507308189047, -4.936605468708394, -1.994466787773237),(-28.79864757597624, -15.65893863028739, 5.811161726686716),(-29.27917982791125, -15.231415274454257, 9.198614027505805),(-17.425738838194757, -9.403802511313813, 9.682132912894566),(-17.5, -8.5, 10.5),false
165:(-32.5, 16.5, 34.5),(-30.294416822076542, 15.236932801149434, 23.75835787398989),(-29.296501059974037, 14.271753757611366, 21.87348386469985),(-27.04793338764479, 13.0460343789833, 20.31093612852938),(-22.62471468317278, 13.496278359401641, 17.107170534949827),(-9.975968292622191, 2.9971027891485815, 7.878215328707218),(-5.1580167733928866, -0.547624048229105, 11.514457180775148),(-1.5, 5.5, 12.5),true
166:(10.75, 19.75, 14.75),(10.895223791665602, 18.01319359260502, 14.564888399255427),(8.25, 15.75, 24.75),true
167:(-5.25, 1.25, 27.75),(-4.44224167730817, 0.4990677538056631, 23.400831331901287),(-3.552532602043988, -4.9672783133658225, 21.95052914466114),(-7.638905006655258, -14.333244888652338, 12.613133615189302),(-12.5, -13.5, 13.5),true
168:(-32.75, 1.25, 28.75),(-32.103006485541584, 0.5937298149513982, 28.361787639989373),(-30.12807708461937, -0.7175937475710543, 26.279275588247845),(-28.25, -3.75, 17.25),true
169:(14.75, -7.25, 5.25),(14.501736961426014, -7.317240026013834, 4.821229382327018),(15.78901001390119, -11.812521102447839, 10.45613670399954),(13.52888930674534, -11.640778166825557, 17.495549456433043),(9.20944791078613, -4.367922200189355, 19.587914267204273),(11.720158075088005, 2.109441153269761, 18.727624514774234),(16.5, 4.5, 16.5),true
170:(19.0, 19.0, 15.0),(15.358591562066735, 17.0371590519961, 11.154886808073218),(7.75, 18.75, 12.75),false
171:(11.75, -10.25, 9.75),(11.544435579886681, -10.095793290525076, 9.321090265980835),(10.852502036418386, -7.888465159041374, 8.907155904764712),(10.724936670971253, -6.315190381910059, 8.275140195868648),(7.498468713734532, -0.04931694242782225, 5.578980324381695),(-13.775103262334818, 5.349892281340192, 9.357826970072423),(-20.25, 10.25, 19.75),false
172:(16.75, -3.75, 14.75),(16.39371386203767, -4.221545821648866, 13.94333729106808),(15.838262414934016, -7.358364488074185, 15.05501091323061),(10.234244666701228, -10.818260844479436, 15.556306700208404),(8.5, -3.5, 23.5),true
173:(-33.25, 12.25, 21.75),(-25.890024649478672, 6.261490395735611, 16.093246080441233),(-23.59489478585104, 4.820564505116004, 14.806346128297827),(-21.9266432590349, 2.4607504646053107, 15.611463844836353),(-22.171779433286446, -1.6508123874516352, 14.052468322263872),(-16.875851404535318, -13.928738113569297, 8.946064272541532),(-14.212155174163332, -13.952147801315919, 10.325982523316439),(-14.25, -18.25, 10.25),false
174:(-32.75, 4.75, 22.25),(-32.60566681807707, 3.9556877759880287, 21.65988473720708),(-31.13528045801695, 4.281627202909483, 20.461418089393554),(-21.372816302202867, 8.259962951471504, 9.256491931783266),(-15.409574413986682, 6.4714536178926245, 12.621948533842613),(-12.8411069005767, 4.7061018720598815, 18.88984354301777),(-12.75, 5.25, 30.25),true
175:(-7.25, -20.75, 14.25),(-7.169204622325941, -20.794307137058343, 13.758564363774665),(-5.5752469738968315, -19.99121580646717, 14.469893572226216),(-4.34865737005042, -17.318286380465658, 12.889047031882047),(-4.359745522983195, -16.38012532281438, 13.235068538108427),(-15.967604424097505, -14.66750156425402, 11.317077909570116),(-22.362068283601296, -14.693500214980423, 14.804761567723231),(-33.25, -18.25, 15.25),false
176:(8.25, 9.25, 9.75),(8.16971227685759, 9.212588480214261, 9.257908281211796),(7.885303773854253, 9.983378071574712, 6.3276526482044835),(8.01153480558027, 9.530861007067617, 1.4943846053304908),(6.614122194468728, 0.7353905615561946, 0.22178728803099945),(12.006312877177782, -9.028276721942467, -1.572966939815472),(12.47461187903568, -20.858065308727287, -0.35103942282380274),(14.26129451004465, -20.65191899330529, 2.0500580080791577),(18.08165255507022, -8.17812922917806, 19.127531858221253),(21.0, -11.0, 15.0),false
177:(9.75, -4.25, 26.25),(5.507763474575491, -6.668053842019466, 17.945075872099018),(5.520309916949234, -7.125708339671688, 14.124914480184788),(3.6146407099470617, -4.318301177483615, 10.309187660975093),(1.6977238644585815, -3.594611072334738, 8.117908938586702),(-1.2538762137470774, -3.3856224581368384, 7.6235601371600294),(-7.741489716632874, -14.602767162335576, 9.899455095857297),(-12.25, -16.25, 20.75),false
178:(-29.75, 28.25, 36.75),(-23.817724534263036, 21.614906446244664, 22.37143141584412),(-17.758019732254645, 18.187343905159633, 15.378118893878478),(-18.229959462522178, 15.466789894644318, 14.205148831658624),(-18.917644225854026, 14.82798166478009, 11.355760526822136),(-15.438305474407283, 22.26976807493729, 12.258109160582034),(-11.25, 26.75, 13.25),true
179:(-31.75, -0.25, 32.25),(-20.98101143585629, -10.529155822067954, 19.12513183085948),(-26.25, -11.25, 7.75),true
180:(-21.25, 6.75, 15.75),(-21.918909167558404, 8.126529624861778, 1.949804404332606),(-30.751053792932975, 16.914625750037878, 5.650767440331772),(-31.307525670264507, 20.943203132524463, 11.348214528550905),(-26.75, 17.25, 17.25),false
181:(-33.25, 24.75, 5.25),(-28.392122732883305, 19.495997298606568, 2.1511556493977246),(-20.32052974793524, 4.2875255319999805, 3.215452499221395),(-23.606416974975915, 5.49864502649179, 9.276486627258691),(-18.25, -8.25, 18.75),false
182:(-17.25, -16.25, 19.25),(-16.985282291194356, -15.811614742254008, 18.474145865361034),(-9.576884166544144, -13.227877722922361, 12.947483075591078),(-8.05420426570679, -10.813561796311678, 8.358307114423345),(-7.137848174333145, -4.172191982033467, 9.69152688312674),(-1.0581386932661447, 6.269041728934685, 9.889919221487483),(-2.30212104656638, 8.942556169867329, 10.442031926288069),(-8.25, 20.25, 11.75),false
183:(-2.25, -26.75, 10.25),(-2.938516601253351, -26.2180615409876, 10.269809970871602),(-3.588148557716188, -24.82310618577621, 9.774492654508283),(-5.183710052924222, -24.39289603006079, 7.2706750219861345),(-5.610248359949626, -21.640166990878946, 6.156876157969426),(-10.280850901287431, -19.411692404910173, 8.092360570220777),(-13.618149631574692, -16.576002046863266, 10.254094695591247),(-15.14859186356019, -14.125293927557802, 9.446768064960548),(-24.044078581981445, -8.433515755616318, 19.823273487796854),(-25.5, -4.5, 32.5),false
184:(-11.25, -14.75, 12.75),(-10.906230052260726, -13.694522683252037, 11.16867484868058),(-7.559614114731696, -8.463135984083905, 8.1013188528535),(-7.3639852856356685, -4.210497472843617, 6.801880789739454),(-3.0941139111107114, 1.6728024601823177, 8.206415058833171),(-1.936250587152508, 3.9625811109327596, 7.733742878433097),(-1.758293163662001, 6.830992190616865, 5.700909338670989),(3.6043848480474026, 11.27181418223259, 7.650720600059405),(3.861365553740127, 11.987072637846182, 8.30061771389738),(4.118937023441522, 14.30313026204058, 11.439825388073523),(6.25, 13.25, 16.25),false
185:(-30.75, 13.25, 20.75),(-30.76828859439381, 12.990236525109948, 20.323164593281973),(-30.015926908964634, 11.406810315487691, 20.18431424567053),(-29.488765649563618, 10.861573604911328, 19.532533656801395),(-31.5, -9.5, 35.5),true
186:(19.25, 0.25, 5.75),(18.865142042583226, 0.500011608564557, 5.551559711258146),(18.258951965784068, 1.5732183676319793, 5.341292299320602),(15.859877699036607, 3.2522105626547764, 8.4689943530289),(8.06220512018675, 3.382594167232516, 4.682496290505937),(1.5255646937397405, 0.8327434900439936, 6.996036118873171),(-0.025267430929563184, 2.0069907012727475, 7.198939310813171),(-2.326498263391026, 2.609556958723708, 7.307120378483169),(-4.614120472029295, -9.07599917162904, 5.845136334628026),(-4.25, -9.75, 5.75),false
187:(-27.25, -3.75, 15.25),(-27.01611976942179, -4.127548518798284, 14.454008110353518),(-21.115278953915034, -9.786760771611274, 10.200820743321348),(-9.146293597088528, -5.778935792073138, 8.808178133940961),(-2.4318046168039693, -11.736099329608336, 14.386896454444217),(-7.5, -22.5, 33.5),true
188:(20.75, 28.25, 30.25),(13.197413414451573, 19.62696891883502, 17.991244550119703),(4.96945451238662, 10.284275878726245, 4.824095200052663),(10.5, 3.5, 5.5),true
189:(11.25, 28.25, 13.25),(10.545110528784543, 27.260592920895817, 12.510139468881507),(11.0, 17.0, 27.0),true
190:(-0.25, -8.75, 9.75),(-0.034141707660744924, -8.524404814765365, 9.359472139243136),(-0.07175811404453325, -9.956140412411719, 8.862587291946049),(-0.7299244612915665, -11.283864780909214, 8.726536673128507),(-2.672687934868334, -11.46991666869666, 8.838528455552833),(-18.81381439084321, -14.445888993410984, 8.358748393809337),(-33.25, -20.25, 10.25),false
191:(-22.25, -10.25, 27.75),(-24.563970656847577, -13.63883747566292, 24.236838640095012),(-27.38981081203755, -17.665215220482377, 11.149201823379974),(-30.464000518775396, -21.119656494809163, 5.894090680005878),(-19.213401057790087, -23.618213559981555, -0.7300608568110432),(-7.441451031513115, -20.67770953850274, -9.661006398057719),(0.32640361394554845, -20.868324544921528, -16.970818349527747),(8.512286340022603, -19.617158847174135, -6.762774634306481),(15.67178821053492, -19.62403967052856, -0.20300272770332833),(18.166369175195417, -14.5258762135892, 6.918705931567461),(5.568543481872291, -17.34498462284983, 15.597985069276291),(2.5, -22.5, 15.5),true
192:(-20.25, -19.75, 17.75),(-19.708811473504483, -20.303206852528845, 17.116693473028473),(-19.20643507804906, -20.400408671515404, 16.25752540816868),(-16.79098575824951, -16.100563972700385, 13.455215737790487),(-7.833834489262586, -13.613034901676757, 15.095400852233707),(-5.90120568033007, -11.331679560570477, 14.849710611300273),(-6.5, -8.5, 14.5),true
193:(-21.5, -26.5, 33.5),(-26.234671779446888, -21.081879522901893, 17.41845038148104),(-24.119549656002423, -15.914216215178744, 17.892569060468297),(-21.25, -9.75, 15.75),true
194:(-30.25, 9.75, 21.75),(-29.99355371641304, 9.46689930459675, 21.427371266163984),(-30.621659045446666, 0.05150279783366152, 21.94769720301615),(-21.25, -14.25, 35.75),true
195:(16.75, -8.75, 9.25),(15.884206544601799, -9.130193355696054, 9.481841701239496),(16.174271946543737, -6.9334558932537735, 6.091714636921633),(15.388082335678414, -3.476069410675669, 4.19824786841339),(11.122655786186316, -0.056170111053254534, 4.1355811350935765),(14.731281593075511, 10.884391271123068, 19.63457461746568),(13.0, 17.0, 25.0),true
196:(-17.5, -7.5, 17.5),(-20.48417358348769, -13.104768571976008, 17.703141253753177),(-21.75, -12.75, 28.75),true
197:(8.75, 16.75, 9.75),(5.75, 12.75, 24.25),true
198:(-7.75, -21.25, 11.25),(-8.416504554369165, -21.48153858403505, 11.327273675843129),(-9.755720550117235, -20.73787234800337, 10.223890629538715),(-11.162749529186033, -19.90523153376794, 9.638453543897358),(-24.29013707140838, -9.293823560820401, 12.207138999694804),(-27.5, -1.5, 33.5),false
199:(8.25, 20.75, 9.25),(8.372450751304791, 20.12895966341268, 10.024154192545902),(7.245160376459344, 17.078623595874163, 9.336808462995359),(2.2584484977506185, 10.21074497935307, 6.742544002303523),(-7.080587430186647, 12.466815288377417, 8.224077851226328),(-27.48958098073751, 23.370698385295462, 11.204001733240448),(-26.73387701248766, 21.478743051447502, 17.900972431033267),(-15.25, 28.25, 31.75),false
Total path: 200, feasible path: 121 (0.605%)
