ID TP TN FP FN acc pre rec
all:    128698 458529 66468 29772 0.8591885197090715 0.6594283840423024 0.8121284785763867
bottom: 61961 134771 32477 15615 0.8035650099663432 0.6561024164001779 0.7987135196452511
top:    47356 259444 22915 6918 0.9113782665395253 0.6739053094448635 0.8725356524302613
=== path ===
0:(-22.75, -8.75, 12.25),(-22.752260152811093, -9.22541561276808, 12.404838260277042),(-9.5, -26.5, 9.5),true
1:(22.25, -27.25, 32.75),(21.884584283031213, -26.57465568388644, 27.671928612336778),(19.5, -26.5, 17.5),true
2:(-21.75, 13.75, 20.25),(-21.26677055581185, 13.876144457213508, 20.225981669834916),(-16.26089404522678, 16.986848465709706, 20.589157881231444),(-8.309917799649032, 20.029668386557802, 22.027510410009622),(-2.5, 24.5, 15.5),false
3:(5.75, -11.25, 12.25),(6.040270436910058, -11.393122172782787, 11.868871259134163),(1.3433620726102413, -9.653582573401131, 6.1177349653574185),(2.1454453337741963, -10.842710731488822, 2.4194329682012152),(-10.634612383742423, -19.31843009596721, 0.7528547776691077),(-18.608676524957538, -20.442749483600274, 1.409819933248036),(-12.135213771308837, -19.64123605798033, 8.54779010686993),(-14.0, -22.0, 10.0),false
4:(-26.25, 22.75, 21.25),(-18.855110448418085, 16.184159197787373, 25.35855491407685),(-14.054410651984789, 3.481988056620867, 25.13663655873061),(-10.162722904707067, -2.1077642456193306, 23.00211609858102),(-8.106377731749358, -5.124978308701427, 17.034537578893097),(-12.5, -1.5, 12.5),true
5:(-22.75, -6.75, 24.75),(-20.95306678862428, -6.644184018129083, 20.67064033191743),(-18.14053157856659, 3.732991416059462, 18.58869293234934),(-15.64196136540199, 4.142947043806246, 20.63813604391461),(-18.236127162858867, 10.43210387725835, 22.286410941966395),(-17.496128782744954, 11.065394264595591, 22.51300679968455),(-13.763984574683771, 16.976804150468286, 22.15757358311363),(-7.803079811351178, 21.676014888436985, 17.70746728292561),(-2.5238690334376486, 19.17176894224557, 21.562163873235342),(-3.25, 20.75, 20.25),false
6:(25.25, -9.25, 5.75),(24.842144315012813, -9.381179568651227, 5.492229441184389),(26.292617485438505, -16.371610465186183, 15.346554603685533),(20.86154675845421, -24.115566717490015, 24.11199134488462),(4.75, -27.25, 26.75),true
7:(-22.25, 8.25, 12.25),(-21.848117885180333, 8.252501416751665, 11.952536542240383),(-21.65337220131672, 7.933063149065206, 11.244427282907324),(-21.799938969575162, 4.4573911321318525, 11.503728390973817),(-19.44763955533584, 2.59879612854884, 11.392768585523397),(-24.03895298578629, 6.150999503885751, 17.916099786825374),(-26.25, 25.25, 25.25),true
8:(17.25, 23.25, 7.75),(17.609996920484587, 23.282115744281505, 8.095500790463436),(18.1477141555185, 23.275889812360933, 8.938603045779601),(20.527952725600098, 21.53102579241853, 15.331783670051895),(18.10567317481647, 22.375263630151036, 16.8873620998317),(10.928312729166272, 19.034660683820192, 19.25734861134889),(4.75, 21.75, 19.25),true
9:(-26.25, 18.25, 29.25),(-25.170739734061904, 17.429423360844993, 26.574427247681236),(-8.5, 22.5, 15.5),true
10:(27.75, -0.25, 8.25),(27.041975148852416, -0.27449769253783485, 8.585434599799719),(25.405287551552714, -5.280029365657682, 6.583826268358687),(28.5, -22.5, 9.5),true
11:(24.75, -0.25, 22.25),(24.64905060491708, -0.7392266955287614, 22.27159768539453),(19.93672340215267, -3.397898476434696, 23.4650645077103),(6.781389108776096, -5.288982207432582, 24.781584810724173),(-3.385528973031738, -2.2241606100728917, 15.35572416573711),(-7.5, -6.5, 7.5),true
12:(7.25, -7.75, 15.25),(6.8245413371919925, -7.731086493919142, 14.988032052477118),(5.58939152699362, -6.945995694129188, 10.994265131100533),(3.59513650268503, -5.278251560079979, -0.4364933281164598),(6.72670125349676, 0.45278385912583297, -0.6202128619354883),(13.429736971721251, 13.777513659801075, -0.24715585473147078),(24.712815579394952, 23.057398197644055, 5.384997673189953),(19.41168308484838, 22.751772470988186, 15.130330770086715),(12.997370422414065, 22.72814250333994, 22.363573164785763),(6.25, 22.25, 14.25),false
13:(19.75, -18.75, 10.75),(19.591325962065298, -19.120615371285854, 10.454252140747991),(20.41043343616568, -19.653679561058734, 10.242342925623493),(21.368590775651732, -23.646479804967317, 22.25649371174647),(-11.0, -25.0, 27.0),true
14:(-26.25, -17.25, 9.75),(-7.5, -26.5, 19.5),true
15:(4.25, -27.25, 5.25),(4.215685271108473, -26.773746298367847, 5.398340524007341),(-1.9172457122931084, -18.775838116122767, 6.390911122783793),(-2.730440540054083, -17.72431084091618, 9.080335700941621),(-2.346517679213675, -11.516896096223489, 2.308611406547763),(-9.650579845591233, -13.07176330329186, 2.17102831958175),(-12.678872678185748, -22.83073320425365, -5.744027005078898),(-18.67637967790884, -24.5981691295311, 4.457430154835766),(-18.75, -27.25, 27.25),false
16:(-10.75, 14.75, 27.25),(-10.87110122378711, 14.44633650059851, 26.87168403056637),(-15.287873415082927, 19.313844823184958, 27.646368095825835),(-25.47934124012924, 3.593671050155745, 27.838796784269345),(-16.25, -8.75, 27.75),true
17:(-25.75, 5.75, 8.75),(-25.752802071719504, 6.653520814215443, 8.321464952806027),(-24.557840301138786, 14.950957575690994, 8.285257457669967),(-14.90263413453874, 20.134671696571026, 16.40797366983206),(-26.25, 20.25, 22.75),true
18:(1.25, 19.25, 20.75),(-0.6647577048414552, 26.44771662696151, 23.112392781592618),(-10.83748406342604, 16.89476369556096, 23.576348084043087),(-12.726007184124692, 17.207368975732944, 23.167841262351555),(-26.25, 9.75, 29.75),true
19:(-26.25, -25.75, 13.25),(-22.01864495359454, -21.950996209966334, 10.642047161570606),(-17.25, -9.25, 25.25),true
20:(-14.0, 26.0, 30.0),(-13.739462320681255, 25.268289833906756, 27.5573228056531),(-26.25, 7.75, 31.25),true
21:(-4.25, 19.25, 25.75),(-3.729002070514942, 19.037012715366895, 24.92344233470562),(-2.7337306614024284, 19.095399220728297, 25.001068607286978),(-4.875357148800648, 23.288300375357075, 28.0),(-15.50210399020527, 24.074898898298077, 19.915381473987726),(-26.25, 21.25, 5.25),false
22:(14.5, 3.5, 25.5),(15.042644869351276, 15.35988143032431, 23.9005229767103),(13.872135555804723, 22.251144175837993, 15.064874054855165),(14.25, 22.75, 14.75),true
23:(-19.25, -10.25, 26.75),(-19.10580697414119, -10.364252837316457, 26.285075640067312),(-21.898101447017144, -19.647833258837256, 25.178380393067687),(-26.25, -22.25, 30.25),false
24:(-2.25, 17.25, 20.25),(-2.109462036391901, 17.300475623098315, 19.772819434325196),(4.120750103280683, 13.99950983501855, 21.400976736157638),(11.75, 7.25, 27.75),true
25:(-23.75, -1.25, 14.25),(-24.362161938327368, 2.2776417475985946, 20.427605031708843),(-24.51157230087017, -11.59803219263484, 20.516187301392744),(-13.75, -27.25, 20.75),true
26:(-6.75, 0.25, 27.75),(-6.340550257588068, -0.1331399280081397, 26.938370410114725),(-9.037683362855773, -10.306479113172344, 14.671225630070623),(-16.02395441687494, -19.162222836799266, 17.85452191573516),(-6.467580311073875, -21.566589734977132, 27.077249463937118),(21.5, -26.5, 31.5),true
27:(-7.75, 25.75, 18.25),(-7.770920088698579, 25.357046240451876, 17.941536561735692),(-17.85045957154499, 14.17457614153382, 24.19602637546106),(-16.4992730254821, 10.52564063337877, 22.50607512155223),(-12.75, 3.25, 29.25),true
28:(-5.25, 18.75, 11.25),(-5.05699122611595, 18.15525783788193, 10.808684093001732),(-3.6836852289762625, 17.60974078014453, 9.548421531934899),(-0.7528980713042064, 21.59123195252782, 17.49135184782216),(-7.164493497722619, 21.852550518858322, 24.464501626405003),(-17.793079634937513, 16.022733051490015, 21.1232340266106),(-26.25, 1.25, 32.75),true
29:(3.75, -21.75, 24.75),(3.81292266356179, -21.44087629969178, 24.36207826006004),(11.992811478119139, -17.018196562142084, 24.596638415517454),(-1.676990406936489, -26.11354130064868, 25.462237629273076),(-26.25, -25.75, 16.75),true
30:(21.25, 16.25, 25.25),(21.3471945692148, 16.331512397982706, 24.766358661102817),(15.716995670349098, 17.48984970102274, 23.142306315674887),(10.327972622509089, 13.022368952723085, 23.135497980994568),(7.704320575631041, 12.477558194901885, 16.668688012000974),(12.5, 20.5, 10.5),true
31:(-4.5, 22.5, 18.5),(-19.150374007502293, 23.40907337882823, 21.05005068725555),(-24.467255084868302, 1.1746193664693338, 25.397451430627342),(-14.5, -11.5, 33.5),true
32:(2.75, -6.75, 23.75),(1.109631383710528, -3.8301987756576787, 21.936467472977778),(-0.49940322782501423, -1.9143473712994297, 11.919452589404584),(1.2398446902438112, -0.2784771352736152, 12.267912972337236),(2.5, 0.5, 10.5),true
33:(-26.25, 8.75, 23.75),(-26.325748442369683, 9.341516319015323, 20.000379865523605),(-23.86690565475293, 1.0539414521170958, 16.522326634401033),(-19.75, -2.75, 11.75),true
34:(-12.5, -26.5, 21.5),(-1.2906453535708122, -26.002458409368334, 23.660879707227377),(10.013877362290554, -17.681041408188495, 23.775500267079636),(3.0, -5.0, 33.0),true
35:(-26.25, 14.75, 32.75),(-25.969590747985347, 14.181272380718411, 27.88414560070968),(-24.628068118378437, 0.5033197219283956, 21.71421113695937),(-20.25, -5.25, 17.75),true
36:(-25.25, 2.75, 12.75),(-24.80156448902919, 2.596766029907661, 12.590547991827988),(-19.577389381591033, -3.990634967251493, 6.723442831206715),(-12.033688963373208, -2.9733498681248807, 8.593961673489044),(-21.690282843440926, -13.085737035022248, 25.959218668910378),(-26.25, -25.75, 17.25),true
37:(15.5, 25.5, 11.5),(17.859615687878602, 25.458605815402535, 13.352160988412914),(14.25, 10.25, 27.75),true
38:(-22.75, 7.75, 25.75),(-22.0410946550652, 7.869201722779514, 25.05484234794597),(-23.49166644949522, 8.068003708273677, 26.3405967483972),(-20.005408311766107, 8.953307699188146, 22.441828993685622),(-17.501378233029328, 9.001029223556936, 20.790297576820233),(-16.636146538242063, 6.784858361431325, 18.962741606623702),(-9.963674187828298, -1.6223123325435336, 24.22225611362193),(-9.604257014430786, -1.8972582810036385, 24.009596712484065),(-7.0, -9.0, 33.0),false
39:(28.5, 9.5, 14.5),(26.818141612878595, 14.025295935445643, 10.964716988785321),(22.10857202994354, 22.080934653108393, -7.628311665607711),(7.6118250496355, 22.912446386480305, -7.279260513515865),(1.374888139974888, 25.220770568916606, -3.7229715098739153),(-13.188180994468512, 24.26697169472139, -3.4222325629520913),(-17.77912976364818, 21.89366202386102, 12.684007521571093),(-17.35228003999568, 20.846413732025226, 17.728931242518136),(-9.0, 21.0, 15.0),true
40:(-15.0, -17.0, 17.0),(-15.472827059541496, -17.504286176265516, 13.767774176479966),(-19.98020004759544, -19.65538281292634, -1.8639290500768646),(-3.7786977413107508, -21.891476081371014, -0.8857624005680069),(12.277508262770784, -24.231074888004496, -1.4641612464618272),(15.390934488889481, -24.20683993301284, 0.8679016804394142),(20.35475284215345, -21.34015133969426, 14.392714960714327),(20.67716631562625, -20.472990091772807, 19.430810662371318),(19.593075330658582, -8.02982438918902, 24.448373872273372),(17.75, -2.75, 21.75),true
41:(15.25, -23.75, 14.75),(15.949629802532794, -23.910650989321574, 15.44621074326523),(10.75, -27.25, 27.25),true
42:(-0.75, 24.25, 9.25),(-1.2499281701461133, 24.25428007392321, 9.25731475642592),(-1.462632933065273, 24.2612874216811, 13.390245303853035),(3.4620912329456983, 18.576627130805104, 18.946134724550454),(15.044927893632849, 0.8025186212950306, 26.95531178225003),(13.169387514085063, -5.9388807722059695, 26.765885010145073),(5.25, -12.75, 21.75),false
43:(-26.25, 10.25, 7.25),(-26.25, 11.75, 29.25),true
44:(15.75, -21.75, 9.75),(15.110645772526464, -21.304476298818503, 9.395485437702243),(18.722664008964824, -23.86874457404877, 8.7699928347389),(22.230133729101876, -19.5084022524201, 4.750088320763535),(26.70465999729506, -7.416898556437146, -2.338134632786139),(26.115710286224623, 12.506765078501854, 2.7445422293543826),(24.34575254548672, 22.75607075839014, 9.418029762052395),(23.874309907864816, 22.3394414725435, 12.35131493018846),(28.5, 9.5, 17.5),true
45:(-11.0, 5.0, 33.0),(-3.4617429398323494, 3.72879384847364, 16.981491426305805),(-5.911324381278217, -0.6690411165933179, 9.786805607934806),(-13.0, -7.0, 9.0),true
46:(4.5, -23.5, 8.5),(1.4092811680563129, -23.5140033068138, 7.7759591863431154),(0.7389301031250496, -21.19366861255498, 5.996443421769969),(-0.5739529414826665, -15.343331566301005, 7.07672469848297),(-0.46747879008107734, -16.279735350692388, -4.483341179274924),(10.625620649117298, -16.81021527699285, -8.615286406015064),(15.403866813592316, -17.473711182460956, -5.224955830670373),(25.24368305939607, -22.141086834874873, 11.67495040119823),(19.25, -27.25, 24.25),false
47:(-26.25, 15.25, 19.75),(-22.775923957402117, 2.0785534908372147, 17.901651310964407),(-19.917084597480862, -4.1893180253859565, 17.495715417886903),(-17.939630014873195, -5.4198109464743585, 15.60480015144177),(-10.823877597722348, -6.635768867252909, 13.968530974567315),(-9.171235962241497, -7.793727902959844, 11.74864212683195),(-9.269996622842156, -13.6013111604257, 15.65533165116326),(-16.773126896037187, -16.914086683744717, 11.50205160642177),(-13.357086629672846, -20.101442715265232, 19.92752796803727),(-17.5, -13.5, 19.5),true
48:(13.25, -18.25, 11.25),(13.10314318792897, -19.141609965310504, 11.678327849324946),(15.08563869891878, -19.395130124428075, 12.495840043465293),(14.655047779652218, -27.5, 0.016361661681611572),(-11.10884781303707, -24.30047345940393, -3.3334839304218375),(-13.417032364577691, -25.213246907704864, 3.2116767786903573),(-9.780798266416994, -24.347232323350354, 9.130107341183994),(-9.75, -23.75, 9.75),true
49:(-26.25, 11.75, 14.25),(-22.900555195139514, 15.015731124229399, 18.105338435662034),(-0.21976201014140617, 23.061573550970476, 22.873905050331636),(1.0, 5.0, 33.0),true
50:(-5.25, -24.25, 6.25),(-5.009431599534579, -23.96971608649564, 5.913001821179712),(-12.483988970473623, -21.782812540720784, 8.156871530116735),(-17.67203721203962, -15.273771307223768, 19.176451498056167),(-16.725316407072835, -6.487339762396676, 17.337339247445477),(-26.25, 0.75, 22.25),false
51:(-1.75, -18.25, 22.75),(-1.9225915912035554, -17.855228907470295, 22.496291649430436),(-2.363504716207053, -17.041047862273526, 21.471309613485726),(-2.989507898978914, -15.315935452727027, 19.295667397615677),(3.1938291006680153, -17.406094079345017, 15.725500884990966),(3.964784306248584, -16.45090305677896, 15.47407257552777),(5.183016880754584, -14.289417548391295, 17.16045621854694),(5.547764275304472, -13.958237925376329, 17.075136845197544),(9.06193511848039, -12.579474492815153, 18.97360914305041),(9.380571084484242, -12.29407565233736, 19.232488696168698),(28.5, -3.5, 27.5),false
52:(19.5, 5.5, 5.5),(12.702262402135164, 0.02319473514302617, 6.374616901373541),(13.5, -3.5, 8.5),true
53:(-26.25, 24.75, 12.75),(-25.618246579227815, 24.14830218621236, 13.071523799043334),(-26.25, 21.75, 22.75),true
54:(6.75, -24.75, 18.75),(6.397657420278544, -23.849600609658683, 19.005216857570606),(-17.0, -25.0, 27.0),true
55:(-19.25, -4.75, 11.75),(-19.637026289077784, -5.6075590512730225, 11.41117390132637),(-8.679218146454804, -9.445477575626704, 11.861526933652229),(-20.41549142172846, -23.339876874813026, 5.892053799255419),(-20.735861082958362, -23.390881594181735, 2.9096450749579663),(-0.8741642634639364, -19.34507978475206, -3.7867031461628526),(15.20365591403823, -24.424804854804485, 2.2602398075589285),(15.253958179414825, -23.90706790876854, 12.167905513885803),(14.75, -19.75, 14.25),false
56:(10.75, 10.75, 23.75),(16.622908321311915, -0.5617018079387504, 23.605802601708735),(16.04512419888245, -7.399794447370407, 24.986619230526262),(15.5, -9.5, 20.5),true
57:(-26.25, 3.75, 15.25),(-25.990752702284855, 3.961408510153126, 14.878385575546064),(-21.35834308463658, 10.363721779697952, 21.315709386840325),(-18.085363614511373, 21.64070061044992, 17.11380467807051),(-5.0, 23.0, 23.0),true
58:(-8.25, -3.75, 6.75),(-8.531043374561092, -4.022032139671847, 7.061469318875665),(-7.843548206710757, -4.722826831958663, 8.538269763436707),(-10.5, -3.5, 18.5),true
59:(10.75, -14.75, 13.75),(10.5896688205421, -14.840502688028536, 13.285131011624513),(7.922606018958872, -14.108149010833502, 15.105463566540177),(7.629131629567271, -14.673992107467456, 16.69892975304174),(11.166485848334839, -13.808615642953296, 25.89305235692087),(7.0, -11.0, 29.0),false
60:(-2.75, -19.75, 7.25),(-2.4850816312208948, -19.171207266010185, 6.4845870969028905),(-1.902077470621824, -18.400219840197863, 6.700576161479733),(1.3115997821967469, -8.581131563929977, -0.6368258170574173),(6.630449370524226, -4.6910379148995425, 1.724743673455552),(19.28362628613103, 17.329407907653863, 2.9023242666993747),(20.088234029476684, 24.25129632772893, 2.570918482108093),(16.794444268830578, 25.576407717794517, 14.329611368953614),(16.245411600595553, 23.22123461529835, 16.104920577652006),(1.5, 7.5, 30.5),false
61:(-5.0, 7.0, 21.0),(0.7586351009332333, 14.751912769354602, 19.4355305796334),(14.843061267602753, 6.334777824284436, 26.98591186551225),(17.999233571550267, -14.337711527174188, 24.509236048074843),(20.5, -18.5, 19.5),false
62:(21.25, 11.25, 11.75),(21.240553058828457, 10.534653378962329, 11.051294076830255),(19.34484908794199, 9.908946540792495, 9.668850260069329),(18.07621655683992, 8.793035035559654, 9.393783574342494),(17.262557221290216, 8.38543653292571, 8.97926946562799),(16.117304376462847, 6.34590435769804, 7.10078485626173),(14.524425563039255, 7.50786548507086, 4.839682597578869),(11.127864565468647, 6.43107188026649, 4.761188403563246),(7.883770425934088, 5.726598773611647, 6.147004534724967),(6.682360224342461, 9.152149553943165, 14.295829644091667),(5.778236276424374, 16.480191985153965, 20.09484516975893),(14.352526285183801, 3.3217947346590684, 22.792634406354843),(17.142062849309365, -3.4901070660718, 24.481249151819004),(15.778994588462556, -6.65006004366624, 24.462861244607815),(25.25, -27.25, 18.75),false
63:(-2.75, 22.25, 14.75),(-9.234596635897418, 23.187293386571714, 19.234252107748535),(-17.5, 15.5, 16.5),true
64:(-26.25, -7.75, 17.75),(-19.46217141441573, -18.98655994768628, 1.656360110220216),(-10.948704630966455, -21.396496724429525, -4.076019608721384),(-1.781544414365354, -17.540522450950956, -6.485719780787898),(21.94495545534868, -24.01823875517527, 5.464644486705563),(15.172101203052126, -25.184623909341706, 9.762373684035953),(9.25, -22.75, 10.75),true
65:(-5.75, 19.25, 27.75),(-6.034322581381401, 18.980783238531167, 27.439061091111373),(-6.915189534806875, 19.391964555546053, 27.20453319319552),(-10.26677003105483, 18.843112167209615, 23.49433099230101),(-10.10496096378143, 13.477207124987006, 19.245508103908218),(-9.178933584106517, 11.780895990852605, 18.909795278611153),(-5.990016945648183, 8.541265790741395, 18.380896754192445),(-4.352657445225458, 6.085071815705941, 16.912707380233822),(-3.014556644975537, 3.544626754315324, 17.78197439239208),(-3.499804589133124, 0.7442164556181052, 18.742305893302774),(-3.75, -0.25, 18.25),true
66:(-8.25, 11.25, 20.25),(-8.322235589839366, 11.064481686933622, 19.791344382921604),(-4.586668482036599, 10.345432785439996, 15.49187150310195),(17.686534963026986, 22.85636071488225, 21.423997735263715),(23.81825131368514, 19.1369523800655, 21.71343210372805),(28.5, 9.5, 6.5),false
67:(-14.25, 20.25, 10.25),(-13.777121913187303, 20.122117169507618, 10.350161353213801),(-14.397130859556748, 21.797423662976207, 17.126656030703906),(-2.284533915786506, 23.219188898590815, 21.142297693699092),(0.75, 15.25, 18.75),true
68:(-14.25, 15.25, 26.75),(-14.437874663166664, 15.375915144447466, 26.304075693263098),(-15.275698830303053, 24.58048274889679, 22.403523210813102),(-3.4038469184952014, 20.14979156760664, 24.32064572216424),(-2.5, 23.5, 17.5),true
69:(28.5, 0.5, 22.5),(17.477163406586165, -3.230969630562713, 25.37459823721267),(8.094637184004725, -10.474426778688033, 23.43683327567875),(6.5, -26.5, 24.5),true
70:(19.75, -14.25, 20.75),(14.277325346437292, -11.665597870207641, 22.285734451038973),(16.5, 2.5, 27.5),true
71:(-12.25, 12.75, 18.25),(-12.046525479802906, 12.590080102040833, 17.822187253734427),(-11.629800740200645, 13.150280168832529, 17.56526116156749),(-13.550822240822097, 18.997359657968715, 13.690984944958947),(-26.25, 18.25, 13.75),false
72:(-26.25, 27.75, 28.75),(-25.605593117134546, 27.05711766572657, 27.241826068660046),(-8.671021910332307, 26.414768393501877, 27.50325130989449),(3.0876478244338115, 17.457680791835738, 19.13000324653608),(7.75, 24.75, 15.25),true
73:(-24.25, 0.75, 9.25),(-23.957136054129425, 1.2734688558161757, 8.53659209900144),(-21.85241943332188, -1.052409912612461, 18.864984499025752),(-22.604222867045493, -1.6471112315760323, 26.522350754505652),(-23.5, 4.5, 27.5),true
74:(19.75, 12.25, 6.75),(19.451270339534418, 12.099421520956222, 5.807616473187811),(19.085755757392658, 11.188707396729958, 5.999967387343487),(16.251328932088132, 11.311976084922389, 5.8588535148466505),(18.501925145867542, 11.064419377268669, 2.6359254925218734),(13.700246475378258, 25.455353943567367, -0.2521584280975345),(12.183082006091407, 27.019341521350363, 16.3309215155012),(7.005116586419983, 22.14482036705386, 16.180013443845464),(7.5, 17.5, 10.5),false
75:(-4.75, -19.25, 8.25),(-5.45282532677427, -18.74553074527043, 8.275401492001007),(-6.605615355469029, -16.349302895476214, 8.072511917854817),(-7.0556135962427025, -15.792553723484595, 7.3742770413360015),(-6.753136607299459, -12.881010042712933, 8.031103552766863),(-6.786449232932674, -12.075239613107753, 9.160099684437622),(-13.594896356553498, -13.91636164826619, 15.193449445207108),(-20.127150687274966, -16.944299682085877, 19.974432787301573),(-26.25, -9.25, 26.75),true
76:(-22.75, -8.25, 17.75),(-22.77982920286666, -7.961120682561795, 16.79309929532225),(-22.883213383352107, -6.966642937847832, 16.811147189769564),(-20.160752460390867, -5.729449778820185, 17.051063029605583),(-19.377402018055385, -5.79979452665968, 14.155995897232968),(-17.481912425643173, -11.954802113843352, 20.49257080239856),(-19.823244686670538, -18.28878064509721, 22.33617575169972),(-19.25, -27.25, 26.75),false
77:(-25.25, -27.25, 29.25),(-17.790066984230926, -20.057014912017948, 20.078241451409582),(-10.296554742028597, -13.388945656112643, 12.130635362857364),(-8.619161843540624, -4.171338010115339, 10.826221324961875),(-18.39096725095626, -6.220899267638677, 16.74071093178621),(-18.5, -6.5, 11.5),true
78:(-6.25, -12.25, 30.75),(6.956125167988929, -7.396268351690013, 23.89257705307274),(18.10327838545522, -6.613640718347098, 22.066044155945146),(23.0, 5.0, 27.0),true
79:(-15.75, 10.25, 14.25),(-16.230491670362145, 9.847271390372311, 13.60389178133017),(-12.965221936828057, 10.086527404917566, 11.44533160110658),(-11.033099881397689, 10.962334481296502, 9.324042764600785),(-11.989013187843987, 9.918457629634283, 6.67894335831703),(-5.721078995026826, 7.852120329000874, 4.787827536501411),(-5.060829113051993, 9.901311528967147, 14.311220239727092),(-1.3284842193740947, 12.816131303599573, 15.503946416753877),(5.509666776672522, 12.275527374885236, 16.89945290098292),(10.25, 3.75, 26.25),false
80:(-26.25, 5.75, 24.75),(-25.607464282289108, 5.1486428045120025, 23.778915091112953),(-26.25, -7.75, 23.75),true
81:(15.25, 14.75, 7.25),(15.259540926750528, 14.307302733500972, 7.017775752878755),(14.262329444585323, 11.538908166422734, 4.912336330456736),(14.478944632218468, 9.796067826472967, 2.4801386801967014),(-0.3595878202887106, 14.70408263590716, 2.0456864642993633),(-15.654096812936814, 16.841774722567433, -2.1924653263731053),(-21.89765425252292, 16.522292091066916, 0.0484772578403434),(-21.15920947352404, 17.587864359565764, 5.582303403384981),(-16.123485965902393, 18.799115365463827, 13.609055968468304),(-9.0, 23.0, 33.0),false
82:(28.25, -27.25, 21.75),(27.657924896939175, -26.49978362454739, 21.774892335522576),(21.109731637952358, -15.438796712193852, 21.982085837615664),(15.804033350788586, -11.038557701727012, 23.201701488693168),(16.5, -6.5, 20.5),true
83:(22.75, 1.75, 20.75),(22.014796686935558, 2.240974126326018, 23.616778766444575),(23.318935279944178, -8.240550661236545, 24.057992216356507),(17.0, -23.0, 25.0),true
84:(-0.25, 3.25, 5.25),(-0.5747443862989661, 2.910914268887148, 5.078064109264614),(-1.287889043204519, 0.6012826768712487, 4.75673519941),(-2.0655413326532686, -0.01376513702002885, 4.154296070239869),(-1.8413967983768547, -1.0439648127829129, 1.3456579917733569),(-16.824602247349496, -18.35033597429928, -3.4059309675721865),(-21.80612048762665, -18.47321156398016, 1.5103051548335094),(-25.0, -11.0, 21.0),false
85:(-23.25, -27.25, 22.75),(-21.457238965449797, -25.380492326806902, 21.99059104089646),(-11.0, -19.0, 33.0),true
86:(-20.75, -27.25, 31.25),(-24.671400967674604, -18.342190825462026, 22.218178464636708),(-26.0880118950535, -9.354967871004446, 19.76530285028885),(-22.79591763268794, 2.1457963288971906, 15.966561038449976),(-19.5, -1.5, 13.5),true
87:(16.5, -21.5, 25.5),(18.62691902220729, -24.340563346490228, 22.79909587955416),(18.62902899590358, -21.364695912329903, 9.996153730944883),(14.25, -27.25, 5.75),true
88:(-4.75, -24.75, 12.75),(-4.328825749534258, -24.023362847784313, 12.292034143376405),(-3.791083264500314, -22.763627528125994, 11.83556210259086),(-0.4024780290730319, -27.23511412952527, 7.306876919906994),(-11.719105613518016, -25.598408394578396, 10.283322940102927),(-26.25, -24.75, 33.25),false
89:(4.75, 12.25, 7.75),(4.478365109635067, 11.962710611907672, 8.056070733370518),(5.511389222446784, 13.160860503298746, 13.460487263030851),(14.619045567714853, 25.49177495680049, 20.19193951161693),(18.65988689449401, 25.887100769159563, 8.398136726339514),(7.455795375193239, 24.54535058853151, -4.706916592479076),(-12.75030652697886, 25.807173100671633, -0.8052577472222398),(-25.762702768716927, 20.711937390743806, 10.409089378364975),(-26.25, 3.75, 17.25),true
90:(-17.25, 13.25, 14.25),(-17.477262595733745, 13.449043849857532, 13.851586573501528),(-18.237729790379817, 13.987992786693813, 13.48933846881335),(-7.949556535563803, 22.204548183595893, 17.944496865818277),(-0.8980048401891603, 19.934683856886668, 15.540083851851772),(-1.5, 20.5, 16.5),true
91:(-19.25, -10.25, 25.75),(-19.08859936217853, -10.13879175662666, 25.290018956133366),(-15.206339063762044, -16.98583835935851, 14.655760845766835),(-17.67530154773466, -21.723688633155348, 2.010251181517075),(-17.316242516422378, -14.2481902365212, -8.095277356495775),(-17.506933782089213, -0.2586708347225399, -7.377361050901777),(-22.348435036872175, 17.8450512883326, 0.4504895890541887),(-20.726384322882314, 20.825274263919965, 6.573170578377916),(-26.25, 20.75, 15.25),true
92:(-26.25, -21.75, 24.75),(-21.88791543813795, -18.735863203186952, 19.54290094586706),(-25.75, -27.25, 10.75),true
93:(-1.75, -22.75, 6.25),(-2.2095734428683578, -22.254939406564628, 5.941238913173534),(-2.808381524922602, -20.990025772238337, 4.446635630759029),(-2.9685926807976877, -21.06951287820239, 1.4519713448133356),(-18.142250311564602, -22.805138848652383, -6.585456262862918),(-25.25, -27.25, 8.25),false
94:(-13.75, 17.25, 6.75),(-13.737556807728343, 16.862063436160973, 7.6716020775816745),(-14.362080390091997, 15.290727648647007, 12.522103402908138),(-26.25, 25.25, 13.25),true
95:(28.75, -6.75, 5.75),(28.28768977632235, -6.846726002345868, 5.585947150121347),(29.0, -12.259741921356964, 7.56559511064082),(25.707937841951814, -17.46316274557328, 13.562694366722486),(15.25, -27.25, 29.75),true
96:(21.75, 5.25, 10.75),(21.32766551660336, 5.09555904416812, 10.5314100292881),(20.444701548883653, 4.7289210839818345, 8.681018281865297),(19.426423742099114, 5.179562982957945, 7.476468234645543),(13.746844089530617, 0.3499756635253899, 5.598012105511845),(11.497009778288819, 4.832376595495472, 6.025444298798244),(8.67931071109299, 5.79636009894295, 6.387808441346702),(6.892533469371524, 6.055231072816269, 12.211351728028133),(7.796309682441808, 13.670326733217752, 21.446862772349412),(7.75, 4.75, 25.75),true
97:(9.75, 26.25, 15.25),(9.45892766814018, 25.338325269267248, 15.54004496715001),(9.903615676092294, 24.50434628613157, 15.866743040715754),(5.366899206565621, 10.082782891078393, 14.397209700043902),(3.5, 11.5, 6.5),true
98:(23.75, -4.25, 23.75),(13.369763831448946, 4.058273492800971, 27.29011727520473),(8.670376633827903, 6.598006260827892, 22.05552430798624),(0.25, 15.75, 18.75),true
99:(-14.75, -15.75, 21.25),(-15.016955296373927, -15.337412112536212, 21.342228546860923),(-16.937202896962816, -14.580768499348586, 18.804353338310968),(-17.311177304654503, -21.21166449361116, 0.2052576588409183),(-16.352866189640412, 0.012821481185058659, -0.6877629513623597),(-21.14897214311675, 16.47092407539845, -0.6399522828044786),(-26.5, 14.12536313144781, 24.085315883646217),(-23.5, 3.5, 25.5),true
100:(23.75, 15.75, 27.25),(23.852686483525133, 15.82591630387522, 26.766582787948995),(25.701469781243347, 18.23065434895532, 26.320601663923025),(24.7869685102402, 3.994256518720116, 23.39412082889607),(21.92826827569201, -9.078309742130054, 23.48286068560959),(23.75, -10.25, 22.75),true
101:(-16.75, 16.25, 20.75),(-17.0032060352924, 16.624070511821035, 20.964378067622256),(-26.25, 9.75, 22.25),true
102:(-26.25, -23.75, 31.25),(-25.040429719393916, -22.51644598852969, 27.631991053095852),(8.5, -26.5, 32.5),true
103:(-0.75, -10.25, 20.25),(-0.7779213162091184, -10.047870214904098, 19.793530997680858),(0.7812838804368085, -10.793851336761358, 16.346025802132413),(-0.09832132421373577, -10.089871246880252, 14.820775009471848),(0.5168931849751184, -7.472584661199038, 12.308645918178406),(0.37592838301153286, -7.227770877645904, 11.349377897242773),(1.2887872562868172, -3.995001584650847, 11.341169405691565),(-6.376657540374328, -4.852153579814627, 21.100408170273887),(-3.878115876138173, 6.358770587387535, 17.865708634854347),(-3.4468062750260753, 11.35534055718149, 8.543985112110136),(-3.4990095378930666, 11.97474493996236, 6.812955415203075),(-3.75, 11.25, 6.75),false
104:(-22.75, 5.25, 8.75),(-22.378381939425946, 4.626473390454875, 8.745283522813722),(-22.052587370920836, 3.8330606858183014, 9.259437370658748),(-18.069639152641408, -4.2231837468611, 7.024792926985778),(0.7353131171280388, -4.474227004865872, 14.260880560340027),(3.187273116007602, -1.9799247842291976, 14.106041032254138),(5.386339633221291, 0.5564367303752867, 10.12369148940077),(7.594609991785822, 2.1875522193404087, 11.333238629922109),(7.490932372962404, 6.283320603269319, 13.288598021871131),(9.01026603402617, 20.71251410451114, 16.4511270022166),(12.5, 18.5, 9.5),false
105:(-21.75, 7.75, 15.75),(-21.015947450618928, 7.245403452084494, 15.483003182728378),(-20.65582327381331, 10.141307403575027, 17.193754201198615),(-18.05326979268158, 12.143514941567162, 16.180129354116396),(-25.0, 23.0, 25.0),true
106:(0.25, 22.25, 17.75),(0.3863928411812415, 21.418383282660812, 17.26969247146694),(28.5, 15.5, 31.5),true
107:(14.5, 4.5, 22.5),(3.7624227957207674, 15.042101962791094, 25.817645012874777),(-6.318353520184568, 24.129278476951054, 22.927442828557382),(-7.5, 19.5, 25.5),true
108:(15.75, -21.75, 12.75),(15.617605013762441, -21.262547888346806, 11.967752861000388),(15.507993850801396, -20.885191231707612, 11.18959672800536),(19.331985552456466, -20.349463645029903, 11.915909671939444),(19.787354643982543, -20.6058760710709, 12.768489086571586),(15.867631498808606, -25.667277834187185, 16.654311692572225),(9.991552702419144, -27.378950093554625, 21.235555629784727),(8.25, -24.25, 19.75),true
109:(-26.25, -15.25, 26.75),(-18.129630628556605, -15.084156850114235, 19.928769401144457),(-12.095669579082898, -15.092298707841142, 16.380354577087537),(-11.5, -12.5, 18.5),true
110:(17.75, 5.75, 9.25),(17.329772733992865, 5.94050214510336, 9.442660264754274),(16.351220096195963, 6.415044658372965, 8.580395025456346),(15.784444787286976, 7.545668158654871, 7.201907362358114),(14.544983122466608, 7.336254266135933, 2.4456390896566442),(-7.131909784443318, -1.2790899857048157, -3.7042221252465395),(-18.943990796927423, -13.135662307234858, -4.800957352479703),(-23.626109879955077, -20.756677643123645, 9.036603875002218),(-22.71662632650705, -20.95714759794511, 9.400817360778664),(-11.5, -13.5, 16.5),false
111:(-9.25, -27.25, 12.25),(-9.15690207457107, -25.978066808499737, 21.336233451954634),(-3.5, -26.5, 22.5),true
112:(-4.25, 27.75, 17.25),(-3.3381907853218693, 27.451178730211083, 17.531619965112185),(-1.0698682592006157, 26.20273791709038, 19.04691150591396),(2.1343999706124754, 15.035215301688845, 18.726385931632944),(8.25, 12.25, 18.25),true
113:(22.75, -11.75, 14.75),(22.23067321604744, -11.051426001049492, 15.242233744739007),(19.69842543953635, -10.376133489867593, 13.782199079843586),(18.047437443693646, -9.656590522384134, 11.382929075127905),(17.397272520026686, -6.41151206624059, 11.076595945706096),(16.091214405119292, -5.860152996061578, 10.577411025545182),(13.973391730354638, -4.272669062699252, 9.52412564109156),(11.007772780336088, -0.5921231204972233, 8.228852040344236),(8.73182842143411, 3.7088474852861952, 5.039108640083512),(2.5, 13.5, 17.5),false
114:(24.75, -3.75, 20.25),(24.56995419804521, -2.9347531782065728, 20.800414506307902),(24.764435640702413, -2.829046463281056, 21.248748153139843),(18.513305444915694, -0.8502421048308189, 24.034175657743184),(14.397226823914036, 0.25331388981341707, 22.567551103563826),(14.174801945061457, 7.428677509005952, 21.482276301540388),(3.75, 15.25, 19.25),false
115:(15.5, -26.5, 17.5),(27.0, -15.0, 23.0),true
116:(-10.5, 17.5, 16.5),(-11.039191726389618, 19.403827808065987, 19.630708222285698),(-3.3621895253955296, 20.00870511562971, 21.070044661914313),(1.0, 21.0, 15.0),true
117:(17.75, -19.25, 13.75),(17.859748487796267, -18.434228353513983, 13.182133915244162),(17.925355896908588, -16.652468141542702, 10.769453618373973),(18.333319455366787, -17.391136958434902, 9.28697987412303),(18.968576884464593, -24.309569791311258, 8.43156469086141),(24.124686765598593, -20.766892001889232, 13.234438287341739),(20.75, -27.25, 20.25),false
118:(-4.25, 5.25, 7.25),(-3.773599890150452, 4.656086765544799, 6.601686800015378),(-4.906103359213127, 5.993923219985813, 7.376911878069748),(-5.740130720876404, 6.523731677748808, 7.530864332028077),(-4.778256585349585, 8.513512205836143, 9.559551493087914),(-1.1930894028611818, 14.57737068670568, 13.54050861482991),(2.5, 16.5, 21.5),false
119:(-22.75, -6.25, 13.25),(-21.931090345547183, -5.750323941192181, 13.532331036370875),(-19.299992212069448, -4.484902929421011, 14.222281958522597),(-25.393538737529454, -0.8314664093027417, 24.327388960270355),(-21.0, 19.0, 33.0),false
120:(22.5, 2.5, 9.5),(21.729289996577027, 3.3534131854723137, 10.007105263235117),(20.724120693063107, 4.623594266613814, 9.695792559222523),(20.49452757729119, 6.1842777694614215, 5.78340243609083),(21.175786261284394, 13.099357764609419, 6.630488775366718),(23.734350584112345, 20.336342347084912, 6.829029331637058),(22.04426774536048, 22.33449759115735, 22.19305569507562),(12.35285324185123, 24.909323715435704, 17.089863135559032),(0.5, 14.5, 20.5),false
121:(13.25, 25.75, 9.75),(12.813914597031825, 25.771719336125297, 9.993634545490497),(14.49659232067793, 25.710106371985212, 8.231240275808236),(15.10932468216598, 24.980249647606133, 16.7835874298554),(13.045915314257027, 17.702399118423543, 18.47507732432708),(4.75, 21.25, 19.75),true
122:(-20.25, -11.25, 22.75),(-19.76242142038094, -11.328864650950727, 21.946488383125168),(-18.288691714515334, -11.112257458876977, 20.283444492257605),(-19.25, -27.25, 5.25),true
123:(-15.25, -9.25, 21.25),(-15.402718713923253, -8.774434251456512, 21.227323729806255),(-16.998521490020917, -8.806149067265657, 21.11202258047524),(-19.946355557484825, -14.002950894916744, 21.23803064181508),(-18.25, -27.25, 10.25),true
124:(9.75, -27.25, 5.25),(10.03196216630086, -26.54775454070591, 6.356116121953049),(18.5, -26.5, 28.5),true
125:(-16.75, -9.75, 19.75),(-16.45054575639662, -9.173061660903143, 19.140360086054603),(-15.046801244301548, -6.658582769932564, 15.12365356570824),(-13.755920401512672, -6.406148442199491, 8.337506441939414),(-19.75, -1.75, 7.75),true
126:(13.25, -7.75, 11.75),(12.659484974059147, -8.312656965296902, 11.171459471133652),(11.822398647067292, -8.673695652637527, 10.760439340961607),(10.555347457182895, -8.747219975141576, 9.991310908513409),(7.175232721420144, -9.197839580776503, 5.3484723814574515),(-1.75, -11.25, 6.75),false
127:(7.25, -22.25, 19.75),(9.096089524592418, -13.753456319456326, 20.26897408044782),(12.34816979951006, -10.914480280839983, 20.872175525129055),(23.740210461477474, 6.566225452197367, 22.417430455160446),(25.23055534923466, 9.742251650876936, 20.87664461879245),(26.636741554274856, 16.61492822213017, 16.572680142454313),(25.989786410769295, 16.59938207021099, 5.34492221939862),(25.289665092575422, 17.235284366600776, 5.020178613985564),(19.036695505237898, 11.285712109804638, -0.09808787993466339),(5.502768105783163, 3.1218280050870546, 0.49543284272283117),(-10.59872857044894, -4.85162530381646, -7.387779874168959),(-16.133861631427973, -20.22290494300837, -7.41458902458424),(-26.25, -22.75, 19.25),true
128:(17.75, -12.75, 20.75),(16.95575586953248, -12.979876402852419, 20.187565025421137),(19.338262854587043, -14.367110493346807, 22.71529253726937),(15.841415588078254, -9.981450279755265, 20.107816429478593),(16.733358830248633, -3.076880179118138, 20.83675331161202),(8.864412946804897, -14.473137768413313, 19.691483524775546),(7.75, -27.25, 22.25),false
129:(25.25, 7.25, 20.75),(24.870571161756516, 7.367900783452242, 20.446465550603317),(25.347918559209763, 7.937233917891856, 21.46980656975419),(21.9032396593976, -3.008394641024199, 23.4829000735401),(26.5, -26.5, 22.5),true
130:(24.25, -27.25, 12.25),(19.259207598130136, -15.568760470431084, 24.501131956473643),(1.75, -5.25, 24.75),true
131:(28.75, 0.75, 14.25),(28.56856441577484, 0.43228733356063676, 13.909207115155164),(25.42099295747195, -5.465673209315829, 7.227883611150197),(24.811757305877414, -17.003054187395456, 6.468534694452715),(21.724216859395828, -18.922320454089913, 19.95887440926126),(20.170008280645884, -13.392428407635252, 23.959465571614338),(4.5, -11.5, 26.5),true
132:(-8.5, -23.5, 8.5),(-16.68180469270675, -24.001906105015504, 2.9578251858391464),(-25.0, -25.0, 13.0),true
133:(0.75, -8.25, 26.75),(0.8720514825202504, -8.455179269998405, 26.310676767314167),(2.321466647280721, -5.458539295222337, 23.761822348741344),(1.801665063021142, 0.9804754111357377, 9.509592692348072),(3.012290531880908, -0.08962620576519864, 6.981892452277253),(0.36312484244658744, 0.9638770878077555, 4.348447072701283),(-0.5216542103858697, -0.6101144272985163, 1.9526764789168198),(-5.26351791618787, 7.0538698077263735, -0.813057200662603),(-17.05421049842169, 21.170324530308143, -1.2811903488609229),(-18.2298852515833, 21.735466277010996, 6.791002483249702),(-15.511228883670572, 23.981598229621945, 12.837803191448021),(-12.75, 21.25, 14.75),false
134:(-26.25, -22.75, 14.25),(-25.68254284123733, -22.116378681806573, 13.761878676482748),(-26.25, 9.75, 33.25),true
135:(21.75, -15.25, 11.75),(21.80624557561889, -14.304605806567805, 12.07103933442491),(24.266534923219908, -12.782946343364685, 12.954360413748587),(28.33732632369264, -15.951016568820249, 15.362082768356977),(18.083899896824388, -25.972734001303955, 3.8240588933221398),(-7.573269937962138, -23.033986922152415, -0.28259970599097395),(-16.088904135438348, -23.307798836930395, 2.0678096555351138),(-19.087839281897992, -21.46326412276672, 8.117940205826917),(-9.25, -27.25, 11.75),true
136:(-23.25, -2.75, 10.25),(-22.79028278992974, -2.60818425248264, 10.113807560704307),(-19.166941759574033, -3.1661279692611157, 7.292276077521907),(-7.484465257595349, -4.82389618877306, 16.633550145455462),(-1.5549148461790696, -4.59816974934494, 18.943387499552447),(2.1311346985045976, -5.9626374799349335, 19.234270810944956),(3.6496297478565483, -6.606914694375555, 19.80601473334536),(4.25, -6.25, 20.25),false
137:(9.5, -22.5, 8.5),(11.811885146610335, -23.155897404971164, 6.320496305805503),(21.75, -27.25, 9.75),true
138:(22.75, -17.25, 8.25),(23.440629923043417, -17.07852631939214, 7.547414000811405),(23.22970954821884, -16.938665530181105, 3.6151068874781314),(16.67583493021417, -16.54528610265219, 1.2455192943883078),(0.37937220401870064, -15.224291076802656, 0.945711914096157),(-8.937288552235177, -17.34318309193938, -0.5341965679083591),(-17.569244951293086, -21.528659504839105, 1.3287488836888928),(-17.842082733490855, -19.971470262515677, 8.757048625300772),(-11.75, -12.75, 14.25),true
139:(-26.25, -13.25, 26.75),(-24.924675441508867, -12.400739108281224, 24.724499956614704),(-26.25, -7.75, 7.75),true
140:(7.75, -25.75, 7.25),(7.778612162400197, -25.34619547466868, 6.3356022476598435),(1.004954792563436, -22.724742107113343, 5.880303031707111),(-3.474469432670525, -15.76524510743207, 5.305907608217883),(0.712631051334089, -10.314575441451105, 6.631950491839399),(0.9821406360568168, -9.20221550297902, 4.804737850523377),(2.1079391994447043, -8.228512660528748, 2.200034341622982),(12.524540850488755, -24.557414695408482, 0.6951242998775635),(21.75, -27.25, 7.75),false
141:(-5.0, -23.0, 25.0),(4.2820905283416835, -24.140102031752225, 24.5206344217378),(10.25, -23.25, 21.75),true
142:(-17.75, -27.25, 22.25),(4.072453669398137, -24.707034184424785, 23.29410353389209),(10.264780703874475, -11.354068314173317, 23.754513538691644),(12.258152970512539, -4.5943013895879945, 24.937901689320725),(5.95101835653, -4.026239801023227, 24.119313126195937),(3.5, -6.5, 21.5),true
143:(14.75, -27.25, 21.75),(15.026170500189309, -21.96642180892168, 24.529704415306046),(12.75, -7.25, 21.75),true
144:(-26.25, 26.25, 31.75),(-24.614283256302716, 25.18314980430154, 26.447128148566296),(-12.617124379235953, 15.994367146732, 27.27315683771113),(-8.25, 6.75, 29.75),true
145:(-4.75, -17.75, 13.75),(-4.344921585345237, -17.49267573024614, 13.890341363027542),(-3.9728597938130923, -17.52384280121249, 12.962656806203796),(-5.527174498789628, -12.530614970126342, 7.374483001370434),(-5.036253911749129, -10.87273943101641, 7.157707532317766),(-1.7562150621073949, -9.909579792148934, 7.736601001031034),(-1.2609751245076277, -10.441459210654662, 7.049693664939632),(0.5310930905040676, -10.572531121835326, 6.301806593173204),(7.028544702812852, -3.635439782467647, 8.470859444696899),(7.625494965385622, -1.853719081117693, 7.440785012715145),(8.927241567057742, -0.7989200026823482, 5.505861139671229),(6.8074151919059105, 1.0537484666370451, 4.469542809233914),(8.331427579440042, 1.4807204490297647, 1.9209978971528758),(14.576610621737698, -12.249786212497794, -0.21906418568686048),(23.140714354667733, -15.972865642249555, 2.6773626615375115),(25.02728296405751, -18.90983733316018, 8.744903857842214),(23.75, -27.25, 22.75),false
146:(-26.25, -1.25, 20.25),(-25.279532294334373, -11.49637736228548, 22.12277282781824),(-22.5, -26.5, 13.5),true
147:(21.75, 19.75, 6.75),(21.447279931780805, 19.79482587519522, 7.145412697330711),(28.352521422334576, 15.360976718924155, -1.0439106708960084),(18.641573291479155, 5.024152062758025, -2.1910939093693282),(16.785510079647683, -3.9963041895515414, -5.94980990566353),(22.4620986622308, -8.987367832426, -1.0158493587994777),(24.589194690357708, -19.635970609227076, 6.691453558828245),(25.5, -10.5, 13.5),true
148:(16.75, 23.75, 9.25),(17.309485068681546, 24.290454637727628, 9.878398951686828),(19.771948108746592, 24.3215773696046, 15.318704668044347),(12.317502465804798, 18.435549049190193, 23.762079268763614),(11.75, 6.25, 27.25),true
149:(20.25, -27.25, 23.25),(20.53719110342601, -21.797585001769725, 12.082264230096406),(15.318343170393806, -20.415588487397603, 9.556159832075597),(15.5, -20.5, 13.5),true
150:(-26.25, 16.75, 32.25),(-17.25187779579731, 11.523380751423037, 21.22717190336842),(-16.461319808924376, 2.1003617172376616, 20.21539808754018),(-10.25, 3.75, 28.25),true
151:(-2.5, 22.5, 18.5),(-1.7599964599414581, 16.22754674632969, 12.22770407302068),(-3.8555355313019826, 10.5271863523383, 9.245143691854532),(-0.8311615858101279, 6.282170562704993, 3.830841918792466),(0.826931885391221, 6.636712285945584, 1.3559628899829659),(-9.81212607529287, 4.307683958267989, -0.75295166813624),(-21.231709717061786, 11.266261011652153, -7.696943236996059),(-26.25, 24.25, 9.25),false
152:(-25.75, 3.25, 9.75),(-24.790137044721888, 3.00429728048714, 9.88525265508947),(-20.482241774154872, -1.829007064608689, 9.194439350983556),(-16.09921577477047, -4.6367533357835535, 7.029505701894412),(-11.072736670564087, -3.977571745889314, 9.009719935006778),(-9.54867720251557, -8.91855837694552, 14.432005626622715),(-10.10382763940033, -15.538966590533871, 16.637000655614514),(-24.25, -27.25, 13.25),true
153:(-21.75, 10.25, 8.25),(-20.912281102128503, 9.734136050837122, 8.429196635300567),(-19.439302595439116, 8.711177499292415, 7.030800394156288),(-18.21644679696743, 8.640252374844968, 7.346545882785472),(-14.790830763333041, 9.838235225188964, 8.513075023388872),(-12.296897547663503, 9.166880490380603, 6.986778873937334),(-12.226530138659246, 8.731650334175292, 7.222624456638238),(-8.094295305131133, 8.64328923865062, 4.293374525453619),(-2.823340004841509, 11.647477812232522, 16.191334384182593),(2.3015501721998515, 14.137712324667673, 17.915804202687426),(6.25, 10.75, 18.75),false
154:(3.25, -27.25, 15.25),(3.9507514995133755, -26.64448260452259, 15.627221446505908),(4.569249113592055, -25.92406971763471, 15.941014330084947),(14.25, -27.25, 27.75),true
155:(-26.25, 21.25, 20.25),(-25.163109475335826, 20.36501776723991, 18.507494325088366),(-19.25, 12.75, 19.25),true
156:(-10.25, -18.25, 21.75),(-9.89932717991436, -18.966834097401467, 22.35264205798783),(-16.847741605016846, -27.5, 11.051919044211385),(8.638811541392958, -27.455969266211355, 4.530876641309979),(25.66345780268138, -22.42861863451541, 11.430832306495608),(18.75, -27.25, 32.75),true
157:(27.25, -2.25, 13.75),(27.09613278169448, -2.5571941074133533, 13.386741607803158),(23.266942457512044, -4.508942201955546, 10.38764633063266),(22.20052739696306, -5.440336888681348, 9.320163279564358),(19.873054698186856, -7.139705895450678, 10.153839364913598),(13.463743576754245, -5.223834264183158, 12.21543264225629),(9.076223279230309, -0.8428899495985425, 8.966280052530132),(2.1234697313521016, -10.888849806413726, 6.299043139004279),(-1.5651650055988837, -13.632491177264544, 7.793347500011836),(-1.75, -13.75, 8.75),false
158:(28.25, -0.75, 10.75),(28.135298330771292, -0.688244111371451, 11.232731537498687),(28.800440823983628, -4.528859228180196, 6.233342534068152),(28.950352198254983, -4.107724152129555, 6.457333220445721),(28.390172165018807, -8.328041200555802, -0.7912850526466961),(22.410070890215916, -23.367246730480677, 5.829091108715351),(13.410159957723709, -27.24844602965266, 10.584964923602055),(27.75, -27.25, 31.75),true
159:(-6.5, 27.5, 17.5),(-5.239821588825115, 27.31607113256906, 16.150695637451154),(-2.240128384159861, 27.298304365699607, 16.111644134533773),(-1.4901959591973335, 24.467899684209165, 15.458642835157718),(6.789039655657151, 16.8816136744775, 19.42213839336804),(3.75, 14.25, 18.25),true
160:(-26.25, -18.25, 20.75),(-24.21775553809536, -16.156800352559227, 19.17842346951781),(-26.25, 6.25, 32.75),true
161:(17.0, 23.0, 33.0),(16.95369825670739, 22.582644711042125, 28.0),(-0.25, 15.25, 17.75),true
162:(15.75, 15.75, 22.75),(15.364781586215887, 16.000601976885985, 22.94699092076156),(15.13904915314005, 11.990784316414535, 21.625709730195712),(14.605119271520348, 9.041887777557294, 21.48813035445444),(10.464157293671766, 4.617862467401336, 18.050629840241008),(8.896696194246971, 7.159696317419419, 18.444444880157302),(6.409843378770256, -0.13258021598235237, 13.56260872481357),(3.505449656127749, -1.4921239539046787, 11.295314449931407),(5.991282108994413, -4.991924560730597, 9.779057725559293),(5.5, -5.5, 8.5),false
163:(-26.25, 6.25, 21.25),(-20.23553249061029, 10.64811654083601, 19.917434836376476),(-20.713924224047098, 13.497630972670656, 19.11033580147097),(-14.984005547002228, 17.41936880990898, 19.998031858928503),(-5.765981939989642, 21.554997252938506, 21.123587574634946),(1.9255111186807659, 22.822079978036076, 23.269791171649274),(6.913515351048958, 15.30596443821649, 17.15132713453811),(5.25, 16.25, 17.25),true
164:(-15.25, 17.25, 11.75),(-14.520291471395584, 21.423187829055482, 17.322434728797205),(1.876742944012455, 21.993618088662362, 18.269782559208036),(7.072418534390003, 13.25392245762335, 16.257991373107096),(5.75, 13.75, 17.25),true
165:(-7.75, 14.25, 11.25),(-7.131797330504181, 14.632228448108014, 11.936823756785671),(-6.915427533599612, 13.7131260784094, 12.87511040249378),(-6.788814301129613, 12.753829629946068, 13.127537448051772),(-6.878179280934156, 7.133824997998056, 13.421831806979899),(-1.3890117159703808, 14.077218428548237, 16.76537331836028),(3.670018959037514, 15.153212399745021, 20.362054399285586),(-0.25, 12.25, 22.75),true
166:(5.75, 24.75, 15.25),(5.168182427225155, 24.42668739164705, 15.99629569829284),(5.960899017861865, 22.661363407414814, 15.781992333437838),(7.131474037625007, 20.73311464133816, 14.270821856113692),(23.0, 21.0, 23.0),true
167:(23.0, 13.0, 33.0),(16.57493446505247, 15.147294103501874, 26.135063967322886),(10.46483959527545, 11.402739906116077, 24.152457182224122),(14.5, 7.5, 24.5),true
168:(12.75, -13.25, 23.75),(12.484039043692619, -13.611045426294638, 23.97115824622154),(16.703665354685622, -3.5108950322708354, 22.712211183530023),(15.329256619584587, 3.504005760650351, 22.284399183949137),(11.203437462038153, 6.597768665728728, 20.650650750773327),(12.191476870613084, 13.115409803382462, 23.005248832796383),(-4.6951273746546285, 15.759802245712368, 9.425880383400827),(-5.058923090294036, 15.055951490914714, 8.174879496004104),(-5.25, 14.75, 7.75),false
169:(-26.25, 16.75, 11.75),(-19.803398411999915, 18.29404456827412, -0.9311552640362617),(-18.060674392249528, 12.081986601124385, -2.858984640840432),(-21.049035772211553, -11.69491830980613, -0.6894042106377763),(-23.739034862132165, -21.446603768658957, -1.4945174195889859),(-26.25, -22.25, 13.25),true
170:(-2.5, -14.5, 27.5),(-4.34695335617684, -9.808052630639708, 26.14604294371832),(-9.75, -4.75, 28.75),true
171:(13.25, 8.25, 6.75),(13.240069781937143, 7.586739604107706, 6.001677183289177),(11.652945503071376, 6.688771586078454, 6.228640371087066),(11.156517980639597, 6.104765892990945, 5.586381026730269),(12.109292825872167, 3.2697671818726857, 5.820906936279436),(5.458703518232333, 7.926305094774203, 7.052346573884371),(5.651914653157519, 9.956952647300827, 9.25215110491856),(-0.5388817296106394, 17.53072887553523, 15.999817365435078),(-7.75, 23.25, 17.75),false
172:(-11.25, 13.75, 22.25),(-11.006203797221149, 13.796758640234986, 21.815975759808293),(-12.453697912854352, 12.520683421757187, 24.707619190405108),(-13.0, 7.0, 33.0),true
173:(24.75, 10.25, 19.25),(24.421377977647843, 9.958252793584993, 19.011481376043257),(22.494700141592382, 7.563575445963732, 21.863554293638007),(22.02535858594351, 1.6873915588127506, 22.295889084819876),(7.74840257543577, -8.133314055017909, 27.087002866966287),(2.5, -3.5, 22.5),true
174:(-24.25, 3.75, 5.75),(-24.00348867234556, 3.9497566311318, 5.3635683066091495),(-23.200901890932002, 4.905858066747814, 5.239685261652021),(-20.285875429897136, -4.296517014545312, 13.78052890778815),(-20.75, -4.25, 17.25),true
175:(19.75, -10.25, 13.75),(19.5063123306019, -10.47841986621291, 13.377923818952894),(19.041339024842646, -10.195922068301545, 12.633328860897615),(18.770645609348676, -10.10858542439821, 8.959386272952212),(26.10499004120853, -7.587505425078318, 5.752957077327956),(26.54781981109167, -15.745193862164212, 6.92932582482825),(29.0, -17.84081482973295, 11.455114850633176),(25.75, -27.25, 26.25),true
176:(-11.25, 6.25, 10.75),(-11.010246491734888, 5.84423405793667, 10.916949859347138),(-13.009786584790191, 1.6457410195758513, 14.102998252024456),(-11.291098019920765, -4.360630420704389, 10.945529053699165),(-13.285369577793047, -6.463553792254199, 13.24873635295727),(-12.015214881074074, -14.563460401542343, 16.50357306261466),(-16.779456286869408, -18.779716335518437, 19.4233658166499),(-8.5, -26.5, 28.5),false
177:(14.75, 21.75, 6.75),(15.393655901176285, 21.210923468622, 7.293234363970477),(15.364828460946669, 20.79260049655241, 7.565585001437465),(15.693117520917882, 20.770122035086686, 10.547483895074429),(17.462012918114432, 21.20388741391833, 15.226739492818076),(19.838108493958934, 22.635576839328486, 16.36885822728526),(24.550820953973364, 17.58003009569781, 17.478717854530974),(28.5, 18.5, 14.5),false
178:(-0.75, -17.25, 14.25),(-0.20319019908539548, -16.867176521287075, 14.994610788110046),(-0.4153280938379914, -15.928518308362252, 15.266489939423113),(-2.4037385074135, -13.682357605290697, 15.297892537429917),(-3.963322577923995, -12.175032718524832, 12.414579086457344),(-6.349251370134027, -12.680725664561574, 11.915228254876968),(-9.675096330193226, -11.141188159361137, 14.737975251019396),(-18.388259030352998, -19.637761500676174, 20.966786943775134),(-10.5, -12.5, 33.5),false
179:(20.25, 20.75, 14.75),(20.316206459120377, 20.800800018732406, 14.257013120998613),(26.683001316959267, 24.09101867439058, 17.68991266592799),(26.05342428044158, 8.780026799779428, 20.337198506128605),(24.000833906487934, 4.036299232293839, 24.096117462167115),(16.75, 3.25, 26.75),true
180:(20.75, -27.25, 22.25),(12.3589293620854, -25.825000759063503, 20.10202229062241),(8.25, -27.25, 17.75),true
181:(27.25, -2.75, 7.25),(26.623318674723834, -3.3268889055556823, 7.4454696775259),(25.594015704009646, -4.492570506659865, 7.457492364384143),(26.043905466986377, -15.186958886435946, 4.835344645755525),(25.255105507106506, -16.273906006458848, 7.517944239725418),(25.25, -27.25, 20.75),true
182:(-21.5, -5.5, 16.5),(-22.42302064655556, 0.8967351715024174, 19.89599600361592),(-25.819168951680872, 14.588410092119997, 13.370622627540548),(-26.25, 25.25, 30.75),true
183:(23.75, 16.25, 16.25),(24.032850614095576, 16.838120616695075, 15.492299749027389),(28.49847415269617, 17.587804306065163, 21.022948066128478),(26.937704648661917, 10.914300368746524, 19.470069644889797),(19.5, 5.5, 31.5),true
184:(24.25, 3.75, 12.75),(23.46416462209021, 3.5754871159967196, 12.516227218362102),(21.937788965422826, 2.159708930475634, 10.981151322611952),(21.420640362510373, 2.7509051676906817, 10.362245569198341),(20.147552502948223, 10.55834815218741, 5.3476135885238305),(17.279625688080174, 11.437350097859351, 5.299122722726732),(16.24808692368206, 12.42491439103189, 4.8792339179676265),(14.795963876488287, 11.662241418873927, 2.367328546870138),(21.11683629090689, 1.3034842443318813, -2.1756041056908266),(26.43566871535081, -11.156185408109224, 0.20556985152742668),(28.5, -25.5, 5.5),false
185:(-22.75, 6.75, 12.25),(-21.851331792324224, 7.0090577053288134, 12.60395558735889),(-22.93578140277197, 3.7564725206541567, 12.184589750150325),(-24.39072529185428, 0.2206794978485096, 18.048147201007353),(-25.0, -17.0, 25.0),true
186:(-26.25, -10.25, 19.25),(-26.35042940587297, -3.1785549094584455, 17.544621647896047),(-26.25, 15.25, 32.75),true
187:(9.25, -11.25, 18.75),(8.769335377771128, -11.276100427132404, 18.885204617676624),(8.362275991257137, -20.79592389885984, 21.27077339016484),(13.119624612248984, -25.900550502414458, 23.50477466283943),(13.766751233109055, -27.17213410393955, 15.772552411457838),(5.662607317673549, -27.5, 3.7056905760326595),(1.3485161542084478, -21.19896179078503, -5.277956959590113),(-21.66261017452169, -18.48705937270962, -2.292573383934081),(-26.25, -12.25, 25.25),false
188:(28.5, 26.5, 19.5),(19.38527862875308, 23.988760457865965, 20.222659170965485),(11.915659293748016, 21.949188072996183, 21.520372010924508),(15.5, -0.5, 27.5),true
189:(-15.25, 3.75, 24.25),(-14.908562612237006, 3.6339369684349743, 23.903662183783638),(-13.286384919354374, 3.0085586897221406, 22.37837525447534),(-10.752693274983304, 3.336549520069772, 19.836916578577426),(-2.1273333603225812, 6.942128078599845, 17.687582303469544),(-3.365626380026507, 14.27789612138311, 10.516245907901883),(0.6887066114947885, 16.771606282661697, 17.725999951646557),(15.75, 11.25, 27.75),true
190:(28.5, -13.5, 15.5),(28.26116165376721, -13.629813785941034, 15.080351783813583),(14.5, -26.5, 16.5),true
191:(24.25, 8.75, 20.75),(20.348140105482173, 5.509036361433079, 16.557561672126152),(21.15370358797265, 5.6689188185169614, 13.672166538770128),(21.105231708258692, 4.78649547615778, 7.862262523086059),(18.8990151054874, 5.374525928418553, 5.916285008089985),(16.5, 0.5, 6.5),true
192:(26.25, -27.25, 17.25),(25.556162176672895, -26.931949160725928, 16.65807300813383),(8.25, -26.75, 7.25),true
193:(25.25, 1.75, 19.75),(24.35993017850236, 1.2941776682553479, 19.751309481587366),(20.899428508638287, 4.661442870040088, 24.946366906576834),(18.227277158720643, -6.010672420001205, 21.388251478380955),(10.296175808199957, -8.480997639624219, 20.20120058361726),(7.814616224026006, -19.128118838081296, 20.944888752615938),(11.467934673216394, -27.258391487577555, 21.88038960860325),(18.025042120705994, -23.077592583363206, 8.399464676734214),(28.5, -18.5, 15.5),false
194:(17.75, 8.75, 15.75),(18.47162400281376, 8.359810948635277, 15.17815097905291),(19.029252159763587, 7.263657449554253, 15.469450982197978),(19.309754626651664, 6.443740155562232, 14.970397881734204),(20.279279743930275, 4.747463185986962, 12.693851047281981),(20.497824655757647, 5.331808352835983, 7.124171685848384),(15.735240970823115, 2.3424704579646702, 5.173589886751356),(15.352229826257838, 2.8101702276980283, 2.235127807953986),(22.225095843465716, -17.04612251550307, 0.0749047627033721),(23.128806840492313, -18.053207573963533, 4.364101428068556),(15.75, -27.25, 29.25),false
195:(-6.75, 2.75, 17.75),(-6.187634131612008, 2.4759839933373464, 16.969833442036336),(-4.879903701281889, 1.784513566887255, 15.673307847623144),(-5.69061191337162, 0.4799146514946595, 13.096337947758823),(-6.8340689902386345, -2.0003229817687687, 14.337678834021162),(-10.25, -15.75, 16.25),false
196:(-23.25, 7.75, 9.25),(-23.315756212564924, 7.301118869999784, 9.460194794509391),(-24.271671903267546, 12.485337051409791, 10.78577897587175),(-23.19490352757442, 15.474834550951948, 5.019747611000687),(-20.153848739399443, 17.282350314122297, -3.4979820681902387),(-17.89192691835722, -3.011286774146475, -14.820956531038096),(-18.498814050157254, -10.9027879348874, -9.692183706034442),(-19.65272153991218, -21.460398243332616, 5.191138877699757),(-8.5, -26.5, 17.5),true
197:(-13.25, -1.75, 12.25),(-13.055057239325471, -1.9175502911913607, 12.678863871155269),(-9.180498304431403, -4.300978427844069, 14.247729845607086),(-10.36059444690762, -15.292957258365703, 9.873240494516997),(-10.525358746556863, -17.995628878030008, 3.418132529360859),(-10.380663696624962, -17.982750467272357, 0.42165167858581),(7.7607519459147944, -20.764673376019335, 1.392145825192101),(21.731629444113704, -20.460677907792146, -0.7215182913274609),(16.75, -27.25, 9.75),false
198:(-18.75, 5.25, 17.25),(-18.027640102017187, 4.73862888600414, 16.784494079998016),(-17.163145778119304, 3.5240892331580977, 13.48655867671124),(-20.537934027954634, 2.4615719568714325, 12.17985532786161),(-24.536842024362418, 7.084956648341752, 8.769129770015628),(-24.53592216208258, 6.627006468251226, 7.4326987124635675),(-23.925860866768968, 13.550218882698532, 5.473519480670101),(-26.25, 21.75, 6.75),false
199:(28.5, -9.5, 12.5),(28.190670058069763, -16.084418568665715, 22.409469578468485),(19.9835248370369, -14.2595095305581, 25.671601222497017),(18.25, -4.25, 23.25),true
Total path: 200, feasible path: 143 (0.715%)
