ID TP TN FP FN acc pre rec
all:    122012 335964 58784 18540 0.8555501587894638 0.6748600632757362 0.8680915248448973
bottom: 46624 96672 20620 7784 0.8345719277810134 0.6933555410148118 0.8569328039994119
top:    46555 182804 27999 5242 0.8734158415841584 0.6244467097674169 0.8987972276386663
=== path ===
0:(23.25, 26.25, 23.25),(15.198786512920048, 10.341555750854727, 23.090436175558118),(-1.1579465292274205, 10.914110945054087, 19.603765336089484),(-1.5, 11.5, 20.5),true
1:(-14.75, 5.75, 11.25),(-15.235679127574445, 5.572372988466962, 10.427392974890179),(-16.644995554729, 6.787008651862175, 5.362498004193402),(-16.369836431039616, 6.8019670020844885, 4.945288579073215),(-15.97716499709524, 5.884752380733224, 2.1160613907153194),(-12.546607369515264, 22.78143711105536, 0.19388488981421315),(-17.51277047090829, 24.059088243555472, 2.7211047918265345),(-11.5, 23.5, 14.5),false
2:(22.75, -15.25, 6.75),(22.919268090770906, -15.673577339977374, 7.639904798562444),(23.207089371016544, -13.255150761587675, 9.39158165106009),(21.097219148187143, -13.649472975691344, 15.920892109839944),(22.839725394266726, -12.45605669831483, 18.458540489881717),(21.48437889127522, -5.793675994103331, 20.124589471448278),(10.25, -9.75, 21.75),true
3:(-20.75, 15.25, 9.25),(-20.512932626232264, 15.163586870842787, 8.818338290551354),(-19.91295553400323, 14.06072322339933, 10.21122721336531),(-25.949328911049623, 10.885565562911442, 12.174847348341025),(-16.68590874106021, 5.297244936177242, 10.886861237796516),(-13.682594562873613, 3.654693582506617, 23.908175333045016),(-21.64073807785721, -7.735071728621821, 25.338937437680066),(-28.25, -15.75, 16.75),false
4:(-27.75, 1.25, 11.75),(-26.84412723140266, 1.0100432330695284, 11.647937956662616),(-25.930991628079116, 0.5116120305711573, 12.444106919286396),(-25.543711440962856, -4.014647893143373, 16.013909367674934),(-28.25, -27.75, 6.25),true
5:(-0.5, 9.5, 19.5),(1.208490430708304, 10.866017515086599, 13.539444259506459),(0.8660033640672782, 11.156923344559633, 10.777607851579852),(-3.249643175192489, 19.822206590933757, 10.78516686017537),(-7.202666250543746, 19.297252260261963, 2.4229050148662434),(-8.395088002072313, 18.00516907108024, -0.007866755316124685),(-11.411939103493513, -0.06643278510564404, 1.919770189811932),(-18.368781128066974, -22.94872472136104, 1.8255613435135187),(-19.975969837941307, -22.174606334965187, 8.594437555610796),(-28.25, -11.25, 22.75),false
6:(5.5, 23.5, 19.5),(1.9436640389923419, 25.835315560406027, 25.127161446720766),(7.9309827451057195, 26.5, 16.33931748443988),(14.329902315899135, 22.846796787654117, -2.48019759116882),(10.641732956295328, 23.27669951814649, -2.462019207534629),(-17.472267044374938, 19.76174114989483, -5.351611013872835),(-23.531535428470107, 18.694184363012113, 11.554458617724212),(-19.75, 14.75, 8.25),true
7:(-19.75, -18.25, 11.75),(-19.908930137233465, -18.05763464350312, 11.316713973109241),(-20.03362941684374, -17.464735231496885, 10.00187284366795),(-24.764725022858734, -21.8372512050914, 15.06423622222146),(-16.5, -28.5, 13.5),true
8:(-10.75, 15.75, 14.75),(-11.35646561695433, 16.54509351786583, 14.744925229074743),(-11.323966367524001, 16.722010090990622, 13.761236088675071),(-8.700665767776563, 18.133294440117698, 7.426682398850215),(-1.9124163997693369, 19.109390147813272, 9.728610028858709),(1.7505765542529015, 8.400924542552684, 1.9848214523972638),(0.600350987136979, 7.720082745862567, -0.7009625286095162),(-1.3634336318513474, 4.080721144158009, -0.6265855972778835),(-19.071670795455976, -22.10006993412232, 0.6412356290516339),(-23.726932381327806, -25.26838691607801, 4.799397130118813),(-28.25, -17.25, 22.75),false
9:(-15.75, -23.25, 5.25),(-15.175000047359736, -22.679161929490984, 5.836104898223209),(-16.394009919234033, -24.803662467948698, 12.523920843401406),(-23.0, -21.0, 15.0),true
10:(-24.75, -1.75, 13.75),(-23.05991153059381, -2.163651940609546, 12.233403555573023),(-17.7902934864271, 0.25841983294971094, 10.586712443451873),(-15.529255796356251, 1.77216547981933, 13.115465533178801),(-18.967476510093444, 13.734163740715912, 21.595966673559),(-13.75, 17.25, 26.25),false
11:(21.25, 26.25, 25.75),(19.65863247421144, 25.140823746026477, 24.714266071252467),(14.120794579788372, 1.790536188273954, 21.549679941519408),(11.5, 3.5, 18.5),true
12:(-7.25, -15.25, 24.25),(-4.010061329941027, -12.129216692094287, 20.095111210515423),(-7.5, 4.5, 24.5),true
13:(-21.75, 16.75, 21.75),(-21.829968259730137, 16.813257532500995, 21.260506831490346),(-21.912608263543966, 20.95029785818804, 13.968031602837),(-14.80615712148013, 23.180904877760565, 10.044650880270705),(-8.75, 26.25, 21.25),true
14:(-19.25, 16.25, 9.25),(-18.40953387929915, 15.929291711841678, 9.179967736235081),(-21.829770371470943, 20.538130738143277, 16.118663823085125),(-28.25, 16.25, 24.75),false
15:(2.75, 17.75, 19.25),(4.545703343133305, 15.33629153123592, 20.944942734286276),(5.654026475607794, 12.550482246279461, 21.049280943358102),(-2.21508974678385, 3.593054866025766, 24.759364692178075),(-8.533897008636588, 0.7378611873296856, 23.799914930756945),(-4.75, -2.75, 22.25),false
16:(-5.25, 26.25, 22.25),(-8.335508028859916, 24.830532551101644, 22.62475415313174),(-11.047386427919209, 22.806262070917857, 15.799104812587935),(-10.521564419757588, 22.946383134443906, 14.960130853940106),(-9.5, 25.5, 5.5),true
17:(-4.25, -19.75, 23.75),(-3.480251571928009, -18.879556651833617, 22.3868821372248),(-8.079881870228757, -3.5177603314703543, 26.454634376025954),(-17.25, -2.75, 24.75),true
18:(-12.75, -22.25, 13.25),(-11.801540678819157, -22.14119491218628, 13.418222804023117),(-4.440463201412156, -10.560046900488567, 22.41004907533093),(-9.25, 6.75, 22.75),true
19:(-4.25, 21.25, 13.75),(-4.536831536916601, 20.7031774567469, 12.963417025597254),(-4.007020432074517, 20.32509996658848, 12.204234830981548),(-2.4880282657651374, 17.223085855273446, 9.765310630621686),(8.056735746716399, 1.9344139834771819, 3.8404984575417),(10.653921717301802, -5.574131397349647, 10.39600297465481),(9.75, -8.75, 22.25),false
20:(-6.25, -24.75, 24.75),(-5.806201208544083, -24.8041159975549, 24.526138231243237),(2.186728431213416, -10.126998487704437, 24.07504115918512),(16.887336726557702, 4.633234364332024, 19.976544674537358),(18.25, 1.25, 18.25),true
21:(-25.25, -5.25, 19.75),(-24.446902279359403, -5.788873803695251, 19.495738176690075),(-28.5, -10.481834857615027, 16.286027113673402),(-25.24974151445726, -17.562171027193937, -0.7928071483689436),(3.0728904729941195, 6.5471904642785255, -3.258961286402939),(16.503510405323592, 17.356225943147358, -1.3503014870441339),(21.154133563118354, 16.299649767809463, -0.35565446247359755),(22.379486010959507, 17.763760067916124, 8.481198874194373),(24.304146714873614, 10.867407899700709, 19.864669842413008),(18.591618376995406, 6.981522010950729, 20.990241185577116),(13.25, -5.75, 20.25),false
22:(-14.75, 1.75, 8.75),(-14.09800628939387, 2.0827480824108213, 8.60484271450258),(-13.844663292518113, 2.9545492583169026, 9.024104012051952),(-14.410646747371393, -1.8125935908973858, 12.986139027390996),(-8.356145113125603, -6.513951962222407, 6.622313410069172),(-6.928836734633848, -5.837162091884578, 2.0584421040119913),(-10.161211975173673, 0.04754101557457835, -1.4223452361450641),(-19.511444606474598, 10.5636476001306, -3.4443944872218926),(-22.912746448548603, 15.442613309054993, 0.24706042788189242),(-28.25, 14.75, 5.75),false
23:(-21.75, -12.75, 8.25),(-21.846118732753958, -12.430913209952898, 7.877246985751677),(-16.95107975858285, -4.5918365437351225, 7.4364703995352155),(-14.669017807439005, -3.967124004840211, 4.983349626130444),(-13.655531780647227, -4.9625274554784475, 2.340998770555941),(-1.7497363136741435, -13.545363329094258, 0.5728291614621688),(15.377890620431875, -22.20853854565702, -1.7396294846035867),(19.429205288908562, -23.759000654253263, -0.6196682505435259),(15.719797364591885, -26.357297230801244, 8.799192224045472),(13.75, -22.25, 11.25),false
24:(9.75, -18.25, 16.25),(9.129955939355161, -17.91103168708959, 15.542436684316005),(8.378772557348125, -17.513231744718347, 16.069199185302843),(11.152786869756575, -6.7596597087555566, 20.158957748708417),(18.75, -11.75, 20.25),false
25:(14.5, -28.5, 20.5),(12.240179956227529, -23.956756021556362, 17.390564083703133),(12.858317311152598, -20.300063700706588, 13.704388032324902),(9.517032357858767, -26.327029530656155, 2.8937417450008747),(5.5, -26.5, 8.5),true
26:(-21.25, 0.25, 6.75),(-21.441361927656892, 0.6017851277366859, 7.049379085018846),(-21.05769479193318, 0.41571819926306186, 8.30569911158702),(-20.30402120582051, 6.437520954809265, 12.436599355367052),(-9.22657737902325, 10.255203551975082, 24.3384102603438),(-8.173388869803457, 17.156806333424445, 24.847009327525225),(-1.2104210603367713, 16.71404701897754, 25.413616311069564),(-0.8338868456254724, 16.394380872174743, 25.33592757482035),(10.5, 10.5, 17.5),false
27:(-28.25, -16.75, 12.75),(-28.15880613498989, -16.25865606360935, 12.766273142187623),(-20.68366658762318, -10.147750213493218, 11.359095132457057),(-17.224587390372733, -6.338440297101579, 11.532971675658299),(-16.75, 1.25, 25.75),true
28:(23.0, 25.0, 5.0),(17.99728482143148, 19.773170374864108, 13.622528430255784),(14.958645903866081, 15.013850417311373, 21.23891350026155),(6.75, 3.75, 21.75),true
29:(24.75, 26.25, 20.75),(14.918223761525581, 1.1232958523819399, 23.511457867605817),(14.31220853108555, -4.824198636363575, 19.870022045458672),(15.75, -7.75, 20.75),true
30:(-2.25, 19.25, 13.25),(-2.3727172033639206, 19.04281277276379, 12.811806046517402),(-2.757586059043138, 17.325681949687393, 10.19612697645332),(6.1384586911290775, 5.563985023126594, 2.5538801095186665),(10.966019850032746, -6.146365509222138, 2.351195676857021),(10.042830380472878, -6.510921167815499, 2.472934639729769),(6.25, -17.25, 22.25),false
31:(-14.5, 21.5, 12.5),(-17.713286589533766, 21.33717182653349, 8.916452043397818),(-21.251356051427255, 19.070519846273065, 7.617060786368432),(-21.382260113398896, 17.753045334206064, 0.6458223745442631),(-15.044951404066957, 3.731637838843156, -6.500885464306759),(-15.879982358128217, -2.8330170950900557, -4.372909605380935),(-23.356394827729954, -23.485000072636005, 2.8294125704626394),(-28.25, -13.25, 23.25),true
32:(17.25, 18.25, 14.25),(17.0799331103278, 17.787293270140765, 14.33354480941506),(19.12039886031444, 19.374127521576447, 12.19137292872924),(24.25, 26.25, 12.75),true
33:(25.75, -9.75, 12.25),(25.785606879968743, -9.25626570416088, 12.320417293409635),(25.868330468335543, -12.484686856661378, 13.477797090836674),(22.687215943097073, -12.992655311879695, 17.47292779954396),(21.997266253062577, 4.809050134766039, 24.882212014342684),(7.5, 10.5, 21.5),true
34:(19.75, 17.75, 5.75),(19.647529806702938, 17.26198277744119, 5.786593031736198),(19.601765666693197, 21.12493422722922, 13.348787224228458),(16.174693364265263, 16.5938880709636, 17.438383312318557),(3.5, 8.5, 21.5),true
35:(14.25, -20.75, 17.25),(14.058977212217352, -20.425477861638345, 16.921068888274576),(12.66975958851027, -24.09066468014135, 23.194981054364334),(-10.5, -27.5, 26.5),true
36:(11.25, -19.25, 5.25),(11.535197686012754, -18.979685349916444, 6.169560911437179),(13.68484534398276, -21.96586644925977, 5.375535429411796),(6.212144110046136, -27.773567689680743, 10.854382131461465),(1.4029148404830178, -26.580707296487446, 14.13625408200499),(-3.5, -28.5, 21.5),true
37:(12.75, 19.75, 18.75),(12.530998214884796, 19.319389474224828, 18.621109375019035),(10.680345510349184, 18.892830359704412, 23.07454508080741),(-1.0976435816952579, 16.46543809149744, 18.52713888939257),(-2.4301295021228437, 17.893833363081477, 11.805221884550976),(-6.477929287838206, 22.566180707056883, 8.521247586233674),(-24.593183254160422, 24.676100960120813, 12.058368795555996),(-25.0, 11.0, 9.0),false
38:(-13.75, 26.25, 21.75),(-19.261442455526897, 20.501968120573586, 23.59879564002214),(-14.5333631707467, 12.66030322438481, 26.49725117935067),(-10.25, -2.25, 23.75),true
39:(9.75, -18.25, 11.25),(9.987519832031836, -18.636653448355723, 10.358886404398296),(8.981170829332704, -16.815275822892616, 10.263079748993935),(6.657808518607096, -11.179043553199467, 22.730701644468944),(2.028957163844726, -6.0211040987742255, 22.99688384901264),(-4.281600262350011, -3.459770177415692, 24.614423188254992),(-7.25, -15.25, 24.25),true
40:(-20.25, 26.25, 18.75),(-19.011022926239107, 24.244344637417182, 17.129419533009404),(-27.5, 9.5, 20.5),true
41:(25.25, 26.25, 19.75),(20.6454646446863, 18.316208520878263, 22.53298549278272),(9.646333072183435, 2.4709925332010445, 20.91460709364934),(15.25, -5.75, 18.25),true
42:(7.75, 11.75, 18.25),(7.953076000257042, 11.555765930194246, 17.836438318692004),(9.887792826862741, 13.466610963536368, 19.467821263273454),(14.796845219325755, 18.590394586991703, 21.68553747380036),(18.75, 26.25, 14.75),true
43:(-17.75, 2.25, 24.25),(-17.491097711624434, 2.400089128050253, 23.849446809131408),(-13.627567402317535, -0.3944897935439917, 23.419943649036906),(-6.715168192467432, -8.945517046504154, 21.8505242220426),(2.137090617042076, -22.26706346041696, 25.35901854642439),(8.232215670615467, -19.25668979573522, 23.68955726196985),(12.75, -5.75, 20.75),true
44:(6.25, 23.25, 16.75),(6.426482958741454, 22.880367030034066, 16.463250574912475),(4.332347632956497, 23.448364379582166, 19.498049391273344),(2.279114482020288, 26.5, 23.329775150525414),(-10.74938022832053, 23.446382234777836, 26.5),(-21.928289690715097, 24.03406564894545, 17.67643619730333),(-26.5, 9.5, 16.5),false
45:(24.75, -0.25, 13.75),(24.384806705461404, 0.26255586118623864, 14.527123122026156),(24.627770870586296, -4.046357251979824, 25.90685647747712),(11.440867742387725, -24.692312360745564, 19.478395823883982),(14.5, -25.5, 16.5),true
46:(-13.0, 25.0, 21.0),(-12.312453438948967, 21.77336700510291, 15.091128228229922),(-21.0, 25.0, 9.0),true
47:(14.25, -19.75, 15.25),(14.139563767361368, -19.307637612457928, 14.698823868030678),(12.41337111251372, -18.115402784636455, 10.831459665444658),(10.997622220809191, -14.380791009362332, 10.715590017671342),(9.05727165232075, -11.946290178388741, 15.430668247292871),(4.012972525256556, -18.658094050912236, 24.692200736419746),(-2.494531897562884, -18.009286555079935, 24.208377103882583),(-10.25, -3.25, 23.75),false
48:(-7.75, 13.75, 12.25),(-7.77925404172628, 13.497407017040878, 11.81948753095585),(-7.136692809694072, 14.26503093312362, 8.991437215535871),(-3.427259145253932, 19.6003450210503, 6.472242483207863),(-13.640859108449876, 23.673769125031527, 6.380829191560711),(-15.740774344060188, 24.270697766041064, 4.720648315499567),(-27.683647140251423, 14.184105097314308, -0.7328104348222335),(-28.25, 10.25, 19.25),false
49:(18.75, -12.25, 23.75),(13.0977681412948, 0.41221592149850556, 25.076035472560353),(25.0, 21.0, 15.0),false
50:(-17.75, 26.25, 23.25),(-11.765615799316555, 21.51442009532493, 12.933229322023108),(-1.9025646515368178, 18.0440612086938, 8.87060057768949),(-1.2166625144142866, 15.809726057689339, 16.69745038461197),(1.3860853369590806, 18.687223940644856, 17.76922612317619),(1.5065319642590032, 10.58492951544088, 20.477094934491213),(6.75, 12.25, 21.75),false
51:(-22.75, 16.75, 8.75),(-22.391950439873966, 16.817541908518262, 8.407598768858428),(-25.292594578184694, 17.02000666730922, 5.029107059679731),(-21.41506126371312, 7.630477812885323, 10.901823525143184),(-13.272746726329299, 3.0888455947898787, 25.28448156933931),(-20.25, -1.75, 24.75),false
52:(-24.25, -14.75, 8.25),(-23.86760615998796, -14.450862021294382, 8.130453269317954),(-14.575008349100434, -2.4772846381755103, 10.089797385448582),(-22.680862001879845, 9.590702549921398, 13.281267451072932),(-28.25, 18.25, 15.75),true
53:(8.75, 9.75, 19.25),(9.016764248739827, 9.935198609714169, 18.869818055986066),(19.123213653858688, 14.034266425926992, 22.620748351974242),(12.25, 26.25, 19.25),true
54:(-5.0, -19.0, 25.0),(3.0875508416684974, -20.722441410913856, 24.36322026667694),(6.25, -17.75, 21.75),true
55:(14.5, 16.5, 8.5),(19.389011815447507, 21.47381854093134, 9.098909500928407),(20.701884080720596, 19.772675081075874, 15.700453356430488),(24.702793947534843, 0.7127124942284522, 19.258768231086584),(25.390857697777733, -2.1916824715830576, 19.560526674498604),(23.25, -11.25, 15.25),true
56:(-9.25, -25.25, 13.25),(-9.353621905393938, -24.79120664962046, 12.45808666583959),(-8.773705076648863, -23.117302782641662, 12.597522915855372),(-4.5853002167516275, -20.673869782257277, 12.461765320892741),(2.4881903641119334, -18.89927798519518, 8.466378117083103),(4.661061498640297, -17.802713736187915, 9.784573954175233),(5.728580595399475, -16.588475290925338, 10.538930862032576),(8.60154368696076, -16.615906412016084, 9.675605542050404),(7.053504256841464, -15.411368252383674, 17.796388574585098),(14.27937687263666, -10.35690862560361, 20.528965251018978),(22.280698071877403, -23.841485243634835, 21.51176904858419),(26.5, -18.5, 23.5),false
57:(18.25, -14.75, 24.25),(17.955521583248824, -15.006688678175879, 23.937920868105476),(21.863815307645268, -23.806286830397614, 13.647399628375975),(20.87306263019896, -24.759254242852457, 4.635574131461149),(12.992869570793708, -23.316466085334376, -3.2960399222069716),(6.242470739520305, -21.837486459170982, -0.5706188299285541),(-15.042343503277205, -25.72393432119066, 2.549487285961417),(-17.852547171377047, -25.998690600928324, 21.50916420994897),(-12.25, -20.25, 23.25),true
58:(-21.25, 6.25, 19.25),(-20.842083853302785, 6.235840912544591, 18.961202601282274),(-18.037854598169126, 4.9696392576517106, 16.864469599492885),(-16.061641857006794, -3.026867442885448, 14.091712686927396),(-20.64265862989811, -8.884944841196942, 11.106465086434502),(-23.335666789443202, -10.206949143597797, 11.103047915498633),(-28.5, -11.816189799219027, 16.264767322196807),(-28.25, -26.75, 25.75),true
59:(23.25, 1.75, 6.75),(23.55138143876161, 2.115224643619836, 10.515962453140519),(21.5621272131012, 2.629583407779185, 19.76813171183677),(23.51001769629899, 14.855062921938835, 17.51672409721389),(21.147744699963873, 22.329571505651927, 4.934484867114271),(15.0, 21.0, 5.0),true
60:(-9.75, -4.25, 23.75),(-8.480593704636389, 6.585689651829217, 22.3502897495715),(-21.75, 4.25, 25.25),true
61:(25.75, -4.25, 13.25),(24.827778681161234, -4.082582510809494, 13.150712815495833),(22.856244875292692, -5.049961994172453, 18.473612000973777),(21.25, -14.25, 23.75),true
62:(-22.25, 4.25, 13.75),(-21.777675810260508, 4.666153383808029, 13.358901323223964),(-21.598172213207462, 5.125059985268803, 13.27414762253343),(-13.09917618106276, 4.337939905338747, 20.866696719983768),(-13.25, -1.25, 23.25),false
63:(26.75, 3.75, 5.75),(26.602109937456145, 4.4851379504719855, 6.411589542825929),(26.486153076711364, 4.909872416908798, 6.648559244405797),(24.19632866969601, 15.828584375038464, 11.045857944397959),(23.06805675331858, 11.635863397538467, 16.536585882253327),(21.02280991058304, 4.902615097517454, 19.050613145498524),(18.357656689876162, -9.061898427312904, 23.594300584835906),(8.75, -15.25, 21.25),true
64:(-28.25, -27.25, 8.75),(-26.117238327849943, -25.254395945709618, 8.219377957527426),(-20.5, -28.5, 18.5),true
65:(-8.75, -16.25, 9.25),(-9.317289108072558, -17.056819248811966, 9.415002326070686),(-6.493802968958514, -19.042696358945996, 20.562109594654515),(-3.5880332128730874, -18.757030706233934, 21.251237492420838),(0.25, -12.75, 22.25),true
66:(15.75, -19.75, 21.75),(15.341042723425955, -19.478593787965693, 21.845355199157304),(10.919337935408308, -16.310172066006853, 25.889839280211092),(2.7259123353049484, -22.321549583779767, 22.969021697387788),(-8.75, -21.75, 25.75),true
67:(-17.5, 5.5, 14.5),(-16.43483296359201, 3.6679756130641774, 15.085830473642455),(-13.251088963164799, 1.7293262886162197, 2.690369695317997),(-13.464504304359258, 9.822332600455185, -2.4019275795043993),(-24.95456173213104, 25.073690530141242, -5.507431546063831),(-10.75085517292687, 24.424577918611032, 3.0425907798850016),(-6.75, 17.75, 10.75),false
68:(24.75, 9.75, 5.75),(24.764521662302222, 10.714359335229675, 6.0141972631943),(24.430655622122202, 13.599073839557436, -0.09587619178218487),(21.83387657092441, -8.717534916361256, -1.9338821621536422),(24.534586053717284, -21.765940440957074, -3.5480559926100708),(21.5, -19.5, 7.5),true
69:(-4.75, 21.75, 12.25),(-4.547688629926179, 21.343799690759287, 11.68454841689585),(-1.8445380441377988, 15.44746348366676, 12.81806061202885),(-1.2471187274338662, 20.94296258838307, 26.5),(-6.602174306941979, 7.959175524196237, 25.06042496853977),(-14.75, 5.25, 24.75),false
70:(13.25, -22.75, 20.25),(13.032794258591974, -19.441320079987356, 10.57780086642841),(11.762701079130858, -17.565155753005197, 8.611364817723562),(7.570960203239665, -11.505932564803015, 9.295479365150097),(6.650202222534298, -11.798421177497415, 9.553655956675126),(7.5, -11.5, 14.5),true
71:(3.0, 23.0, 21.0),(0.5075406359280802, 17.15036781091473, 17.13348037493975),(-0.8816980808998347, 15.685454940550567, 14.44962885429157),(-0.9818189157095264, 13.617544414162726, 8.013610467860673),(1.0, 13.0, 7.0),false
72:(-15.25, -24.75, 21.25),(-15.297487959279428, -24.76710515577275, 20.752554216653248),(-12.18639314725292, -27.90519065455096, 11.636152554030708),(-13.978490895518702, -24.686475209201653, -4.795091997970639),(-2.1207859560415936, -20.099407218645908, -2.0237933735182807),(12.294164676108762, -21.811505680428493, -3.192472430139726),(17.687549757385618, -23.93931633651808, -3.184456220214726),(13.001591969499053, -25.62200372968556, 4.233182754079458),(12.75, -19.75, 10.25),true
73:(8.25, 6.75, 21.75),(10.725592349543755, -3.9381849659181682, 23.167018110390504),(-1.46771957122421, -2.3717554139490655, 22.73575534812571),(-22.25, 12.75, 23.25),false
74:(11.0, -5.0, 15.0),(10.859704096000522, -5.432480071708453, 15.208033763836594),(15.96044783098208, 3.305272736270507, 19.626926996649345),(16.447522399733536, 6.258812086950581, 19.82532979012744),(7.142277923858371, 16.385945350133582, 22.840645341926024),(13.25, 26.25, 15.25),true
75:(-17.75, 13.25, 18.75),(-17.784460637944903, 12.857872929097406, 18.441700105906957),(-16.874033274829788, 10.39237030024139, 20.58868939814341),(-16.154022288401787, 3.946438031800307, 10.931351907637062),(-16.25, -4.25, 13.25),false
76:(-18.25, 3.75, 19.75),(-17.54396399988072, 3.9346644978784693, 19.38458002674053),(-7.85869494470777, 0.6190303483820996, 24.747155161462175),(4.146170262632805, -7.690173879566149, 24.135184128811034),(-3.5, -22.5, 23.5),false
77:(-13.75, -19.75, 9.25),(-14.177608212547376, -19.20647602117956, 9.972310806377168),(-15.286854045296614, -19.818005513834525, 10.650590499597216),(-10.895338824377557, -18.81914202746932, 14.340152953647202),(-7.903468582182116, -18.416054497211718, 19.686393432422932),(-7.9972805566875556, -12.026381592100277, 21.63379404132335),(-9.421043337188955, -3.241585992159329, 23.150912497364516),(-17.928446939608257, 6.560413656971125, 22.669864188016398),(-21.25, 3.25, 24.75),false
78:(15.25, -7.25, 11.25),(15.159194867353746, -7.633340792821867, 11.557903011423726),(11.457748432489524, -6.603616185419331, 17.003381395534436),(5.148282995005251, -14.376424468566363, 23.66550255186949),(2.4262476683247836, -13.60353310382154, 22.540337028943707),(-7.75, -20.25, 25.25),true
79:(-8.75, 23.75, 18.25),(-8.904689131219444, 23.46858532897572, 17.86675457521991),(-9.873824492205406, 23.622211681480763, 18.05956431538519),(-8.608007251112651, 23.396902170285927, 21.22576208422559),(-7.792947513615921, 22.826758066805038, 21.328783080035834),(-0.75, 17.25, 21.75),false
80:(13.25, -22.75, 13.25),(13.346217021467444, -22.3296476638055, 12.99692649637752),(11.869936790585902, -17.438441805048353, 8.277393097073535),(10.835859525113246, -13.91515781892344, 8.57794624649961),(9.475722550561688, -9.44886153038109, 10.451214806435019),(10.454653152071447, -2.2952755347378746, 7.943413979137624),(4.632614917647622, 3.584517723801839, 7.688690452208178),(8.5, 3.5, 10.5),false
81:(-28.25, 4.25, 13.75),(-27.807624542183294, 4.483024056596378, 13.748065221245957),(-27.322597919345323, 5.754058505916696, 12.343628358516234),(-28.25, 23.25, 19.25),true
82:(5.5, -28.5, 15.5),(5.129706871091612, -28.326531386533432, 15.212264637513528),(2.151311716331515, -28.401882617698615, 15.563668243163029),(-1.4467702318976485, -23.191934281010486, 25.202884415542187),(-0.7792648229993375, -14.231081051868788, 24.378436473660805),(-14.991489445848904, 4.2740783919467775, 26.023384144401376),(-17.25, -1.75, 23.25),true
83:(5.75, -26.25, 12.75),(5.46142142459292, -25.783842805901877, 11.932596951282123),(15.086683696687839, -26.869945353077597, -1.6684733857605747),(2.826021343871262, -20.745314907712135, -5.472222317079266),(-14.032599818012075, -26.424817438665976, 2.8674643650009646),(-19.5, -22.5, 7.5),true
84:(-16.25, 19.25, 25.75),(-16.069353311868984, 19.130265744728774, 25.299410960872393),(-15.186351936160646, 8.592049442705633, 24.767439355278434),(-8.68894530936872, 6.002957486460069, 24.484049220967343),(-9.877167404702229, -0.5111624974884243, 22.21372565660826),(-3.0, -9.0, 25.0),true
85:(-28.25, 18.75, 23.75),(-20.29538458043551, 20.96311564436754, 7.633485979322688),(-10.25, 26.25, 17.25),true
86:(-15.0, -27.0, 17.0),(-21.809258531927842, -20.597187518144786, 9.59117471497302),(-28.25, -14.75, 17.75),true
87:(-27.75, 26.25, 23.75),(-10.526376300829643, 23.53873701098506, 21.346355957123894),(-5.348817675473264, 20.100004802571686, 24.566295006208247),(3.75, 10.75, 19.25),false
88:(10.75, -14.25, 20.25),(3.739629121785134, -9.53584156954239, 21.859083710490367),(3.247133491451058, -9.60192306197995, 21.914593083204043),(-0.8972922179414312, -16.639911994051396, 22.760979267903053),(-15.813546445545176, -9.530718735797059, 25.162461112803953),(-16.033217757963023, -3.377220965711178, 18.80518959179279),(-18.25, -6.25, 13.75),false
89:(-20.75, -16.25, 13.75),(-20.316554841925246, -16.935570786821312, 13.165091467664597),(-21.674541747078433, -21.6205708563455, 6.681523207263405),(-22.15273069126033, -19.036461625077315, 0.20163572380449707),(-22.09789821674257, -5.161648139047563, 0.8043897922951513),(-22.036966475923734, 15.11229790998471, -1.9152928906997506),(-21.67564168928706, 19.23705121631603, 5.804504532123332),(-28.25, 13.75, 20.25),true
90:(9.25, 26.25, 25.25),(1.3945734470503761, 17.951783505155873, 21.83851391277072),(-5.626530364979562, 11.297594181249602, 24.125414388022957),(-13.75, 3.75, 23.25),true
91:(-8.75, 2.25, 13.75),(-9.072270228865124, 1.9136930829744798, 13.931767866104023),(-10.511916216516084, 2.312391664787866, 14.234640011970516),(-12.99311990604017, 3.987519974394592, 14.428478598031653),(-18.28300173379945, 4.619626540589279, 9.887818785040187),(-23.5, 10.5, 7.5),false
92:(6.75, 8.25, 11.75),(5.965272868406654, 7.842769813959154, 11.282702552416112),(-0.4002397528080852, 10.741265432001978, 11.001682586323982),(3.177801932223325, 8.900297022295252, 17.12244546436002),(11.000048941497528, 11.082192774945941, 20.258232156169598),(18.502727484034224, 10.149911828682848, 19.99417841549653),(23.25, 6.75, 17.75),false
93:(-26.75, -0.25, 15.25),(-26.396279364888212, -0.7161946054189192, 14.754013236829456),(-26.044084938976056, -1.1725553186097437, 14.1142320659107),(-22.7941961112231, -2.527985179053963, 12.774481393287122),(-17.85042044300937, -0.1925281136347372, 10.412913540935563),(-14.32836528042935, 7.04828095261711, 13.695978956936766),(-12.959579660312928, 7.454102232653503, 15.023156669417853),(-7.8733709748829, 6.669531638728619, 24.075444559501985),(-1.5338824239141755, 20.345056948267057, 24.49411459845301),(-4.75, 19.75, 23.25),false
94:(-21.25, 10.25, 13.25),(-20.817329819872413, 10.126566877273834, 13.031915659795505),(-16.803937514201333, 7.90680617174395, 8.781480082914017),(-16.20939306649817, 7.431749407976665, 2.7349614618533864),(-13.744380872139544, -13.079265585809862, -1.1003911786697684),(-18.154479567516884, -27.149833668056804, -1.1542984420037101),(-28.25, -26.75, 19.25),false
95:(-12.75, -22.25, 13.25),(-12.666399827027012, -21.7838582800811, 12.71843430022269),(-13.122355107465017, -21.769751489026596, 11.828543418885632),(-9.446482144870888, -22.25995572042291, 12.294210065094282),(-7.817446969572368, -9.954748254588885, 18.766481770614817),(-7.988863007902814, -7.358911581831798, 20.260552890131056),(-7.25, 8.25, 23.25),false
96:(-28.25, -12.75, 15.75),(-21.346236395586523, -10.89229810619199, 10.97309574363979),(-14.840421840393807, -0.05074025896451484, 17.73199495480593),(-11.25, 13.25, 24.25),true
97:(8.75, -12.25, 5.25),(8.67185297249449, -11.697237333258308, 4.650498440950735),(7.384449821143065, -9.75588725861487, 1.763784209670023),(5.447808183298632, -8.590525259501101, -4.861270550676399),(16.514918322609223, 8.507782004970284, -6.931960795825935),(24.648685021868275, 22.03277551629186, 4.556864729233109),(14.75, 26.25, 10.25),false
98:(-27.5, 9.5, 23.5),(-25.512294155166217, 11.492340653404451, 25.392152911732637),(-19.320842771276453, 8.022163973914147, 26.5),(-1.1192682492461419, -2.430731498232979, 25.430912324578138),(-0.03408967660727513, -2.684744759864831, 25.469041867110764),(1.7973326082128533, 8.812141555442462, 21.127415357509605),(2.75, 26.25, 25.25),false
99:(-7.75, 19.25, 14.25),(-7.174877555992227, 18.913285185298992, 13.926664854220768),(-7.180083163178185, 17.05863233552333, 11.29089528172644),(-5.74761012872267, 13.773173499500354, 8.193736893707403),(-1.4930218412608784, 13.653439259576878, 6.147536493596172),(0.6249006725442239, 10.113212493503339, 9.246362063096495),(4.777806656320423, 8.693030083579192, 18.438389037908355),(11.141329924900088, 11.548391128136068, 21.960410567606054),(22.843969883728, 8.188495168436072, 19.360859577085392),(16.25, 7.25, 17.25),false
100:(4.5, -22.5, 21.5),(2.7980197272204057, -21.667727698026887, 23.826066629836184),(-5.5, -28.5, 23.5),true
101:(-10.75, -20.75, 13.25),(-10.612206976265098, -20.368918199849144, 13.542898863438857),(-7.1414760561740405, -12.425966716733614, 14.66652532463931),(-7.75, -10.75, 23.25),true
102:(-16.75, 7.75, 12.25),(-18.18339203950017, 7.512503833496217, 12.826262117881594),(-24.414911479746888, 12.496597205671733, 13.526045347706448),(-23.780844122604588, 22.99792226510825, 15.989555352065134),(-13.0, 25.0, 19.0),false
103:(20.25, -5.25, 16.25),(20.302199459985836, -4.790160949379932, 16.43927034607149),(21.897641324999576, -2.327177693551943, 17.977074331226255),(15.906243367494852, 10.649443425757504, 19.767684538576177),(11.880889696245685, 23.61929114751714, 20.30332049355448),(8.5, 25.5, 17.5),true
104:(-21.75, -15.25, 11.25),(-20.981095618538124, -14.619042675541516, 11.353338796591204),(-19.01532723990628, -10.381137297769365, 12.30618743280488),(-19.257997605708525, -9.046976326160665, 11.700240548166306),(-19.261471361604876, -8.09762691159415, 11.386037394009339),(-14.292239711863829, 0.8853558763534246, 16.906263028451352),(-17.25, 6.25, 25.25),true
105:(4.25, 15.25, 9.75),(4.151173755586525, 14.933365895757358, 8.909391904826501),(4.4400784356554865, 13.494466668914928, 7.127419518275498),(4.083900668217982, 7.085875201512408, 7.521281411339682),(5.879835116111021, 5.063021654781139, 13.167931986132464),(6.712643416560247, 6.480963369569405, 20.203907320107703),(17.282785360260135, -0.7576682156114614, 23.32956021524052),(22.80837106542683, 12.2204194949948, 20.34942870135793),(16.75, 26.25, 13.75),false
106:(2.75, 25.75, 8.25),(2.8127429671832047, 25.273451024282682, 8.112288730265734),(5.698264863142577, 26.5, 8.059392757843781),(12.77816714059819, 24.776691035764784, 12.45452779334408),(9.540337747263456, 24.362215736110834, 18.646835202188896),(4.7691119275090275, 14.186252360133038, 21.191303879313086),(0.8571931900285787, 8.471355494231105, 18.883970525953952),(1.5, 5.5, 19.5),true
107:(21.25, 3.25, 16.25),(14.898717814323225, 1.7746054768991506, 23.876627023549833),(1.6186077306277193, 0.7301242941422589, 25.9860616984727),(-7.381590144076269, -9.726624773716754, 23.44738170150818),(-9.5, -16.5, 18.5),true
108:(-3.25, -19.75, 13.25),(-3.6888152197493587, -19.939062851351267, 13.397297118625078),(-7.157444278474705, -19.809026924262643, 17.082274216707354),(-7.794031820319268, -19.180356211343238, 17.52896139615815),(-7.704674039163078, -12.85306484048689, 20.52185282339597),(-7.25, -3.75, 22.25),true
109:(-20.25, 26.25, 22.75),(-15.212350288502165, 25.291358707363983, 22.10156890814053),(-2.544568537770875, 19.77589578349629, 24.36508928910448),(1.75, 26.25, 23.25),true
110:(25.25, 8.75, 13.75),(25.289427766420342, 9.144797659525961, 12.832078293497792),(25.11468989616655, 13.522519908243385, 13.532269566750116),(18.627117277406025, 14.863854780578421, 18.86934278651255),(17.75, 26.25, 20.25),true
111:(11.75, -21.25, 8.75),(12.322018814865244, -20.89153975638967, 9.48776739504466),(7.408242210277716, -26.489188491404366, 7.476547518772394),(-9.5, -27.5, 10.5),false
112:(26.5, -10.5, 13.5),(19.361353898325795, -22.097217737560094, 8.116313091022926),(13.202426856774249, -27.182056039601378, 2.5119354332250916),(7.4578147881094, -27.42656179925661, 6.504384445303466),(2.25, -20.25, 10.75),true
113:(21.75, -11.25, 16.25),(22.22740276131805, -12.015022814143741, 16.6822345397183),(21.337071544856993, -6.294527864261394, 21.176741925740732),(15.75, 26.25, 22.75),true
114:(-25.5, -10.5, 14.5),(-24.756901270314618, -10.343659964439315, 12.863392014100189),(-19.885872580723056, -9.491206541374787, 9.924432242387342),(-19.03698251103158, -9.98738122610031, 9.742233636968063),(-12.197265043484663, -8.83098727636957, 9.59609033054933),(-11.796612465424113, -9.028075824783455, 9.821109475907102),(-9.590516825288567, -7.428534178883091, 8.566275403367912),(-8.380316861259352, -6.095710140486585, 6.166484552119389),(-8.114007472259923, -5.93955988139843, 3.1824107584746253),(-0.8075970069458022, -9.041226614288483, -1.2979790369486088),(16.503697067671283, -19.821605385318247, -2.3305388447831517),(23.96929167210744, -21.835910472977908, 5.0515189013705735),(19.71380227144778, -22.936285693345777, 17.81250437083951),(6.5, -28.5, 22.5),false
115:(26.5, -18.5, 17.5),(20.11109635936522, 1.3599461210952324, 22.736457539212257),(15.214090936881064, 6.356341287703209, 22.9717727135152),(26.5, 19.5, 16.5),true
116:(15.75, 15.75, 17.25),(15.290858046181336, 15.901836779790175, 17.37702070125192),(10.446492302285657, 12.726132920850953, 21.880874400074113),(8.989069442504675, 7.040305998302827, 18.06678331377128),(5.2789526497851975, 6.764780319056893, 12.13727077187907),(4.935046771327364, 9.951857631712134, 5.91438824447102),(0.7300487346776487, 13.999385180835617, 8.02192326380241),(-5.032858774655, 22.55676077740007, 8.593915910550354),(-6.75, 18.75, 8.75),false
117:(-18.25, -16.75, 7.75),(-17.684208765691913, -16.063978731130362, 7.292555907417505),(-13.476304206171214, -18.132416874221857, 12.718519183520124),(-12.325377361381994, -19.020392540015536, 13.42885761200114),(-9.678134086609106, -17.965823546172842, 12.49078123910002),(-8.943384632501418, -12.93012537201457, 19.71586336344017),(-2.25, -15.75, 21.75),true
118:(-5.25, 11.25, 7.75),(-5.4530340718178705, 11.508052656265443, 8.694555976253078),(-6.9596719862357626, 14.308367569696314, 9.179138509511453),(-9.811326100707738, 18.13925598207947, 11.82182756066191),(-11.27989779983464, 18.793469664145434, 11.683543433724381),(-17.25, 26.25, 14.75),false
119:(25.0, -13.0, 19.0),(17.893064113391127, -26.19408464691965, 23.766574214694128),(4.073068025336067, -23.466222894696845, 21.9173010521276),(5.5, -23.5, 21.5),true
120:(-6.25, 5.75, 7.75),(-5.687152536305116, 5.117626385767569, 8.282265295350776),(-6.1459229827536035, 2.753318247640832, 9.210400276301254),(-6.3907383926772505, 0.25991651476083044, 15.746684634676042),(-5.7315378832753945, -7.431829388855875, 20.66096126993596),(-15.536682186716014, 1.5882799898438096, 21.73763863465368),(-13.25, 5.75, 22.25),false
121:(26.75, 26.25, 17.75),(22.542742997606453, 14.944825167086531, 18.73404041547373),(18.61335325581641, 6.151794774634636, 20.19979564365742),(21.75, -8.75, 16.75),false
122:(-13.5, -16.5, 25.5),(-17.5, -28.5, 25.5),true
123:(2.25, 6.75, 8.75),(2.458769843811861, 7.113938293702695, 8.478036637225632),(-1.6227736388299863, 17.473418700694815, 4.163895833626667),(-6.3068028172858135, 19.24828807060431, 9.05365138734625),(-13.447560420762356, 21.89136439714885, 8.14871261603613),(-14.6464275973422, 21.90814703654129, 5.398724282254603),(-14.25, 21.75, 6.25),false
124:(-25.75, -1.75, 13.25),(-25.335621291507213, -1.8475501442082252, 12.987751538969615),(-24.520431281758576, -2.422115650616224, 12.173859065508179),(-22.797592409065295, -2.2174240357539725, 11.767939727307375),(-18.42275785619953, 0.0815234955629125, 9.406520875534694),(-14.064266786834562, 9.479167881671279, 21.214890134493505),(-16.75, 9.25, 22.25),false
125:(0.75, 24.25, 19.25),(0.6228232268359805, 23.868408591965682, 18.952991472038306),(7.868571316905055, 21.955259804477876, 21.262023680796485),(20.25, 26.25, 6.75),true
126:(3.75, 20.75, 10.75),(3.257116321884187, 19.886355977822372, 10.644242339266242),(2.5746666718613076, 19.28079138692584, 9.18577865170967),(2.316073079674262, 18.829956191855775, 7.562620953936381),(2.3087319206561983, 18.446463394857446, 6.8901195088644815),(1.354828519112437, 16.49969342645553, 5.435678859904518),(1.020752813676443, 15.561561097322057, 5.3445681795643445),(-7.275616934849179, 20.87652570403114, 5.922543527328297),(-15.871443617811643, 22.22839642009845, 9.307890808596685),(-19.949953034595442, 22.07102755629059, 8.228632446079898),(-28.25, 12.25, 9.25),false
127:(1.25, 15.25, 18.75),(4.444581085021437, 8.138519199214453, 19.52273375797112),(10.725148005852486, -3.5001747092139937, 16.355376823371454),(10.765381947283654, -14.479900700472108, 8.874443477988759),(10.5, -12.5, 15.5),false
128:(-28.25, 15.25, 22.25),(-25.064875264833987, 12.110725013166876, 12.3697649892849),(-17.88442210772826, 5.949252866403208, 9.88600897475819),(-15.177595870262143, -6.268301855278544, 10.600404397901896),(-12.955078471042786, -11.423988175577044, 10.265707117881586),(-11.825221052169782, -12.62339411471721, 9.864130603969432),(-9.149860193289246, -12.93255807545579, 11.185819644610397),(-8.176960839327714, -15.662510850006552, 21.614979140155388),(-11.25, -15.25, 23.75),true
129:(19.25, -17.75, 22.25),(16.61224847802175, -13.648599084432378, 20.404377510806178),(14.589979552430998, -8.86565019779918, 14.12980973517882),(11.90445585381957, -8.320197637163613, 12.90897233065171),(9.899056619856509, -8.427357862511142, 10.680320137391435),(8.3868197852353, -16.172156327496378, 16.755886319046496),(5.25, -14.75, 21.75),true
130:(-3.25, -27.75, 6.75),(-3.4981369666931093, -27.06556031811363, 6.8082618730628495),(-3.554625405348733, -25.71075893957554, 6.7364220997199125),(-9.480250292501395, -20.498442580635192, 12.606953599378784),(-4.797171646262774, -12.10475988806844, 21.798205362206115),(-4.1165622886261275, -11.713983386982823, 21.64941065209304),(-14.961357841971685, 0.9810048095599999, 21.43948040967744),(-16.621471019103467, -0.6626669621280128, 14.840816352001113),(-15.75, -6.75, 13.25),true
131:(-6.25, 15.75, 14.75),(-6.328201446264136, 15.907652635428917, 13.925442649482482),(-6.100876254309953, 15.94800407099095, 13.481939528015365),(-6.384975996078108, 15.661635530375852, 11.929781936991832),(-6.13995444783766, 13.239051983992859, 8.197482061256574),(-4.177168240756181, 12.898985550244848, 6.428976243239995),(-1.639824465145733, 11.337378275674336, 6.780073500961231),(4.254101752201324, 8.241144900307097, 11.333564380595648),(10.241681574922863, 5.646330598751234, 18.868567948475626),(7.476244794628315, 6.576021818312166, 18.16997389577733),(9.610517244994822, 11.937956273676914, 22.526707924292044),(18.25, 26.25, 20.75),false
132:(10.25, 26.25, 16.75),(18.81896361330695, 20.974530843132964, 15.715286995096395),(16.980709237223223, 14.577863543022213, 19.203732363212833),(14.25, -9.75, 22.75),false
133:(9.25, 20.75, 16.25),(8.88061918474437, 20.42187912385696, 16.326775672971394),(6.999168432253294, 17.95050489384276, 19.04985533171186),(-7.470653993093799, 18.780983209180974, 23.41751450419137),(-5.5, 21.5, 21.5),false
134:(8.25, 13.75, 7.25),(7.810048174523447, 12.869237228318212, 7.074787753626453),(1.6635919155930465, 11.228794241824804, 4.189481410004046),(6.946710578238788, 4.382081863876768, 11.917911133971463),(7.5, 5.5, 20.5),false
135:(8.25, -19.25, 9.75),(8.855167114808195, -18.45409900461024, 9.732269554649953),(8.557645737828498, -17.56848632615859, 9.375658822890788),(11.20646563881161, -7.111956593815609, 12.929425458573427),(20.72667510658987, -5.31422763744999, 23.039034241292065),(25.0, -19.0, 15.0),false
136:(19.5, -28.5, 25.5),(8.287876391058617, -15.442869039990757, 24.42106130398092),(13.179365564713429, -11.378225103172516, 21.496680458245457),(25.0, -11.0, 25.0),true
137:(4.75, -17.75, 12.75),(5.399718063412289, -17.061986292573913, 13.073270129256622),(10.892721422784021, -14.969574126016322, 15.52228233765615),(11.551454948988003, -11.358503256144218, 23.475296921886397),(2.75, -12.75, 24.25),true
138:(-17.25, -20.25, 15.75),(-16.617310143729966, -19.77932467116608, 15.419004965312245),(-8.694401646323698, -21.023958606895267, 18.434586745993712),(-8.481847572409155, -5.041538238492207, 20.772702145861718),(-7.798673716681921, 5.838789808739401, 23.227599962424478),(-3.459654933827191, 8.629046436616374, 25.82411787046217),(3.4584981409564906, 9.118244603297553, 24.87551722341577),(5.75, 10.75, 21.75),true
139:(11.75, -24.25, 7.25),(13.516638346547998, -20.033966759789116, 15.614620143604064),(11.13101239884131, -13.259431858237562, 26.482585069848508),(17.386898782941252, -2.043966083346305, 24.387377006720108),(2.25, 11.75, 20.75),true
140:(17.25, 4.75, 10.75),(18.152527214709302, 4.4912342420841425, 11.094216369801464),(18.853997537969132, 4.488089790758489, 11.806908096996056),(19.151486677956083, 6.090099454100178, 20.933448419214884),(19.237118241444296, -4.830380433841242, 24.165801748854673),(12.607543428420334, -12.65059959996982, 17.788310808682283),(12.477361499196805, -13.0699456299282, 17.549142306446342),(7.5, -12.5, 8.5),true
141:(5.5, 18.5, 20.5),(0.6130543745858811, 3.3678990671308586, 25.32657754977177),(0.16260945505129343, -0.12500829068855346, 25.04944187605753),(-14.629990143724816, 5.196422541665724, 22.872797054966334),(-17.75, 15.25, 24.25),false
142:(7.25, -27.75, 20.75),(7.104979822444913, -27.271572343561456, 20.75872500181162),(5.951460461539757, -25.471271217055243, 19.88158253006796),(13.060958192069606, -23.963218419032486, 22.36531019115471),(9.205004322057201, 2.972502796780293, 22.036678467062806),(1.75, 8.25, 20.75),true
143:(-12.25, -12.25, 6.75),(-12.666364402073796, -12.592945155929646, 7.486996707594416),(-8.677993148571273, -13.381123608082934, 8.790992491738645),(-7.055154450437253, -12.766460514328156, 6.343834172173995),(-5.436451448420412, -14.50921045895904, 4.06273579702858),(-4.125558560610153, -14.919149084809836, 1.3956193466792444),(-13.375395892519393, -14.782138314894631, 0.3217996578091107),(-28.070809208216204, -20.558106267797143, 2.787637513803103),(-24.5, -28.5, 23.5),false
144:(2.75, 26.25, 21.25),(8.269848722717775, 15.96240891833911, 21.190043179682487),(15.008391979100235, 5.636296868277574, 22.598170329214575),(14.5, 0.5, 18.5),true
145:(10.75, -13.75, 22.25),(4.873098246329187, -14.676802066476471, 24.499854531501775),(-9.25, -8.25, 23.25),true
146:(7.5, -11.5, 9.5),(10.699311867739691, -9.948967309162793, 24.16044926932661),(19.28842981561707, 2.473180939595535, 22.672779440552787),(15.940743552197375, 17.701571277443456, 18.69633990535858),(7.75, 12.25, 21.25),false
147:(-0.75, 22.25, 5.75),(-0.48205737495901546, 22.04533600305677, 5.380785430892322),(-0.8708413955654017, 18.054439124967253, 4.32206107348085),(3.1211579413932187, 9.086715668374039, 4.155605239340527),(9.46834433719446, -0.5839280395980312, 18.467929008742693),(9.25, -12.25, 20.75),false
148:(5.75, 26.25, 10.75),(5.988370666275319, 26.001008532429548, 10.387808511231182),(9.541871922559842, 25.577878708503345, 4.337638769510159),(6.211662760822148, 26.29351862596359, 17.734624086124057),(18.0, 22.0, 18.0),true
149:(9.75, -11.25, 22.75),(9.304478942004936, -9.8814757705956, 25.541007000675464),(-8.701005129435176, -2.768678537256238, 25.524950309355866),(-15.212499638282935, 0.41018422505652996, 22.491915439103522),(-16.776595361039682, -4.592668047193785, 16.608724212245967),(-20.5, -8.5, 13.5),true
150:(-16.5, -11.5, 24.5),(-15.789431712353263, -11.22330444555913, 23.82638540728911),(-15.339508001304173, -10.060361714668325, 16.372206014495262),(-21.60611884517012, -9.613505912508565, 7.337841932481306),(-24.624557807294984, -11.698902077936959, 9.389025012249563),(-28.25, -18.25, 17.75),false
151:(-13.75, -21.75, 22.75),(-13.402211082786131, -21.213987427980012, 22.079735211948172),(-6.982686751253018, -19.676077489962285, 14.490655080575404),(-0.5625156142146328, -19.175191743386115, 9.378754181741291),(-1.760405503674881, -28.63327748171509, 11.913719547443325),(6.370045492163041, -28.792130978741646, 16.83558302422476),(12.411967866149293, -26.357663670304095, 12.713947276593114),(13.75, -21.25, 11.75),true
152:(19.0, -11.0, 23.0),(20.25535626239521, -3.8253785297719993, 22.152802300685675),(13.25, 26.25, 22.25),true
153:(3.75, 22.75, 9.25),(3.21449192297148, 22.00781273733566, 8.84702460797708),(2.5028583467979932, 20.280461255202493, 8.169080301657894),(-0.604866840095831, 19.982791038975794, 6.128551395409648),(-2.463027990705032, 17.676168676427846, 6.6047135683721905),(-1.288300382982285, 19.20564348972426, 19.21983950875428),(16.987863237474297, 14.36728804243021, 22.173997633495702),(18.028459101090107, 5.314196968314728, 16.102265299191934),(15.5, 7.5, 17.5),false
154:(-22.25, 13.75, 11.25),(-22.278342765403092, 13.442314096274968, 10.856901955870784),(-21.67876247601272, 13.254891644504383, 10.224286524615867),(-20.055936001132572, 14.331682006037083, 6.830580267633183),(-22.741703879708044, 20.657854442556292, 6.575040964711367),(-24.155806108084718, 18.70286446328208, 4.792254082148693),(-20.76501581372753, 11.62045856926004, -4.183467323938207),(-20.381585587493113, -2.144733674892016, -2.3737941959077244),(-23.710830164764463, -16.804448876936295, -3.2631358789467257),(-27.093167682775896, -15.898426928370942, 14.299208120026304),(-28.25, -11.75, 25.25),true
155:(10.5, -16.5, 8.5),(8.34501070266176, -11.592240297472696, 14.294671135914927),(10.5, -7.5, 15.5),true
156:(4.5, 14.5, 8.5),(4.011657614350337, 11.903227564421131, 7.527026480416639),(3.6519160133480444, 11.007438596678686, 7.265974558800975),(6.000723670979086, 5.556809567960885, 19.393465296962294),(15.228351927739402, 1.8454707751131478, 21.039403132212243),(24.967637511212498, -1.1229480116647146, 17.518461608287666),(26.14082688745883, -10.127008747462764, 14.882150526530806),(26.5, -10.5, 6.5),false
157:(4.75, 26.25, 24.25),(9.30914623890369, 17.884796074108397, 22.373082968395828),(2.608209959488617, 1.002769491427439, 23.984052593731068),(-2.7491215508776934, -3.3140396138285277, 25.274075165942662),(-9.25, 0.75, 23.25),true
158:(25.75, -10.75, 14.75),(25.370387159767848, -10.90221693788341, 13.837462825221747),(24.371739801776474, -11.789504981371282, 12.867141830148494),(23.499401422579716, -11.300605335294073, 12.865442346122881),(21.546017714598754, -6.797147359795799, 20.350341236981414),(16.64868706263679, 4.867575934442822, 20.821815973500062),(11.935669440420229, 0.26139297383336846, 23.182015843440592),(7.75, 7.75, 19.75),true
159:(-14.75, -7.75, 24.75),(-15.51104551247802, -5.915312908742411, 24.748533501136894),(-12.622125582575254, -15.52069620431317, 24.755290221748552),(-7.897872389592797, -17.098387680395202, 22.484351861223196),(-9.5, -20.5, 19.5),true
160:(-21.75, 17.75, 22.25),(-21.798218765112612, 17.36472710680607, 21.934976590614298),(-23.32486296729435, 15.586979183982995, 24.397039622329466),(-21.008171416233267, 13.70193281056168, 24.679068747232073),(-4.22555607836189, -0.945531926542408, 21.98915431379872),(-3.25, -16.75, 22.75),true
161:(4.25, -27.25, 16.25),(4.108773167320967, -27.026616899079027, 15.825553334381834),(4.231408453539645, -26.250979058571456, 14.281830293048431),(3.95359339195626, -25.633688790692418, 11.977928268428661),(3.492578344971833, -24.982518182591093, 11.375066787158794),(3.710370869898808, -19.36085058839467, 3.3450004482037166),(4.606316233888494, -18.857687445800376, 1.7877187480469705),(4.437001015789545, -19.203820920148384, -1.1874323363277175),(2.8550776325495337, -21.345614445693915, -2.5695462619828078),(-14.326938377766805, -26.780235963682816, 1.7680934096392251),(-28.25, -27.75, 18.25),false
162:(-17.5, 21.5, 26.5),(-17.00795724563812, 15.100505418290986, 23.727796001589823),(-15.141143432004633, 3.5490812751832914, 15.077925118251578),(-19.25, 5.75, 12.25),false
163:(-1.5, 18.5, 15.5),(1.308819237483757, 14.986134338294077, 18.795760563347212),(-4.4877007663559425, 13.659670872730883, 25.51410276728626),(-9.5, -2.5, 22.5),false
164:(-5.5, -19.5, 9.5),(-5.080251711536273, -19.64284397530535, 9.731099487344167),(2.4367522660498473, -28.08986838201875, 10.370854973493149),(8.083361977141529, -27.84369177389184, 12.340111117385433),(14.732924606016908, -25.82113231239714, 17.868961266596884),(10.375446368589198, -24.05887274926817, 23.056140137862496),(2.5, -25.5, 23.5),true
165:(2.25, -24.25, 23.75),(3.154244177389125, -23.849932609260666, 23.60070649536941),(-4.096721892023255, -9.902770759764227, 23.509379039826783),(-8.702537796941083, -5.02820518669133, 21.503121248859117),(-18.25, 5.25, 25.75),true
166:(-3.25, -10.25, 22.25),(-3.337179326825266, -9.841472085559397, 21.975218799593012),(-13.780619985253177, 11.83775106120761, 26.5),(-8.5, 19.5, 25.5),true
167:(-3.25, -12.75, 16.75),(-3.389605076556032, -11.975769194035248, 16.13268558926998),(-7.6591679343861365, -13.10700677759263, 23.444708736839953),(-9.75, -19.75, 24.75),true
168:(-13.25, -21.25, 16.75),(-8.705866554216565, -20.04173427371393, 15.791307005335073),(-9.802994471502789, -13.659337097626112, 19.97674814973062),(-3.655674863795964, -11.300816489596293, 20.643287250387246),(-8.320454432626864, 3.2393922645959368, 21.08371154078283),(-11.95246994912489, 5.8821468000255415, 19.341327749965522),(-14.488512885068767, 3.0636586619788697, 14.676143783231423),(-16.25, -2.75, 10.75),true
169:(25.0, -19.0, 17.0),(14.574776550506712, -24.79672902785734, 19.952293616116208),(11.0, -23.0, 21.0),true
170:(-19.25, -5.25, 15.75),(-12.897976769316655, -2.494127224854114, 6.9743512105451),(-11.875966861378753, -1.798505987301334, 4.809320071267991),(-13.0968428187772, -1.336639185222161, 2.108183096995197),(-20.59818299550245, 15.448263577342392, 1.1783340198272407),(-22.472839742962126, 17.28355603615806, 2.6334503965539455),(-24.303246567814526, 16.59531354969788, 4.908518117604214),(-28.25, 22.75, 15.25),false
171:(4.5, -26.5, 8.5),(20.5, -28.5, 14.5),true
172:(-19.75, -11.75, 9.25),(-19.511819357999986, -10.867136237172232, 9.654748759185319),(-20.392511088841765, -7.4675748302115545, 9.104027823138884),(-12.975201169420087, -1.2387451383954924, 6.281380669666021),(-12.225049362432907, -1.6083536060580224, 2.3994045431072633),(-7.381598563846745, -4.758013316523315, -1.5528894831446745),(11.651678791696384, -21.857383548661495, -6.435632650606235),(16.066408766718844, -26.650236388019746, 2.500214095806731),(11.75, -24.75, 6.75),false
173:(-23.75, 1.75, 6.25),(-23.0779124270173, 2.4266441571785533, 5.949249307900469),(-21.37128523400847, 4.5052340061593785, 7.278492650481761),(-18.654416223359775, 4.394157123794258, 6.011099773280369),(-17.25, 8.25, 10.75),true
174:(18.75, 3.75, 10.25),(18.12850755742345, 4.315246523403246, 10.79244217350864),(19.901364968768863, 6.112937008893184, 8.804009889143494),(20.79456675515133, 4.984887720582057, 20.483341660482694),(16.04913346387994, -4.752844250981564, 26.5),(-0.24465765799995598, -13.851621149060774, 22.206173768004298),(-8.75, -18.75, 25.75),true
175:(6.75, -26.25, 19.25),(6.354020865705314, -26.03730245162299, 19.031001648139444),(8.88247551165334, -26.52092767820469, 25.911767512108288),(14.25, -15.75, 24.75),true
176:(4.25, 19.75, 10.25),(4.178309846554616, 19.568167170094167, 9.789785545786083),(2.350321509908998, 19.688960375321777, 8.46302902699115),(-0.5982137493457687, 19.93071813780695, 6.029716184160849),(-5.049147554695105, 18.783371295148672, 5.989804900821987),(-9.290421685601416, 21.411165563849146, 10.899620684320372),(-15.792699693100545, 21.62593321961591, 8.316162620555913),(-28.25, 23.75, 18.75),false
177:(9.75, 21.75, 15.75),(7.474600252356142, 22.06525012945682, 16.48639227906456),(13.49749737875767, 16.11672558974014, 22.188227216977936),(15.441554280018718, 3.2949425393187024, 20.383702119076105),(8.533877741874896, -9.689928678943863, 17.413727831157015),(8.12947347412333, -16.579420874133827, 14.263473628191774),(9.5, -15.5, 7.5),false
178:(-22.75, -5.25, 13.75),(-22.862995980933338, -4.76364058778467, 13.776199817603798),(-22.383543886608663, -3.040321615155942, 13.097224834734343),(-19.68571558806424, -2.0657528846763236, 12.218624663357025),(-17.450995811845175, 1.5867143173988008, 9.567498565415974),(-13.446504640642988, 2.0867303049859176, 25.132692036081863),(-8.413960609106054, -0.9647324809740514, 21.342959138298248),(-6.75, -12.25, 22.75),false
179:(6.25, -9.25, 9.25),(6.754243470991306, -9.951817281812449, 9.125031107691225),(7.113632161359443, -11.140419397158539, 9.815066548393725),(7.712931952143097, -17.99950025321073, 24.034248226671927),(10.202695027837247, -19.5805831147607, 24.583116892040028),(13.5, -25.5, 18.5),true
180:(21.75, -3.25, 14.25),(22.10438144606087, -3.214158889952626, 14.600897713754849),(23.976840349803105, -1.8936248319375828, 17.590702895989743),(11.92368800763404, -0.4831401219399405, 22.553756523517677),(-0.25, 19.75, 21.75),true
181:(26.75, 26.25, 17.75),(23.860670334793685, 24.12813571010661, 19.535095982298433),(11.863282395639413, 9.94259961495732, 22.39348644205233),(-2.25, 16.75, 22.25),false
182:(3.75, -28.75, 5.25),(3.10973440079251, -28.6898862597075, 6.015797819727583),(19.828204927741865, -25.401098794869128, 14.936431595122281),(18.42671596708461, -18.950675049839433, 22.5492920713864),(16.824848477627455, -12.25087478160124, 23.792954771613314),(7.75, -9.75, 21.75),true
183:(-20.5, 4.5, 22.5),(-1.9881015530197867, 0.037148781846261275, 26.480208191765893),(7.75, -1.75, 21.25),true
184:(-20.75, 17.75, 17.75),(-21.47216649934765, 18.41896531267816, 17.85183323920402),(-19.958597463968577, 22.52867358827715, 17.452038235816232),(-12.749073160798167, 24.158603091760742, 24.275884713131845),(-9.836817538255545, 23.445561606629553, 24.377565731275798),(-5.25, 19.75, 22.75),true
185:(15.75, -12.25, 17.25),(15.576150950271012, -11.93765031343418, 16.316075923208658),(17.703588457403765, -15.489258195431752, 21.667695725070907),(26.5, -28.5, 24.5),true
186:(21.25, -5.25, 16.25),(21.15411691581159, -5.154293398609507, 15.76870312631724),(22.11312488888369, -1.8239634945969452, 16.503113325466433),(21.149015646916634, 4.278706168677471, 16.637684319527242),(19.60993927194957, 15.787042420755835, 18.771420155303563),(26.5, 13.5, 17.5),false
187:(21.75, -8.75, 10.75),(21.69715416472493, -8.543338321961842, 11.20221484774887),(21.12352335511904, -8.65833036475477, 12.013217020597502),(21.35396232685594, -9.206572840688981, 13.243761506546688),(24.364483454656565, -9.19500163044371, 19.56330489560254),(23.264219701548488, -16.51618338606763, 19.79265145038246),(20.20561825200341, -22.48791209673595, 17.796802413250536),(14.5, -28.5, 13.5),false
188:(-17.75, 10.25, 10.25),(-18.44699500244192, 9.930126327977376, 9.608222156414115),(-17.851175829071085, 8.431201996763882, 10.231744204619591),(-18.5, 7.5, 25.5),false
189:(-22.75, 26.25, 21.75),(-26.439773039950218, 15.09718013312302, 18.134762162374),(-28.25, 4.75, 16.25),true
190:(-5.25, -22.75, 8.75),(-5.513315592589506, -22.804781114274892, 8.328498009235972),(-8.142833601979893, -21.89575792796876, 9.450688672648148),(-8.234679179490563, -21.796548782763637, 10.441507493320929),(-7.466059208626307, -10.474702647931021, 19.52476683351411),(-9.130148010595553, -8.071339158117617, 20.19904600047131),(-7.25, -5.25, 23.25),true
191:(25.25, 1.75, 10.25),(24.793253009197993, 1.5799351800608077, 10.138374987514617),(22.95988196186986, 3.0407340781159946, 17.217864280656944),(18.5010195446623, 13.027776760618355, 21.787485123125645),(3.75, 26.25, 20.25),true
192:(-23.75, -8.75, 9.75),(-23.7527479053884, -8.838467818942473, 9.257896460053844),(-24.0354430371807, -12.041330081465418, 8.86867622222418),(-13.869545246614367, -1.8762982441829896, 8.840600470715989),(-14.660961594809656, 2.753148333351791, 14.031157719177926),(-17.75, 6.25, 24.25),false
193:(0.5, -21.5, 23.5),(4.981966324568208, -18.362511604854046, 22.930145737166665),(10.479822414289307, 4.7772788425337405, 20.924681572190185),(-1.5, 9.5, 25.5),true
194:(-3.25, -19.25, 13.25),(-3.1897797246114834, -18.453985021175267, 12.694586143158897),(-2.5656052565696394, -15.603158975113589, 13.389709936839573),(-5.28985009404513, -13.031420821379172, 12.286308775639178),(-3.384739774703643, -13.398806878499322, 21.453322724345995),(-2.1215945938568765, -15.93261124612781, 22.445441506896948),(9.549086580918363, -3.1077345185201386, 23.79078078378225),(14.737758710634981, -9.466979954115526, 23.320220254222143),(9.75, -16.25, 22.75),false
195:(-11.75, -21.75, 10.75),(-12.303281867713777, -22.21136089384723, 11.443559875200146),(-14.016752471818972, -20.572240831125974, 11.653951558145682),(-14.065821858454324, -18.41863862463127, 9.565988500168753),(-16.138453399734935, -16.637740027736644, 10.803970196991255),(-16.82118292385271, -15.392743710887734, 10.881999538357885),(-15.411992839779622, -12.252962968075948, 10.561049288731905),(-16.25, 4.25, 13.25),false
196:(26.5, -28.5, 9.5),(23.731774538403066, -15.107755244217586, 22.342763822806802),(15.419504996347534, 7.099811381215351, 20.807443371689452),(10.75, 4.75, 20.75),true
197:(-11.25, 22.75, 19.25),(-10.87194698599233, 22.036732005896358, 18.659809617846),(-13.722900911981819, 24.337369735920497, 19.854167527266387),(-15.73441944634928, 23.938377273764146, 23.220034411151627),(-23.138487915479697, 14.420037311946633, 26.5),(-15.971698403650452, 7.105604578009809, 24.445139477524325),(-14.5, -11.5, 25.5),true
198:(-17.25, -20.25, 17.25),(-17.319418664916, -19.45127022914987, 16.976950784983593),(-10.732418777635523, -19.314383357776954, 15.368227986352435),(-7.522414753882432, -13.6919592809712, 16.89481094315098),(-8.15225813927795, -11.649574992341208, 18.15714136644008),(-9.112891422176359, -9.089391918369767, 16.923185806649542),(-7.855821839976023, -7.259232669983783, 18.940682570229082),(-4.25, -8.25, 22.25),false
199:(21.75, -17.25, 14.25),(21.812150455909936, -17.332002094403933, 13.760701545737618),(24.66424827238597, -16.041331585411807, 14.660259039578643),(17.34989715621154, 9.268087523808637, 22.3977486519964),(11.449075540170124, 5.5286169803334655, 22.841217151599118),(9.75, 5.75, 21.75),true
Total path: 200, feasible path: 118 (0.59%)
