ID TP TN FP FN acc pre rec
all:    73561 471583 26030 10283 0.937548262382257 0.7386310007932444 0.877355565097085
bottom: 14400 168824 6952 3643 0.9453355966133351 0.674409891345073 0.7980934434406695
top:    44078 221732 14160 5658 0.9306160460459059 0.7568597822727429 0.8862393437349204
=== path ===
0:(26.5, 19.5, 27.5),(15.991263678984458, 8.327989455248872, 9.818294768577589),(1.4186985046008664, 5.419981176679997, 5.610456462544275),(-3.885341810549814, 3.554682457389653, 10.123033808242065),(-7.378632779046917, 7.068787756313375, 21.31387978021998),(-5.100957460084457, 9.005719523772042, 21.559827883686353),(-2.2779435524450147, 8.529779518601618, 22.456529388509814),(4.5, 13.5, 24.5),true
1:(-18.25, 0.25, 6.75),(-17.956344652765257, -0.014174594967564014, 6.443441163209791),(-15.11864373360521, -9.604685241444326, 7.369528921664127),(9.022434969770835, -16.503731050148687, 6.195338838959891),(5.127152022866621, -16.67354328207802, 8.375307388311919),(-1.0, -25.0, 5.0),true
2:(-20.75, 11.75, 15.75),(-23.283357491837148, 10.625594204193776, 23.026645409729415),(-7.5, 11.5, 28.5),true
3:(-14.75, 0.25, 9.25),(-14.812301502028337, 1.0873339694085695, 8.706869862261813),(-17.78916967699537, 1.3953563482504574, 8.915143919698199),(-19.914968571219212, -9.640520069223431, 7.112371021966876),(-22.173419098740343, -17.02578941930121, 9.096088631276226),(-20.791591525791624, -22.228268184651444, 20.70189652262684),(-16.5, -28.5, 27.5),false
4:(9.75, -27.75, 18.25),(10.603265445558769, -27.258930463220008, 18.07453265414306),(18.456011237423088, -27.007340754145602, 13.506936232605694),(20.680352914008328, -20.68351915672851, 22.46295156432465),(15.394168268271002, -5.538761106409265, 24.130105712853073),(27.25, -7.75, 21.75),false
5:(8.75, -19.25, 13.75),(8.362707602990428, -19.282708717463915, 13.435461069149707),(8.455362956791436, -20.3690280346536, 8.269008581607798),(21.85006649295949, -14.64143498392194, 7.975993204895181),(27.25, -16.25, 19.75),true
6:(18.5, 9.5, 21.5),(14.52727825513044, 5.604112484768535, 17.117422142339404),(13.393672014489592, 6.2214741096107815, 15.629556712897518),(12.391904320256092, 3.649364182575101, 10.756574920442409),(15.983626976143208, 0.3421537282822986, 9.419992971174349),(27.25, -20.25, 10.25),true
7:(-20.25, -3.75, 21.25),(-19.90462600349376, -5.305713518114867, 18.511727302167785),(-6.178397564997608, -7.434187325218665, 7.5747906020305935),(3.425949383002336, -8.399680164929654, 10.105030910401307),(15.5, -8.5, 5.5),false
8:(13.25, -12.25, 20.75),(13.2959044995309, -12.23101332735144, 19.751234620551678),(17.243190419994335, -11.650653698916942, 19.821725985799773),(18.48487757435309, -2.2734933200254144, 16.49504928218987),(15.32185464708392, 0.463458295176824, 12.344453049497522),(16.577261917210055, 9.131907969542059, 8.157700030350394),(16.75, 13.75, 13.75),false
9:(-13.25, 14.25, 11.75),(-13.274117265534757, 13.860370880732063, 11.437577998659478),(-12.845409605798583, 13.152844311066554, 10.958938717796881),(-10.1271744009635, 12.618050286557231, 12.110108871398987),(-7.399117627580226, 13.328584129976324, 13.136192639204388),(-8.3605346255607, 10.061649437290649, 19.79636684864419),(-9.01515132031939, -0.4111224252382337, 20.90410566364301),(-0.25, -9.25, 23.75),false
10:(23.75, 26.25, 11.75),(13.066662748065912, 16.83707775193335, 7.3718446239357),(9.448803500729277, 14.141679280406994, 5.967233637171798),(3.262689574428966, 16.168938735706007, 9.749337928987238),(-3.75, 24.75, 9.75),true
11:(21.0, 25.0, 23.0),(15.575670781771546, 18.94293660164711, 13.741753297767215),(15.046490818786664, 18.43087681536771, 13.065171194803488),(6.042877045902911, 9.173815188958896, 3.702989882415201),(5.496728570115974, 6.506664183588672, 2.4428203077355835),(5.0, -3.0, 9.0),true
12:(24.5, 10.5, 14.5),(21.926560911970736, 9.90559065493288, 12.579564043004456),(14.143363580684653, 7.413091403594345, 7.516108163298304),(9.999602459588827, 8.315613744529504, 7.631779993448928),(-1.9273753913225826, 8.291885350810935, 7.536930477111606),(-4.506195024256401, 8.803512742385355, 8.981896467363917),(-10.446562305694773, 4.532059064740526, 14.908697702641973),(-10.38930327130416, 8.168889283965026, 21.133487970081635),(-8.75, 14.75, 22.25),true
13:(22.75, -14.25, 19.75),(22.294166997870658, -14.148015924960347, 19.571630937076925),(15.23641486370871, -14.996384524865432, 21.30397061029685),(14.300203739643925, -8.867407653850293, 23.947200755876807),(2.1991038442360047, -20.22890755089792, 22.51067690951359),(-10.25, -21.25, 26.25),true
14:(-23.25, 5.75, 14.75),(-20.655883207600112, 6.411450070323756, 14.177663591403132),(-14.159720338113164, 6.199236172831275, 9.615447109499552),(-9.626998473287149, 3.940754913351319, 6.824780142935816),(-6.762817619349633, -4.121456183879785, 15.076507131395623),(-7.25, -4.25, 14.75),false
15:(-19.5, 5.5, 15.5),(-17.661016765833608, 2.97591744329693, 9.34966009879581),(-14.793201489183982, -17.13323358883583, 4.280840548790011),(-16.480269879999895, -18.3849471362275, 6.422571960518841),(-19.104517345123046, -17.942802248595914, 12.896970244539986),(-19.276377775483606, -18.102627509537932, 23.041505714435118),(-18.25, -17.25, 25.25),false
16:(16.25, -3.75, 21.25),(16.101443214211223, -3.7492364080942298, 20.772579537175552),(17.392975379902058, -6.608351137626958, 20.094985545420556),(14.03119843825284, -7.300907608926318, 12.603334985973792),(8.416657930831612, -5.183045639267203, 8.998949383960904),(-3.657147749451987, -6.229480119764901, 5.294378261066659),(-6.633655243284217, 0.08536168372553554, 5.807385216234179),(-11.25, 9.25, 19.75),true
17:(-9.25, -21.75, 21.25),(-9.31259323475848, -20.90232535475816, 20.723189044555273),(-6.967352250612035, -16.854585270879614, 14.737783953516267),(-1.215367826785088, -11.264091176260136, 6.472148653844134),(11.75, -20.25, 7.25),true
18:(5.25, -24.25, 18.25),(4.116506942067204, -19.436701241165853, 14.968249786337351),(2.8018471634481035, -10.282817386805876, 12.180030992327278),(16.27311334461826, -7.7307783782371775, 10.454651751050045),(17.5, -10.5, 9.5),true
19:(22.75, -13.25, 19.75),(27.5, -11.228416627537236, 9.93297648071751),(18.216403477129056, -14.339901233860179, 5.116713997369359),(9.165316437911201, -16.690867791536913, 7.623214703947163),(9.75, -17.75, 10.25),true
20:(11.25, -21.75, 13.75),(11.337276105055999, -21.308066812645386, 13.533025486748226),(9.036349140876855, -14.6761982874894, 7.848844342324643),(-0.7786858734820501, -7.35640426409234, 7.517268088448911),(-21.188521272553764, -16.13676713198352, 9.137084652558501),(-21.5, -21.5, 20.5),true
21:(6.25, 19.25, 20.25),(5.534780048971978, 19.093143017631373, 19.657449108222902),(2.574888341738911, 16.04711358407008, 9.20003854081337),(3.4095137207933988, 4.757556844742951, 6.686982151707643),(7.040034218814764, -7.235991035324406, 10.887549822514066),(8.565204584607473, -13.107042751021629, 14.730553878269227),(9.25, -13.75, 22.75),true
22:(24.25, 8.25, 12.75),(23.688943147091276, 7.862842693484039, 12.018341317405811),(13.886308970635264, 14.570743525464001, 7.475078892324055),(15.75, 12.75, 8.75),false
23:(-22.75, 9.25, 10.25),(-22.481370824896533, 9.343106643103976, 9.838697776211774),(-18.660802984953623, 9.656995093087035, 8.930667298940799),(-14.894873013475385, 6.637119667636492, 9.750857964413894),(-2.236197512544598, 2.6923913120874197, 11.81776469259359),(5.550620796627688, 3.4477493136953052, 11.88839880829555),(6.59638460283539, 0.38753739472808446, 18.09657737150046),(3.25, 8.75, 23.25),true
24:(-26.75, -2.25, 11.75),(-26.37504071527118, -2.8884821580565747, 11.360451030563048),(-25.6409084571242, -3.0266641155828093, 10.83775387054655),(-12.92596094768025, -3.604407935992228, 4.858777015410279),(-7.592131851915151, -3.024027555955475, 5.7835715363408084),(4.753293885349044, -11.321902454354921, 7.934015906345227),(10.12613701320285, -6.839371413723147, 7.735339804997453),(10.75, -2.25, 14.25),true
25:(-7.75, 26.25, 7.75),(-7.3869815488469195, 24.99438863122936, 7.38393365312567),(-4.387075551815261, 4.992247245589338, 5.127344832038511),(-7.183736961966177, -2.1818808239254412, 5.761498740052699),(-8.75, 0.25, 23.75),true
26:(-5.25, -27.75, 7.75),(-4.578048047770306, -27.64720116481974, 8.483425506360588),(-2.6314652068522437, -24.866423762165056, 6.695603324580922),(-2.0649098682200067, -23.3978035983709, 5.724713025475374),(7.25, -24.75, 5.75),true
27:(-12.5, 23.5, 16.5),(-18.75, 26.25, 27.25),true
28:(11.75, -18.75, 8.75),(10.908999712149775, -18.61172371735832, 8.346484335534775),(6.07832447389694, -15.094939657208105, 7.79774563447026),(-4.90889504511882, -10.605298582121549, 6.554267877402324),(-11.765001383849516, -5.64872572299564, 4.140741869113854),(-23.462026379915958, -4.699908056683771, 5.152488627383469),(-21.012162575837728, -3.004464361292482, 5.504110607960997),(-20.5, 4.5, 9.5),true
29:(20.25, -13.25, 22.75),(17.113284437050197, -7.171098610887955, 16.863613758603346),(14.271447456566612, -7.263207911795089, 10.555540209160824),(-2.014093938200963, -12.597134964587923, 11.174541506278723),(-7.009567797147465, -16.472016186684225, 13.188745444012813),(-12.25, -19.75, 10.75),true
30:(27.25, 21.25, 18.75),(24.27589466154577, 19.145264177780472, 15.990877945112299),(27.25, 5.25, 17.25),true
31:(26.5, -9.5, 22.5),(26.051297003773925, -9.271953322579726, 21.792508037310377),(21.285633883518294, 1.306031856706059, 5.252129519755546),(17.764680337334728, 7.14329858847704, 6.842476408889199),(20.1286036469189, 13.686484771809003, 6.068796141169824),(26.5, 8.5, 11.5),true
32:(-21.75, -9.25, 15.75),(-21.399383035267093, -9.41151853260465, 15.432227270416854),(-19.92235328260252, -9.024679290134703, 14.492753572819346),(-15.691937002102614, -7.255488056559919, 12.72217823006651),(-7.160809592191067, -1.6797044595206594, 11.09713913418356),(-4.626331985982416, -2.9122820702416643, 10.068948637643079),(-4.078029812965849, 3.9496477872156195, 15.821589537280776),(-9.786272085422068, 10.657939568121751, 24.74220690343291),(-21.75, 7.75, 23.75),false
33:(-8.5, -16.5, 16.5),(-7.182962482685015, -17.38507899935674, 10.17302307863508),(-3.3908194498464743, -11.75929540346943, 8.9233150288275),(-3.4043783107624943, -7.583996515120694, 7.9196876326068235),(-5.900574411297906, 6.687344364738654, 13.406021660955632),(-6.279113473785642, 6.374389553924107, 13.312386920827105),(-11.25, 8.75, 23.75),false
34:(-11.25, 8.75, 17.25),(-10.989578210126512, 8.546685908509177, 16.874708284716608),(-9.143751833014374, 5.122728877362845, 13.46363490396671),(0.5271113018240177, 6.286125918633745, 4.520760137586946),(22.77438753194481, -2.6142180092748917, 11.590460426609763),(24.5, 3.5, 7.5),true
35:(16.25, -20.25, 12.75),(15.415547729347024, -19.69892005030902, 12.74945497644306),(15.503006742569069, -17.022816510179606, 10.012528807758475),(4.766844973111161, -11.299197341234558, 6.0055018368072846),(-2.6619642526208835, -12.038039390738332, 4.827567008194911),(-4.058909855735164, 1.3050671298579322, 11.160655744808494),(-6.25, 9.75, 20.75),false
36:(15.25, 10.75, 14.75),(15.027763123847182, 11.001726513467233, 14.379534707029839),(13.140575648669014, 10.437301534235008, 11.3824841670551),(2.637278802927006, 3.6811952272456328, 3.197255598572808),(9.406387143290308, -15.60964463860901, 12.50677641596352),(10.25, -21.25, 12.75),false
37:(-10.5, -3.5, 5.5),(-6.12458777716315, -5.554970195549189, 4.065944371182639),(-5.187863576641492, -6.692657172274496, 5.034465498774233),(-1.419317591235934, -17.88372065157976, 8.172900210769235),(-7.75, -18.75, 14.25),true
38:(-12.25, -20.25, 11.75),(-9.434299575262402, -16.15857621313276, 7.546672048366046),(4.276553560001377, -22.345081500166028, 13.640964731186838),(1.5, -19.5, 19.5),true
39:(-27.5, -9.5, 17.5),(-26.459622310595517, -8.97401965803827, 13.11061185715033),(-25.90981895778702, -5.717440243657426, 8.126518000555004),(-4.581204030427502, -2.5539580878152357, 7.017609744585907),(1.0236516440918813, 1.5588774987061322, 7.83625271075083),(5.884405005403758, -3.4782906423526887, 7.839978190224607),(9.5, -3.5, 9.5),false
40:(27.25, -9.25, 13.75),(17.579562562701728, -9.209993219946053, 10.347185619686273),(-0.5896716279524643, -16.240862700669762, 4.428885061434738),(4.5, -24.5, 17.5),true
41:(13.25, 18.75, 17.25),(13.214562218043408, 18.744811540357933, 16.751284406202753),(10.5, 19.5, 7.5),true
42:(4.25, -20.75, 18.75),(3.2179572298476833, -14.329636979409576, 11.296610789597654),(5.241533544270849, 7.769127603863503, 7.319097894326879),(10.143328540092364, 13.711371932773549, 6.519889346266861),(27.25, 10.25, 25.25),true
43:(-14.25, -9.75, 16.75),(-14.438962360380895, -9.338929273939803, 15.858196162524727),(-16.07217861637938, -9.132308855995351, 12.998053073175383),(-15.148240385964943, -3.971508758475251, 18.790723673896444),(-8.25, -6.25, 24.75),false
44:(15.25, -21.25, 20.25),(14.761434426484842, -21.218582201289525, 20.351570676378536),(12.036060939267315, -20.465877315218464, 15.562457126236957),(0.5, -24.5, 12.5),true
45:(15.25, 17.25, 23.75),(14.544959916323107, 16.69228062530708, 23.31197308358844),(7.119491192739578, 8.683350967701983, 26.426274890085892),(-6.75, 26.25, 25.25),true
46:(-19.25, -6.75, 23.75),(-18.191270358379594, -6.442432518871445, 21.641553832919765),(-11.18539099102422, -4.7862779531688115, 9.891660032755702),(-3.600655541456294, -18.049027105316313, 6.619439814638181),(-8.466252887240223, -19.10472953551831, 11.539953491843637),(-7.5, -17.5, 20.5),true
47:(16.25, 17.75, 5.75),(14.263227318408982, 16.88483359025357, 4.7699076033211085),(11.566316980076952, 15.091954996491772, 4.157755514764868),(3.722294689730374, 6.81426342298183, 7.605092896349692),(1.5, -3.5, 10.5),true
48:(-14.75, -25.75, 12.75),(-14.773544794598825, -25.323421128894644, 11.890123430539054),(-14.90124668743945, -25.070067869252885, 11.478414367736429),(-13.451092790341129, -22.762700261813695, 10.278998481812089),(7.182187995696302, -5.96576959211895, 7.486672343002267),(-8.620088679023965, 5.695744810610753, 13.125042300825898),(-4.5, 10.5, 13.5),false
49:(-22.5, -6.5, 5.5),(-21.534315409995653, -7.421878718425777, 20.148617087795188),(-17.25, -2.75, 21.25),true
50:(8.25, -24.75, 9.75),(7.774155122044018, -22.79967850194328, 7.79238355383151),(6.454521929885439, -0.49583561234108675, 7.0762999030547515),(9.099963720738918, 5.888904333970473, 5.964214677373106),(14.75, 5.25, 12.75),true
51:(-24.75, 26.25, 10.25),(-24.381228746323544, 25.392057152418573, 9.943830772965956),(-23.609696369555614, 15.67680357635815, 8.485837184310142),(-21.381181405587387, 5.403959033948163, 11.771646322432158),(-20.91965312561815, 5.274548392860221, 11.913929605926201),(-15.75, 7.25, 11.75),false
52:(1.25, -27.75, 25.75),(2.2328595065659576, -27.58402856356379, 25.830253801406688),(2.569021321142757, -26.97218739751146, 25.114261048689066),(11.98388673875002, -18.603261158732906, 3.8006934771385223),(14.25, -19.75, 10.25),true
53:(15.75, -0.25, 22.25),(16.08253700113996, -0.9347203493523699, 22.898519225663826),(15.6490028105838, -1.833789739438505, 22.9595301872114),(22.5, -24.5, 28.5),true
54:(-7.75, -22.25, 10.75),(-3.0935870253636173, -7.4048835734483, 5.3341818003619705),(1.5, -2.5, 20.5),true
55:(-16.25, -5.75, 11.25),(-14.49753815976259, -15.477138361076786, 10.295011737286679),(-20.25, -17.75, 8.25),true
56:(-1.25, 23.25, 14.75),(-1.146096636215325, 22.800955746673527, 13.963497460007071),(8.276729458723391, 13.110621557184945, 5.65815511178325),(9.478128203615269, 7.135835636244587, 5.544308441847871),(12.181609624962373, 1.6587036651535758, 8.96369633673253),(16.857928027202547, 2.437684389637267, 14.113961886367107),(27.25, 3.75, 5.75),false
57:(2.75, -8.25, 22.75),(2.401317063761331, -8.34288069756359, 22.403888188592067),(1.6089975665730238, -9.155960474549348, 21.147018948192407),(1.0812657138217614, -9.452939428084967, 19.850456796567798),(0.5234393576237225, -9.878811990415839, 18.36642126654644),(0.987537233662773, -9.800834100318681, 16.496350162648437),(6.799909088192267, -10.000789467172165, 9.995812318158737),(11.52604577100129, -1.4368826531063679, 9.470994164622503),(15.621269772059465, 23.061359274624838, 6.894905815275664),(10.25, 26.25, 15.75),true
58:(-18.25, -19.75, 13.25),(-17.02236794420632, -19.011426294752855, 11.983850460325284),(-3.672656649660916, -18.284447682686363, 8.042700863790099),(7.199778756096327, -24.148134695556926, 7.405876154116751),(14.080885036936111, -25.406375034202323, 7.665120444300319),(13.25, -23.75, 6.75),true
59:(27.25, -26.75, 24.25),(23.832494168693522, -24.141361127246494, 20.81512970573556),(27.25, -12.75, 16.25),true
60:(-14.75, 14.75, 25.75),(-13.49418119278098, 14.095224035745051, 23.71549972383276),(-4.965179174530006, 15.077683612914758, 12.297987738347913),(-6.470053251936896, 17.205397977611284, 10.811991239895509),(-0.0035640327604467004, 19.787206390657907, 10.091725666237823),(-0.75, 26.25, 16.25),true
61:(2.75, 16.75, 16.25),(2.968964426831622, 16.895228263740638, 15.824602149519794),(4.903312566678437, 16.362297590740866, 8.78881457971749),(12.107896596704046, 20.59201763123378, 3.653517456676553),(15.409254111168705, 9.575467742045166, 13.395750822957101),(27.25, 13.75, 14.25),true
62:(-17.25, 6.75, 13.25),(-17.331917288387377, 7.241850230496878, 13.212947218411735),(-15.038563844876002, 6.80737491738569, 11.704046433692579),(-6.109189498030163, 3.2976455957888096, 10.443973058996967),(0.26472435080581547, -12.239464897387705, 7.413759526575592),(-8.79334817005668, -18.687503486948305, 11.242711654540102),(-10.25, -17.75, 17.75),true
63:(13.75, -23.25, 10.75),(13.7221919073732, -22.9752264744589, 10.333195225979626),(13.327160790809927, -21.411330311509914, 8.7353619512755),(20.200718003735748, -18.261289131811214, 7.2093703467437456),(26.2762321663224, -19.392550313020262, 16.314079603955015),(17.5, -28.5, 25.5),true
64:(21.25, -4.75, 12.75),(21.128821965470085, -4.591601834980236, 12.291496013904089),(17.920726997444397, -4.3692015593983005, 9.446835132497402),(16.451670433237577, 5.722123843510096, 8.742019431361584),(4.368165761506688, 8.794547464872181, 5.498892009739455),(-1.5, 9.5, 14.5),false
65:(27.25, -26.75, 19.25),(24.21490748536343, -24.50996069410693, 15.750527213203773),(17.832079274815285, -18.051304775894085, 6.427418566806349),(5.637760492441943, -11.435097917781782, 10.839333387413301),(6.574194862325414, -6.5661280849879935, 17.780757258228913),(3.25, -9.25, 24.25),true
66:(-17.25, 26.25, 6.25),(-11.968967660112966, 23.92481380824034, 7.490402757358086),(3.0847274708772248, 19.316167781926097, 7.495581433869646),(-2.5, 25.5, 14.5),true
67:(-12.75, 18.75, 14.75),(-12.81072035853126, 18.316927602036316, 14.507592623499573),(-11.727654692918922, 14.7549496037959, 13.68879282479622),(-9.15999237508708, 10.777089796947093, 11.123205436271427),(4.700072373339842, 10.389969182148945, 8.993205457164779),(4.921031401129519, 12.642921471259289, 6.26725061289585),(2.410672648549714, 19.175253085247544, 6.43078231696439),(2.5, 16.5, 11.5),false
68:(-0.75, 8.75, 22.75),(-0.9230948853402738, 8.37368460920613, 22.469955561882237),(-2.3632518905807505, 9.597479367463635, 20.485870022290595),(-6.130390247273059, 9.086371246410659, 17.85444753180916),(-6.019262655141642, 7.200903825857562, 15.523640104263949),(-1.9959358027602536, 2.571546682553275, 6.650515673548842),(3.783182052852774, 6.5204458299424415, 6.739915531959174),(14.378585912886674, 0.2153134230559859, 6.255986728146011),(21.5, 15.5, 14.5),true
69:(8.75, -1.25, 12.25),(8.19389427262721, -0.6701381017739912, 11.969854131416941),(6.982726309179855, 2.296750912041621, 9.117479612098212),(-0.6194616613607817, 11.057117442378072, 6.600941490979284),(-0.6424694208831493, 11.947731353553483, 7.3558128804749385),(-16.360869643591023, 17.535236312844003, 5.057651217798092),(-19.959446930872055, 21.050149865162833, 9.925466356768602),(-21.937466942135234, 18.26977691219262, 16.03750063983951),(-10.75, 18.75, 20.75),true
70:(-18.25, -6.25, 8.75),(-14.736619924630222, -4.151424671490134, 2.8776519884577394),(-14.240886559288318, -4.369873563707579, -0.07303073118118508),(-22.931307947906824, 20.19047068030746, -0.6763025277023171),(-7.75, 26.25, 11.25),false
71:(27.25, -18.75, 11.25),(25.421673927566157, -17.64967197422524, 9.754678250697989),(11.890541926687499, -15.664128844320286, 6.524421182714817),(8.5, -12.5, 12.5),true
72:(12.75, -22.75, 8.25),(15.460171229459885, -23.45929274828083, 9.323254724771395),(27.25, -26.25, 27.25),true
73:(6.75, 18.75, 13.75),(6.277334467338199, 18.91173406157656, 13.77072166883929),(5.241372358428875, 20.360188822595926, 17.083115631416266),(6.665890664867165, 21.189375561831866, 20.311555313193274),(15.75, 26.25, 24.25),true
74:(5.25, -24.25, 16.25),(9.815478477066709, -18.02246494508976, 5.502687976150806),(18.426641656328027, -7.804447544194793, 4.175167241593593),(16.343718530950806, 11.920468226976524, 10.774275144010327),(24.5, 8.5, 8.5),false
75:(18.25, 11.75, 7.75),(12.439524960428697, 3.425129067269891, 5.0346815295097995),(7.116221768936991, -8.649824686106935, 12.912283199597502),(7.75, -18.25, 8.25),true
76:(-24.75, 8.25, 7.25),(-24.41573358956718, 7.330150996008239, 7.0447105051111425),(-22.54343405594821, 4.683600444041814, 4.425188715700826),(-13.659267207051379, 6.249281397054763, 5.106261902286695),(-4.984868270360714, 18.07514052633142, 7.999626853662275),(-0.75, 26.25, 7.75),true
77:(-15.75, -16.25, 14.25),(-15.961784883956321, -15.727079926231557, 13.424347676453573),(-14.38312628982123, -10.807444899372758, 11.082908994155833),(-11.487145021259229, -4.645148463707936, 6.1539296693564705),(-5.215240457775818, -13.315114888164615, 10.836849460332385),(-6.25, -20.25, 6.25),true
78:(-16.75, -19.25, 26.75),(-16.5754797501001, -18.97708388102026, 26.369133259031567),(-13.203831540481918, -19.046606803423472, 22.706540559066468),(-6.822520772999029, -19.746649881277982, 9.437626525347527),(-3.2850600573628403, -7.974891713157307, 7.150040441410703),(2.3853288152444208, -4.000948412416379, 8.176911745863242),(4.25, -8.25, 14.25),true
79:(20.75, -11.75, 13.25),(20.563454696029574, -12.107380698623752, 12.954230011972513),(19.128687795807412, -11.561157223244733, 11.084258057849109),(14.138871552874622, -11.87543184450043, 7.490525807545362),(1.2176959063216382, -8.959935783030707, 10.257037561549872),(-5.373231193696549, -15.100326536785124, 11.349191054778782),(-6.1085806314090085, -15.991047640959588, 12.137977070993688),(-6.25, -16.25, 12.25),true
80:(0.5, 16.5, 17.5),(0.9854188101799743, 14.41840245957324, 9.065190546887585),(18.591674729270842, 1.035303047424061, 8.034416235402997),(22.25, 1.75, 6.25),true
81:(-9.75, -20.25, 6.75),(-12.37060424447354, -21.68247403508493, 7.0336397938491055),(-18.5, -28.5, 15.5),true
82:(18.75, -2.75, 12.75),(18.160665609255474, -2.394969639813871, 12.101910469325858),(23.724864885031295, 14.933415465932832, 6.7061507719529105),(11.5, 13.5, 10.5),true
83:(4.75, 21.25, 8.75),(-3.75, 26.25, 20.75),true
84:(24.5, 1.5, 28.5),(20.658856748136056, -3.433662770434462, 11.271629662247785),(18.609145711204352, -2.6680398275582666, 9.219190582902932),(15.029852481081576, 7.102132158408015, 9.173990227321832),(16.5, 6.5, 14.5),true
85:(-20.75, -11.25, 7.25),(-20.354800953578305, -10.973282553620384, 7.118679138837245),(-15.979826792254656, -4.964771103666753, 4.439440468550972),(-12.338375920341516, -12.403520404680854, 8.568130011740212),(-7.0, -17.0, 5.0),true
86:(-3.0, -27.0, 23.0),(-6.931927887935807, -20.88124311255094, 10.657531485367365),(-0.9152541761200284, -10.774596275274718, 5.012301408645406),(2.9883428734822077, 2.2059253381470634, 8.255954435432324),(0.5, -0.5, 17.5),false
87:(-4.25, -6.25, 23.25),(-1.9972578785487194, -9.50863235391538, 24.143614805586445),(-11.5, -18.5, 27.5),true
88:(26.5, 1.5, 24.5),(23.540452472450138, 1.0917807887597981, 22.42857443520786),(20.638995373779768, 20.000234790323603, 23.839643778000966),(15.739338009562777, 23.28644065934085, 17.814882585085982),(15.75, 20.25, 17.75),true
89:(-10.75, -21.75, 10.25),(-10.661920119233322, -21.283431459081218, 10.093297315820546),(-10.487116184468542, -19.342816064293864, 8.197336346342631),(-1.7689651755755742, -5.049771275519755, 6.591865046148648),(-12.75, 5.75, 14.25),false
90:(27.25, -5.25, 13.25),(25.938886619268892, -4.8501180189708775, 12.204341100952863),(22.42020459685271, -3.5658639579895843, 10.352638782678794),(14.190263679489085, 4.864426195158824, 7.113112513836942),(18.25, 17.25, 6.25),true
91:(1.0, 25.0, 23.0),(-4.105093292893194, 17.943583780633986, 7.639142609910984),(-9.631574515006989, 9.238626606151163, 2.586584388047187),(-17.5, 7.5, 9.5),true
92:(16.75, -20.75, 22.75),(16.38625564836973, -20.407043900979236, 22.758435686192175),(9.489106128330846, -16.69635968187407, 20.54133400910151),(8.763573823903487, -13.408025876791964, 5.270970561380565),(6.75, -21.75, 6.75),false
93:(-15.75, 0.25, 14.25),(-15.877641098773786, -0.01891389126722054, 13.848262437669389),(-16.036741092746677, -1.5927192864261461, 13.562865418436603),(-11.951957574809542, -4.783654959057983, 10.781406179258138),(9.04840884022975, -6.602198966179677, 6.989347787956547),(12.248650717963358, 7.337707922915305, 11.974508697138457),(11.75, 9.75, 13.25),false
94:(-16.75, 14.25, 5.75),(-16.36708412578757, 13.938392827813534, 5.670776243978927),(-13.272323634803904, 15.59541314156119, 3.297215541641583),(-3.2068265930115136, 4.952963701947101, 8.392280949683766),(-2.815403998487537, 2.26137273125295, 9.859490237072048),(-8.45849468363467, -2.560418691171555, 15.032725554576452),(-2.8744851422732145, -3.0079486258899966, 25.051041310616938),(1.5, -9.5, 24.5),true
95:(14.25, 12.25, 11.25),(9.357633505065087, 8.741864472586055, 7.9007072466233),(-18.57226623330922, -6.850801724913447, 7.01078254677041),(-17.92833101362791, 1.9368457354601736, 6.191910458110359),(-20.25, 4.25, 6.75),true
96:(-12.25, -25.25, 14.25),(-12.095737313240523, -25.250604098759425, 13.77439232708204),(-9.171400688164258, -25.582452324908154, 13.192901090656665),(-8.541642089850432, -22.665446936305425, 12.885519128413515),(-7.99213905974805, -19.735591225765617, 12.547892211054181),(-13.606532951669028, -13.891362462920997, 7.086865133377455),(-16.25, -12.25, 10.75),true
97:(25.25, 9.25, 18.25),(24.83078252644578, 9.32405947730363, 17.434996267455297),(23.502857643146342, 10.05045702339095, 14.844829842425336),(21.126631217155875, 11.195313903478525, 13.415546561707087),(15.164371009532497, 4.728316022915865, 7.284371712661924),(11.362456958494665, 0.6206955387061304, 5.5125583892062),(10.25, -19.75, 12.25),true
98:(-19.75, 4.25, 16.75),(-19.4097571783176, 4.351671680551089, 16.398008960813605),(-16.19839518341669, 11.256217778805743, 4.382046327260817),(-21.06952318230071, 19.364074719383762, 4.5916036123022606),(-16.25, 26.25, 18.25),false
99:(-9.25, -22.75, 24.25),(-8.73737721012995, -21.345867729200958, 21.694561049335576),(-13.349681103288704, -18.16241947480957, 8.748911823374126),(-20.82424108896125, -6.804356019577366, 13.878279357611637),(-15.25, -6.25, 21.75),true
100:(-22.0, 22.0, 26.0),(-21.452592594688923, 21.521885550974133, 25.62726206982163),(-17.09746323126101, 1.191720672014755, 25.51698820874251),(-15.0, -9.0, 25.0),true
101:(-25.75, 3.75, 17.75),(-25.77918716471666, 2.906623743643428, 17.213469852077466),(-25.652794866543605, 2.9691696878868674, 16.22346329057334),(-24.85605306598544, 1.6178044859215956, 14.423598942446446),(-21.48171809104469, 4.772694510473888, 11.595855209540735),(-18.80663397737584, 5.1676280046955085, 6.7294175593668415),(-7.578995118804557, 5.688656594613509, 7.402199282926338),(-1.9505347771266472, 12.964255229457432, 10.374546290443405),(0.5053481965463162, 14.686085672335093, 10.437305716850638),(0.25, 26.25, 9.25),true
102:(-23.75, 12.25, 18.75),(-23.317324591511387, 12.048077202736906, 18.601611405981938),(-22.85237591786696, 11.761595408175197, 18.00175221701546),(-20.183243268217282, 9.858430458976068, 14.537451451526577),(-19.35347923693271, 8.729786896563457, 13.318838571654595),(-10.516895765710188, 6.364811132154341, 4.568896758717607),(-7.663225028595194, 6.7791213976043885, 5.396489852016647),(4.75, 19.25, 13.25),false
103:(1.25, -27.75, 9.75),(1.8567316093641202, -27.509299567489574, 8.992411684364313),(18.373010371275363, -18.038673572277105, 8.96460798862228),(25.47825815847102, -16.76411657505983, 10.21500943361907),(26.5, -16.5, 22.5),true
104:(-11.75, -15.75, 22.75),(-11.271602928223322, -14.972187991608678, 22.342391460690827),(-5.537876166107932, -14.11515842813678, 23.22655591487017),(-3.285843972826636, -12.135130351689927, 23.138013174304913),(2.114539815527122, -10.431612936037803, 19.077447176263334),(2.783110359616071, -10.614134160247536, 16.158594759595168),(2.9225180663976533, -9.238408951445745, 9.296529061778134),(8.931912604624202, 15.663352200089953, 8.625137753633425),(2.9022114463157522, 20.015183594807706, 13.415568306726607),(-2.1262811256867487, 21.018975993158193, 19.518165220146145),(-7.75, 15.25, 25.75),false
105:(9.75, -18.25, 19.75),(8.982446307028955, -14.635965228490816, 15.709791861150965),(7.5419857268636274, -11.27027998563117, 14.17273813670289),(14.649632606101468, 4.830191692717079, 5.1581608483772055),(16.045685660041897, 4.939591489256596, 5.439213395858117),(18.880023907720666, 21.425590845284177, 7.818934047608867),(27.25, 9.75, 24.25),true
106:(-3.5, -26.5, 7.5),(-3.0008400738425016, -26.474604344150293, 7.513943772172692),(17.5, -3.5, 8.5),true
107:(3.25, 18.75, 20.75),(3.314036328034257, 18.023113170643807, 19.657785033818758),(4.75, 16.75, 9.75),true
108:(12.75, 10.25, 12.75),(12.211833936864833, 9.569307850353283, 12.288885757828046),(9.73784217336673, 7.2651499240760105, 5.93258697899013),(16.598044256354427, -11.051228991395924, 4.6229047606557625),(2.763843822114609, -16.71119011609134, 5.845763817267279),(6.5, -19.5, 12.5),true
109:(-15.75, -18.75, 16.25),(-16.369735155143246, -19.233146364627594, 15.631535831412428),(-19.071056787467178, -16.678447291484392, 9.700568449574957),(-15.842687873576105, -13.67086812940168, 4.266223802827971),(-22.04431780570645, -10.150143340309182, 8.493272509838473),(-21.372973861356904, -7.567172466697493, 8.51464712213279),(-22.75, -5.75, 6.75),true
110:(4.25, 26.25, 13.75),(3.8883075637266282, 24.86398634829467, 13.016426678455888),(7.531833297444979, 5.351081524451889, 2.8754346440262832),(21.422768247550405, -4.66995770446816, 8.553273082729703),(22.70919738678473, 0.9112286854989105, 12.577631236544441),(24.25, 3.75, 15.25),false
111:(-21.25, -4.25, 23.75),(-12.583488462170415, 18.07516484551875, 24.669594886558198),(-7.5, 21.5, 20.5),true
112:(-8.75, -22.25, 17.75),(-8.605109686617373, -22.045998043998697, 17.317114334915644),(-5.913400019674841, -15.962421718152644, 12.916953124197006),(-4.712540010668784, -14.716067671681413, 11.645351802838311),(-0.4135808135007495, -12.996856688965833, 7.525738202762189),(8.429969880796547, -22.3688335990199, 15.185848144862797),(9.75, -16.75, 21.25),true
113:(12.25, -17.75, 5.25),(11.565891267202971, -17.67265380481701, 5.667347662906904),(10.996467083320711, -16.940480238871505, 5.293612505153899),(12.106587417801945, 5.014933517467845, 9.31641607777555),(21.560041451680853, 12.495783641521253, 6.525606034815536),(23.75, 5.25, 13.75),true
114:(-15.25, -22.25, 23.25),(-15.055949526845987, -22.02114482826551, 22.850037846491595),(-14.471911751356936, -21.965931152675893, 22.319528227134725),(-13.114389104388657, -20.03649150045455, 18.257667339924915),(-2.4819162920582998, -19.579233348299816, 9.775785519671624),(8.25, -25.75, 8.75),true
115:(21.25, 10.75, 15.25),(21.189144334516847, 10.80275193774138, 14.756528804241695),(16.52953603713552, 9.142796666334698, 10.22601227788108),(5.029426331376122, -2.596156966476828, 8.42149067749607),(-5.234719112637146, -12.257195826935867, 4.181088304645481),(-3.0, -13.0, 11.0),true
116:(27.25, -19.75, 10.75),(23.53409378888943, -16.881915695367713, 8.419536168847033),(17.45108165542121, 3.111912198611512, 5.037305274934232),(16.569097334801018, 10.313986447282486, 15.24963373812204),(27.25, 18.25, 16.25),false
117:(7.25, -9.25, 15.75),(6.637828019054241, -8.653151126496107, 15.515117698000791),(6.81881104579828, -7.028581950718218, 12.957520559959713),(23.502555423501477, -19.199099722045567, 4.862374112976935),(21.21473266406745, -11.901991194950847, 0.19959617100733063),(12.96596729256338, -5.601704333834932, -8.665240988498601),(9.131396373889785, 4.185579445450522, -3.2772474820101705),(17.948040224886984, 16.506973429990826, -1.0752108391137811),(23.446591536829775, 23.38349941565531, -0.277731089655747),(18.25, 26.25, 9.25),true
118:(7.25, -26.25, 8.75),(7.1241473933500465, -25.957569193175395, 8.364454484373994),(1.0535411780746005, -13.189911921724816, 5.995452906096828),(-16.293396779695218, -5.861228737351991, 8.799809111313776),(-13.5, -1.5, 19.5),true
119:(18.75, 17.75, 5.25),(18.473442767381965, 17.343115644866238, 5.3392256612978395),(17.217698745253667, 15.27643881300979, 5.999938903220801),(11.764684087603605, 12.228408620081524, 8.182209364653101),(11.11276363409029, 5.0662141472167015, 10.1245323283447),(7.106322901699795, -13.42230695426927, 5.19900140866852),(12.537538081860859, -14.774142926370969, 9.403099548736122),(14.75, -16.25, 9.75),true
120:(-17.25, -1.75, 20.75),(-16.9136623635524, -1.399447910758394, 20.156568272898202),(-13.729377473419554, -2.3996731315929756, 11.801063549609843),(-11.873626007010424, -3.1336285524847636, 9.56108677851066),(8.035599857280715, 3.2809173988433313, 7.104773501523333),(17.625791335426726, -1.4742928136448548, 9.466878763927772),(22.685964885253203, -24.800885517189034, 7.0495920486281785),(13.568946649461346, -22.303522459110162, 8.925991520204967),(5.25, -23.75, 12.25),false
121:(-22.25, -0.75, 23.75),(-22.24709114382263, -0.4737144686115724, 23.333277257998613),(-21.564264869124237, -0.280536306276531, 22.70100402904076),(-21.395615626952274, 5.220707688149275, 17.249963766398732),(-22.25, 3.25, 6.75),true
122:(-27.0, 3.0, 9.0),(-21.155805032012427, 2.2094717576744936, 6.314258628403554),(-19.47439116050023, 2.328345260318682, 6.1602738584713075),(-16.088358398749907, 9.079055459250084, 7.612244457925248),(-10.263803150860543, 3.212967948434673, 22.014755859855086),(-12.75, 4.25, 23.75),true
123:(15.25, 15.25, 23.25),(16.146643876941113, 14.905024167482361, 22.972472644730704),(21.404335286140267, 11.55176531907759, 16.191269812621176),(21.418628037971033, 15.614847037185932, 11.337324734730064),(25.25, 26.25, 20.25),true
124:(27.25, 19.75, 20.75),(25.564940088934534, 18.776995006047738, 19.710880936211566),(14.5, 20.5, 28.5),true
125:(26.5, 11.5, 26.5),(21.228521989373508, 13.241530745193236, 21.19459364007268),(27.25, 18.25, 16.25),true
126:(18.75, -21.25, 14.75),(19.254358139130844, -21.664954376292705, 13.992744605111325),(19.737555363899432, -20.0900355353144, 11.485524812929658),(22.75, -12.75, 5.75),true
127:(-1.75, 26.25, 10.75),(-2.5057014272622147, 19.959945114083393, 9.056235502852978),(-17.722155317339066, -0.038691274395058706, 5.280964346972092),(-18.484103925095933, -7.33392191698516, 5.204138181775963),(-20.63597770982233, -8.862866449107273, 12.337697516293748),(-17.5, -0.5, 28.5),true
128:(-18.25, -9.25, 8.75),(-14.179366563170245, -7.364216537446315, 8.312683820002729),(9.937158154874316, -15.074355712242948, 4.6476756731896245),(9.25, -12.75, 22.25),true
129:(17.25, -12.25, 10.75),(16.58509859861796, -11.879973062234525, 10.702618333205148),(11.384456463603641, -12.734508635344651, 3.5557470718807247),(11.408884250167894, -11.768241079481538, 0.7157241329364119),(12.319021064607746, -9.548980671172451, -1.0860900137260754),(24.147042029261243, 5.83317916411362, 1.0380418946692602),(27.27495629506678, 9.82837380753532, 0.574632884595533),(27.5, 10.256970503137545, 7.261132323515649),(27.25, 3.75, 12.25),false
130:(12.5, 17.5, 21.5),(13.24902498112127, 16.88821364716666, 12.780891878726914),(9.659563108342637, 12.585105099759797, 8.585773251905675),(3.550665636582254, 10.59396808178023, 5.8078702559119275),(-4.773449331735739, 13.35254434204397, 4.732831270615005),(-8.525755067400583, 25.554874647188583, 10.429228427632289),(-20.75, 26.25, 6.75),true
131:(9.5, -18.5, 21.5),(15.301610984334635, -22.338370443929914, 21.40670597540251),(14.687232587861162, -10.676058308488063, 21.73652722470118),(25.5, -6.5, 18.5),false
132:(-4.75, 24.75, 10.75),(-4.0050768538518495, 24.282282369331174, 10.389380563150954),(7.2253614356352625, 13.267652407482558, 6.75297946537456),(14.25, 12.25, 12.25),true
133:(-10.75, 17.25, 11.25),(-10.409702386168753, 17.320788584730593, 10.312350539757741),(-9.632255984793137, 17.423214399520088, 9.691797523930076),(-7.912461458926121, 16.06303509278325, 7.644306610074111),(-3.5287681417395325, 15.46900189860727, 6.847667424503461),(0.05408769922396672, 4.118708872377239, 6.481916184258905),(12.797119717182406, 2.1024128176056576, 9.118044075034646),(10.40592689005544, -11.224519874373778, 4.92924864552734),(14.25, -13.25, 8.25),true
134:(19.25, -19.75, 14.75),(19.43463985616575, -18.774940784533705, 14.873157012992941),(19.70623445551489, -14.875354977985793, 9.974773512386648),(19.530544257610636, -0.8282690808878307, 4.828629826018924),(19.65551461785756, 2.127766308139165, -3.4953101364604295),(18.685947157863133, 12.65935570715293, -7.603436901300478),(18.317183031025184, 24.74177698041077, -9.204380372232409),(15.773201726888178, 18.78201182208081, 12.83225556496383),(17.25, 18.75, 15.25),false
135:(-11.75, -25.25, 23.75),(-11.066650847844013, -24.77202732510259, 23.435581508947696),(-9.642546431680854, -24.047590135123382, 22.815410761269334),(-9.081633940588446, -23.885076576399864, 22.003643232621183),(26.5, -27.5, 26.5),true
136:(-20.5, -16.5, 8.5),(-19.341087157883933, -16.06674164987928, 7.738051951818458),(-11.890302128378563, -5.192350337576675, 7.095129100186012),(-11.94069914502975, -4.718954808746085, 6.942299737837458),(-4.556453742322734, 6.146054748938107, 5.115230310962037),(-11.850860456566004, 7.592025969632145, 3.268360646913968),(-14.5, 4.5, 8.5),true
137:(-5.75, -24.25, 14.75),(-5.4693745132494245, -24.098589981254445, 14.364871005493649),(-6.300574560514283, -18.982629998957474, 12.601261659215323),(3.3279278407678303, -20.858850708646283, 6.255776282254783),(9.389427227273714, -19.189895491142085, 9.333569918831856),(18.5499762022432, -16.64647563523462, 5.0402305750031475),(18.25, -17.75, 5.75),true
138:(12.75, -16.25, 8.25),(12.436091286876316, -15.998804994004708, 7.9527418818803115),(9.41232835780568, -15.612378198016353, 11.54646062453797),(10.5, -20.5, 22.5),false
139:(11.25, 21.75, 21.25),(12.811603031434915, 19.503294342392728, 19.387208906301527),(27.47777956989531, 25.158355079962867, 15.644304412676489),(13.069897580185879, 6.48489308608011, 9.847759267012144),(25.5, 6.5, 7.5),true
140:(17.25, 18.75, 19.75),(16.27406786943826, 18.832588566199657, 19.95183063511346),(13.289262522591553, 19.0458307647933, 14.816470206162181),(14.481349621002302, 16.115744038510655, 10.397159370322257),(9.613211054756135, 2.9100748501455733, 8.897852715115178),(3.2281963648639085, -8.467763389827702, 6.794689467695473),(9.850484089773555, -5.839460554165149, 24.169151534974507),(10.5, -3.5, 22.5),true
141:(9.25, -22.75, 19.75),(8.970632582043596, -22.3588290445462, 19.61238049050468),(11.845110717107195, -21.511307413551656, 20.60500938137151),(17.13821450525128, -22.869868588566693, 23.361347823241932),(27.25, -23.75, 14.25),true
142:(-0.25, 15.75, 15.25),(-0.20266091719730767, 15.40858534556416, 14.88779143442506),(-0.9116677838921443, 13.107029779749794, 8.409612839145266),(8.056122192214517, 2.1146980344573447, 4.161465787735479),(8.541546614925021, -4.477268601038375, 6.465883069034033),(4.25, -15.75, 10.25),true
143:(-3.0, 25.0, 7.0),(-2.7324023804626014, 23.504125494131845, 6.208803967736834),(14.603212773824882, 16.244513725538404, 8.609793216969358),(11.428678574684085, 3.4692476040538827, 11.058690444756891),(19.05551439819742, -0.6167674614009195, 11.377204439249041),(17.25, -0.75, 12.25),true
144:(-3.75, -23.25, 14.75),(-4.420040195369851, -22.818876204471824, 14.14570006659101),(-4.436848732649437, -21.908123821310635, 13.733089390964777),(-4.78732443193495, -21.69684646567079, 12.048713526037231),(1.3295954419062685, -9.861808738343274, 6.630874501018283),(8.304883822083164, 0.4208891928068086, 6.780368645532032),(-13.28872124664827, 6.275202053273864, 5.007942922415636),(-16.5, 10.5, 6.5),false
145:(-1.75, 26.25, 7.25),(-2.008718960825316, 22.2962516463592, 5.487714975965914),(-5.001590210814864, 3.2461219522452067, 8.073296900893556),(-6.448736070839511, -16.13964360726603, 5.990999259244153),(-7.941066481410494, -19.49836325750276, 14.617728464531332),(-7.7556348080253645, -17.367983367745047, 21.28309391736447),(-1.75, -9.25, 23.75),true
146:(-14.75, -23.25, 18.75),(-14.724946577385406, -23.578897392065695, 18.374235670256372),(-8.991255333892271, -16.323264920714745, 10.65532317403567),(-9.032583211332893, -15.821712927050385, 6.23096416974929),(-4.033909698284251, -10.824702804548945, 6.2253359588111135),(-6.421134465878309, 5.511183022102157, 8.878048566808436),(-12.815665340753144, 4.386256572173231, 9.544770213151146),(-18.311458716238498, 10.855125982338848, 6.4832557271207145),(-23.648123570858647, 14.422100780857157, 10.5680481963492),(-23.893631283771654, 16.16312131363291, 15.628908660554888),(-26.0, 10.0, 26.0),true
147:(3.25, -15.25, 13.25),(3.6482650935826713, -14.896476772026501, 12.609696550644319),(4.096738096510498, -13.819867050311608, 10.117178632388654),(20.726806192519383, -16.182352027600967, 9.481179574511335),(26.5, -11.5, 12.5),true
148:(-20.75, 11.75, 19.75),(-20.254464954382545, 11.809219821730938, 19.780627296306793),(-19.115702993315104, 7.051651558624065, 25.17065230306719),(-20.532879415997524, 8.15500650920206, 15.35969458113017),(-17.23708606462967, 7.702009329331558, 10.410622250207943),(-17.56042155630967, 9.412410380829936, 7.967267506652825),(-6.25, 26.25, 9.25),true
149:(-12.25, -20.75, 11.75),(-12.53417952025017, -18.98563750997774, 9.877653634118984),(5.042564737580296, -19.425496192727234, 12.027543041185787),(2.25, -23.25, 19.75),true
150:(27.25, 1.25, 5.75),(25.704007329534807, 0.3821811892330872, 5.233852007006638),(21.33439626226485, -0.4736612723534806, 4.1630582570746295),(17.51949101316034, -0.24037640741302163, 4.7728189545701865),(14.75, 11.75, 9.25),true
151:(5.75, -16.75, 11.25),(5.710426057502161, -16.080013669214324, 10.680562932653439),(5.378719890523699, -15.10176618495834, 9.918333664881331),(13.72403386009843, -1.0280917724522896, 4.781762777363171),(23.75, 2.75, 6.75),true
152:(14.75, -1.75, 12.25),(14.1277480571084, -1.9594650289573234, 11.65791900188311),(13.152697963663446, -1.7660802096038148, 9.56051153745431),(0.5, -12.5, 14.5),true
153:(-15.25, 9.75, 9.25),(-14.783536320543808, 9.72451410840232, 9.42821926124205),(-14.658106018094387, 8.72231681813067, 8.60497385103535),(-6.437195512055003, 5.58253925003035, 6.094930720691989),(8.00748242223773, 1.1984722134560055, 6.7480193698202156),(8.835852828717625, -5.595515863592393, 5.27984755474116),(3.5, -9.5, 11.5),false
154:(-17.25, -2.25, 21.75),(-10.690543753885278, -6.144336685347461, 9.10004579866085),(-3.8067882263857777, -7.7826372912666475, 9.060720501060729),(5.221417588354778, -11.820406787739397, 8.228928244712721),(10.80699097093257, -20.17416679618416, 9.816344237305938),(14.75, -21.75, 21.75),false
155:(-10.5, -11.5, 25.5),(-7.443940079435597, -10.75857344987123, 21.44604476205203),(-1.551345402902035, -12.90350382216279, 16.184164284610954),(-2.535693417017562, -13.756238187067703, 6.76441030239693),(1.1792413454954391, -19.25756291041705, 8.985825616681424),(2.25, -19.75, 16.25),true
156:(3.25, 18.25, 19.25),(2.177625222001892, 18.83642994931408, 9.757007954760367),(-1.9171243073573336, 10.10323835212801, 6.254863581689117),(2.9161229432592264, 0.882326808953426, 6.241627357396775),(2.1522870591248675, -5.230888446706432, 2.9182023198675306),(13.75, -7.75, 11.25),true
157:(23.5, -11.5, 18.5),(23.509095653806597, -10.014150875973515, 18.590676297845796),(21.817776254177502, -8.118259055984264, 17.679344914344526),(17.025873926605655, -8.709989596680678, 14.587430722223324),(19.213760791645903, 0.5469640785588119, 7.481920967103929),(18.75, 2.75, 9.25),true
158:(-8.75, 4.25, 14.75),(-6.8384907937373365, 3.4589876790437146, 12.102785669652832),(8.504826192619838, 2.5760111795003047, 4.412073494097197),(20.090118270659545, -1.5373479266373271, 5.990880363495276),(23.08666777081074, -6.687865842335437, 9.664142713670717),(24.25, -8.25, 20.75),true
159:(3.75, -26.25, 22.75),(3.8380781742516703, -24.37103949298563, 21.670546361220257),(-2.1980254884021946, -18.50977999034558, 3.7313504776028),(-4.779456210980902, -22.725073781790506, 9.76108969488591),(-15.473316042510607, -6.343240643380713, 6.564215965082787),(-17.25, -8.25, 8.25),true
160:(4.25, 1.25, 23.25),(4.302552490182584, 0.09488483902418055, 10.739496367665357),(7.1268141941331296, -5.79210199874551, 8.357828233732477),(11.553206990209773, -11.276547399196138, 10.4396595385691),(10.815331590755488, -13.761312954847682, 11.950116432468379),(1.25, -17.25, 10.75),true
161:(-8.75, 16.25, 11.75),(-8.128937906633972, 15.850351693056847, 11.075787046296737),(-5.816029623289087, 10.022334910877742, 1.979897911952061),(-4.416581479272765, 10.050184893729073, -0.6735468812675849),(3.646491222204606, 15.7085849656773, -0.6591559292020236),(15.086460526763704, 21.95045895138669, 1.2926855317975645),(17.036999288684733, 22.047266388028476, 3.934190047777614),(25.90867376795182, 14.694098129151474, 21.793669010901308),(22.5, 8.5, 25.5),false
162:(22.5, -1.5, 28.5),(16.455699308357485, 1.5023163995559319, 19.215605018270654),(15.4191487148086, 2.201780180624707, 16.48864457008179),(13.326420135777603, 1.4445374481018098, 14.476911352543201),(7.0772789886131795, 3.561629024097326, 8.540027823389975),(0.6752119095294598, 17.2636658837227, 7.7150348146994645),(-4.5, 21.5, 12.5),false
163:(3.75, 26.25, 10.25),(2.042873193718765, 21.50636550798664, 8.484495355531042),(1.4939472381945211, 1.5203353420110726, 3.559606558118211),(4.5, 2.5, 15.5),true
164:(-22.75, -9.25, 14.25),(-21.97784139023169, -9.156072286751275, 13.81440339674142),(-21.289888313923026, -7.2158901620829745, 12.267594502232265),(-20.596722895274674, 5.1304625884404995, 11.979601605901813),(-18.75, 4.75, 10.75),false
165:(27.25, -8.75, 15.25),(21.699695075317948, -7.273149778264652, 9.226502654383662),(18.911635601416663, -6.3097008429394705, 7.63480738683392),(6.092975453772238, -10.448265257817189, 6.962997477933778),(2.75, -22.75, 7.25),true
166:(6.25, -25.75, 17.25),(3.901051706195966, -14.13291303023512, 8.704488355953888),(26.5, -7.5, 9.5),true
167:(27.25, -23.75, 22.25),(25.350657044718726, -22.283324809892267, 21.24841949425236),(10.385878774497519, -10.560409958850942, 5.054537308274232),(1.75, -18.25, 9.25),true
168:(24.75, 11.25, 18.75),(24.779607088176054, 11.388502363591948, 18.27047886844355),(19.183297402806154, 11.344672435021556, 17.59814089941055),(16.038326982667584, 4.626486505634878, 8.89376154714918),(13.699175656486545, -4.088500804928785, 6.909779055702417),(24.373554202686705, -20.429249099499298, 4.196423929913919),(20.25, -16.75, 12.75),true
169:(15.5, 22.5, 21.5),(14.947539630266002, 21.64247493244896, 20.88201942960988),(13.692440041417337, 18.934838187906895, 18.99166537626435),(13.38274909778481, 18.099163302406353, 17.383817638077048),(12.75, 20.75, 7.25),true
170:(-3.25, -20.75, 10.75),(-3.6037370165779983, -19.874290167136415, 10.961655616076),(4.1016487760653515, -22.693833670517005, 8.359325666100364),(4.662565757909105, -22.932694426188743, 9.15199058829588),(15.166493702434039, -18.295210003450123, 8.913567261274448),(18.212419822203522, -16.83020888507111, 15.043502480838702),(14.25, -17.75, 22.75),true
171:(-3.25, 24.75, 16.25),(-2.869695915489904, 24.531827563867296, 15.351239970060496),(1.162803199122732, 17.01601569129805, 5.2945397819722775),(-4.433934781620018, 6.181013198677947, 6.1964228514487685),(-11.355180244877173, 5.4291000949877475, 6.925112031992316),(-15.75, 7.75, 10.75),true
172:(17.75, 11.25, 18.75),(17.99770150028821, 10.484345630541567, 18.156352500818727),(16.29209017077697, 8.201553124864072, 15.43652054302188),(16.158678926458922, 2.643780492457084, 11.045189427500237),(19.704887429699703, -0.5880560655322915, 7.5269428233493345),(9.86995794641108, -12.661477390232992, 6.573600687876177),(8.977389801834438, -16.422008997952044, 14.437492456360026),(8.25, -13.75, 22.75),false
173:(7.75, -6.25, 23.75),(6.944029809908005, -6.302461939126123, 20.80746459378519),(-0.6235682318606406, -5.644048748532693, 5.547118504390369),(-1.8372660911944267, -8.370635385291008, 5.242712823596516),(-9.29490740766378, -11.555477687767576, 6.335987680922149),(-13.67714649857994, -13.957013093059867, 11.237886113894204),(-16.25, -11.75, 11.75),true
174:(-17.25, 9.75, 21.75),(-16.81306781633866, 9.536873349245454, 21.633092782006056),(-14.885258282441404, 7.3618637135049605, 19.12292793492078),(-13.573905240879986, 6.054421014474, 17.27138092692151),(-11.941994467179446, 5.993380585049, 14.053846419410618),(-6.907064417952316, 0.37692946312387354, 3.286103723207637),(-3.624802526673335, -5.1021045069115445, 15.930157766635174),(4.5, -3.5, 25.5),true
175:(13.5, -11.5, 16.5),(12.525174421148884, -10.872991669455606, 15.095065998292123),(12.94606826853269, -7.1671864085664545, 8.630911106381149),(5.957144001204465, -0.6505954367039601, 7.40391855354631),(22.09006914030001, 1.6075561563884895, 5.295400551160804),(26.5, 6.5, 9.5),false
176:(-25.75, -0.25, 11.25),(-25.742427054628248, 0.09085682811949058, 10.884268851172454),(-20.267321858426357, 5.304916640406356, 10.891968732868675),(-15.457377373265228, 8.801692533084573, 10.833458947605243),(-13.552666884739084, 7.422794093357995, 13.56382952022094),(-12.25, 7.75, 22.75),true
177:(27.25, -21.75, 10.25),(27.059940267438062, -21.556342429117638, 9.830030901972028),(21.25, 2.25, 7.75),true
178:(-8.25, -24.75, 10.75),(-8.336086066617007, -24.334606872314843, 10.485353559241096),(-4.164563515151886, -15.479809836519697, 8.457021830419105),(-8.5, -8.5, 5.5),true
179:(-8.25, 14.25, 8.75),(-6.67454909471909, 8.496636545309542, 4.690032769440809),(-7.736455616766506, 4.283254152218141, 17.72739401116217),(-6.00265464609497, 5.561619834705491, 22.557429020232465),(-3.25, 2.25, 22.75),true
180:(-18.25, -19.75, 19.75),(-18.034916205518186, -18.804246210861976, 19.99349277542131),(-17.87357881971342, -18.09076329083414, 19.311647946468096),(-16.29686346875714, -13.103819863691225, 13.438131174764955),(-16.07586498771663, -9.392579742919407, 7.5070388270307395),(-22.75, -2.25, 5.25),false
181:(-23.25, 7.25, 5.25),(-23.311349389234067, 6.836760130705199, 5.524716331632872),(-22.3106058923255, -5.08252552056943, 8.099632626108288),(-16.991233053996407, -5.487910889475291, 21.302219612103514),(-11.5, -12.5, 28.5),true
182:(11.75, -20.75, 21.75),(8.2754391906309, -15.426992494576501, 16.978286033139373),(8.174578610729988, -5.834989742608098, 7.943739566927729),(4.413812843845312, 5.233708586479552, 5.99530797056808),(0.1568005138644848, 10.460916984921418, 7.880550231300117),(-1.5, 9.5, 14.5),false
183:(22.0, -22.0, 22.0),(21.50675979499293, -21.944088318149735, 21.94010021705165),(10.755430847801042, -23.86602117475698, 24.47644103788297),(0.25, -19.25, 24.25),true
184:(27.25, 8.25, 20.75),(25.07105549222125, 10.124109435314335, 15.16578845372806),(15.296130359390599, 18.354859067764544, 5.496291242065811),(9.75, 26.25, 6.75),true
185:(18.25, -0.25, 22.25),(17.72115741691407, -0.13971795466341255, 20.11879391428716),(16.394718271757238, -0.0798986639389275, 16.445226900671123),(15.660379294327775, -1.8758344661177233, 14.157135805307949),(15.931664387329201, -8.310769618350745, 6.248518174527672),(15.842279099033316, -8.89800189067745, 5.444050320244932),(15.853822602896324, -10.211739298772164, 1.0564884870515465),(22.107468528478442, -25.8521879350543, -1.1824442107185558),(18.534143864659857, -22.90165546992506, 10.822228228387692),(27.25, -19.25, 13.25),false
186:(-21.5, -14.5, 7.5),(-20.069563182126217, -13.371582236960656, 6.997320773587196),(3.8923512749777247, -14.225874527745725, 6.962107144474945),(3.5, -5.5, 11.5),true
187:(-0.25, 5.25, 13.75),(-0.5408860992094814, 4.843926373264179, 13.772124352110497),(-0.16165951443830384, 4.656859204423101, 12.196563320611387),(7.75506013856013, -4.522542406884507, 8.671531924584913),(9.53328002922535, -3.8369963341974525, 8.953256276711162),(6.013326855168819, -11.985222797682432, 17.704892601425303),(5.75, -6.25, 22.75),false
188:(-16.75, -18.75, 10.25),(-16.15420639091208, -18.25764354507402, 9.825738619760148),(-15.169333881693321, -17.38012990761429, 8.59610695557615),(5.108836301393292, -2.640544706600931, 7.290217541247023),(5.682276504241932, -1.338533731053701, 8.501511177889107),(0.22182349666295043, 4.616672611935065, 23.757752238225564),(-0.25, 5.25, 21.75),false
189:(18.75, -16.75, 14.25),(16.35775443410359, -15.47226591058425, 13.004903993878091),(13.676040781629093, -12.038524355758797, 9.616490996163792),(1.7628030379157718, -11.586254406651022, 10.675525682443567),(-4.901911296077099, -15.378873397142515, 9.429542829681367),(-11.718096727921326, -16.316230630196067, 8.140753639644176),(-12.25, -16.75, 7.75),true
190:(-15.75, 12.75, 21.75),(-14.766415002298423, 12.571895155525121, 21.77896923663072),(-12.689826831402101, 15.3318843885375, 21.84403637309112),(-8.32906102429255, 8.604747214387153, 21.078347465918707),(-5.545964160996544, 4.785895583863521, 15.863122623202134),(-0.12227337582565712, -0.8319755347274445, 9.038954772687617),(14.458387886059812, -2.0862640457843207, 9.423965170512597),(18.558418897601435, -7.489384057395888, 16.386417575401293),(17.16403908020797, -5.097525312644395, 22.815625665827483),(12.5, -10.5, 28.5),true
191:(-25.75, 6.25, 14.25),(-25.304011736617404, 6.276381391282617, 14.025503917363867),(-23.561638155424536, 5.928964301148475, 13.219050951045718),(-22.423362770700827, 4.823192108732271, 12.746145526478728),(-19.78035640448293, -4.179561263795865, 7.662208086294252),(-14.016762359846826, -3.5407674948247707, 3.8870509064345384),(-11.58879285213719, -4.658208937329434, 2.524594047592641),(-12.50006765596218, -5.195428915055487, -0.28271301210812183),(-25.01171747493956, -20.986504061591305, -5.677238506125513),(-21.417537840597088, -18.45111103237695, 17.807559839866638),(-27.5, -17.5, 28.5),false
192:(-4.75, 14.25, 18.75),(-5.422150844147298, 14.401420787603007, 18.407139396952584),(-8.83835242528029, 13.555069651994582, 15.591130718089758),(-7.97439171640538, 13.113788784072918, 12.549739001506868),(-2.1052910088728103, 1.4237914128318474, 4.2816929090111575),(-3.2892485916915675, -1.2491673127486398, 3.608242024811646),(-5.53918814386496, -22.198599866676, 10.890333052923285),(-5.75, -21.75, 21.75),false
193:(27.25, -18.75, 21.75),(23.421526221430426, -13.729714491356582, 13.285736016280735),(19.51133047287007, -14.352178430043887, 9.308123396764696),(12.355956767508092, -15.05494168592758, 7.615587666352884),(-6.25, -20.25, 6.75),true
194:(-13.75, -25.75, 17.25),(-14.031355001480257, -25.750857021768383, 16.83667370195482),(-15.005979307478608, -26.09780865512569, 10.019027491000038),(-15.331392101404935, -23.67000486406983, 8.28701269150095),(1.4774346038602681, -17.827273917414814, 9.350383642010886),(9.318021990419872, -13.674854835841279, 8.16190343464619),(10.82647901123644, -17.32233997432867, 13.942942232376474),(8.5, -12.5, 23.5),true
195:(23.25, 9.25, 16.25),(23.24070338574259, 10.236068005030022, 16.416082697531863),(22.296098497739617, 10.560253459461416, 16.467321322571923),(20.627176707351225, 11.007321402363454, 14.127955675264195),(12.832256205648328, 4.56779512982571, 7.966737986555222),(6.879685454665623, -8.61832325943956, 7.80686769558627),(5.409517473951489, -16.983137408274068, 10.157603351358196),(0.25, -21.75, 8.75),true
196:(16.5, -11.5, 21.5),(18.460813479019734, -8.906920351615776, 20.144637832913205),(14.732706246788844, -2.3121387704680556, 11.673900857705167),(16.24145400689851, -1.881680812444519, 9.065376817141408),(17.25, 16.75, 9.25),false
197:(-9.75, 10.75, 9.75),(-9.279335844123654, 10.9086269653688, 9.692443608251633),(-7.838886890034707, 11.519116666651701, 10.862773511818537),(-1.3702412562278832, 3.126867492869372, 4.413397312607359),(-2.224887319121984, 0.45163708396566316, 3.3585407505779483),(-20.25, -10.75, 10.75),false
198:(10.75, 20.25, 20.75),(10.996654421570199, 20.059846252122597, 20.358843831075045),(11.4322664725547, 19.3004068137067, 19.87563178609311),(13.277252321292082, 18.795698404314468, 16.643914245471432),(13.640995830415385, 16.81638139146663, 11.524495972881498),(16.107465916140306, -4.946453085466479, 7.18572109993186),(14.508541689903806, -6.477612501751109, 4.995325534463271),(10.953101623276005, -15.1370638607505, 13.80989824952704),(16.75, -16.75, 12.25),false
199:(6.75, -24.75, 20.75),(6.319188791928213, -24.03752292882148, 20.216728622340824),(3.4625751258331827, -18.539869310963663, 12.852819313002003),(6.7280486918349, -12.14850528051641, 7.985442800612511),(15.75, -17.25, 8.25),true
Total path: 200, feasible path: 147 (0.735%)
