ID TP TN FP FN acc pre rec
all:    102478 569565 42705 25784 0.9075137873852852 0.7058539911697651 0.7989739751446259
bottom: 50214 194283 14868 15961 0.8880272840196712 0.7715497372545405 0.7588061956932376
top:    42556 295743 24810 7157 0.9136647707323924 0.6317133271976961 0.8560336330537284
=== path ===
0:(-32.75, 28.25, 19.25),(-32.3267216747699, 27.567365754806776, 18.867114411000543),(-16.25, 28.25, 12.25),true,true
1:(-12.25, 26.75, 8.75),(-11.872317241638587, 26.595637551460406, 8.46098794399303),(-6.707716365468189, 23.234508679523344, 7.998978001846345),(-6.75, 17.25, 12.75),false,true
2:(-27.5, 19.5, 6.5),(-27.483871280904964, 20.313024945045374, 7.082005415055842),(-15.555350351393004, 27.905757973627928, 7.5943064184418505),(-10.36252136026604, 27.41562348698725, 12.262742479256735),(-10.25, 25.75, 9.75),true,true
3:(12.5, -3.5, 6.5),(11.425775787863166, -3.246821327098144, 5.138034191918058),(10.933587945583378, 7.309533284998731, 8.936740809501691),(12.005221861437988, 4.13971972981323, 15.437275132490079),(13.156313537247636, 12.846527091268662, 2.656561711168396),(13.181232135972943, 13.307571467494181, 2.8484396582816283),(21.0, 25.0, 5.0),true,true
4:(5.75, 11.75, 13.25),(5.7589575426216415, 13.150660689176119, 9.871602357007335),(0.06270309035453847, 13.62745107781888, 7.336737164054205),(-6.287517737988156, 10.754320278965412, 6.515990276113825),(-26.0, 26.0, 14.0),true,true
5:(-20.25, 19.75, 16.25),(-17.854279011216637, 19.31370948317561, 14.811995039394033),(-11.916688564510084, 7.18269114131218, 12.801435575016278),(-12.666510945999184, -4.897668849266928, 10.132996285143282),(-18.034860274859845, -9.377516020761067, 9.7986389861692),(-25.25, -15.75, 9.75),true,true
6:(10.75, 21.25, 9.25),(10.549162888751226, 20.887087039319518, 8.970789259312301),(5.013157037155504, 12.27159291790756, 4.940029926560863),(-13.837350209859213, 15.712120218149286, 12.127304713797944),(-20.138111038251804, 19.635951864435533, 10.952145304581656),(-19.25, 28.25, 12.25),false,true
7:(-11.75, 5.25, 13.75),(-11.91711688128358, 4.9874099845577655, 13.358696496591078),(-12.44338224674633, 13.029010535175168, 7.4593893667447),(-10.642237332269971, 14.392734609782595, 9.433251987443535),(-18.989602139922503, 18.35242344221346, 9.194044748223932),(-21.25, 28.25, 15.75),false,true
8:(-25.75, 8.25, 9.25),(-25.940799727186796, 8.385406143249346, 8.808116938007599),(-25.66276934297984, 10.390051017303874, 7.97981220880869),(-26.721299859314172, 7.003687760103715, 11.800153404009448),(-22.992057273282644, 7.2559532142196, 8.613114685499438),(-16.69488323966712, 8.906165787548314, 11.186516646559202),(-12.940574689047711, 13.751429916996484, 14.56713535067667),(-15.25, 18.25, 13.75),true,true
9:(3.5, -20.5, 14.5),(9.064597709352268, -25.240572606736286, 13.911165067427905),(11.107576137258945, -21.540974744493877, -10.401807729378184),(-10.72335029607584, -13.28629854731099, -9.01496111713783),(-30.5, -26.5, 12.5),true,true
10:(2.25, 23.25, 7.75),(1.8187065079825178, 23.22465574121998, 7.498318470502388),(2.021269943399282, 22.896935705373863, 7.179621698103956),(0.4244550890290295, 19.517563910238632, 6.238892830595987),(-4.512106151723166, 24.655936815478263, 10.11981528609845),(-7.75, 24.25, 8.75),true,true
11:(-27.5, -26.5, 10.5),(-19.27587987765985, -19.35803238344727, 8.408185842984455),(-16.75, -21.75, 10.75),true,true
12:(18.75, 14.75, 10.25),(18.654697918762043, 15.148361021139703, 10.536750780553858),(20.041099646484426, 17.346574397108903, 9.038168716375024),(12.540788946085307, 18.77355240745768, 11.812898778999463),(-1.6780130550885337, 5.726183236208516, 7.998499423950252),(-9.156272035934599, -1.2049554823991835, 10.686625545732335),(-13.605722900559453, 8.538998147332116, 8.3273577865576),(-16.293748536491186, 3.399880037344163, 7.970886355634911),(-16.807727098878264, 0.47738717122456853, 7.529455177661958),(-21.007989270000785, -4.007058240491316, 11.726848567954596),(-26.03488795869471, -10.389561761917598, 14.004317276498481),(-13.83150544095649, -14.240373055417226, 10.018888872742556),(-4.75, -14.25, 15.25),false,true
13:(-11.75, -17.75, 15.25),(-11.506926532982705, -17.324441946463253, 15.34907387497321),(-10.409145637126036, -15.789112596444436, 13.075989553985334),(-2.5996831541830936, 1.14342687457345, 8.112388166344507),(-2.2536751956296435, 1.2493783827020144, 7.767347921528113),(-1.0836360158218483, 5.744477194226402, 8.827174504254213),(-3.5, 6.5, 11.5),false,true
14:(-24.75, -6.25, 16.25),(-24.757163182907256, -5.821979107915533, 15.991645970130415),(-24.5788062147894, -5.982201310711341, 15.020812494371022),(-24.04408036694018, -6.330548336341757, 14.25092768650924),(-21.797257336975935, -6.153141058855991, 11.571540182181861),(-21.268463569046293, -1.3856688613215358, 11.39914129031471),(-2.758560573243336, 3.774531910947947, 7.102565420059239),(-0.5, 0.5, 6.5),false,true
15:(19.75, -3.25, 15.25),(19.256654183958794, -3.185648990823142, 15.29968755792506),(18.45616952744033, 1.029983735373824, 15.15598723927729),(11.867367172124503, 5.950592750568237, 10.205883031950801),(1.313931012711293, -3.2655268378982547, 5.676314542189081),(-5.1504208952572625, -1.4047560444934737, 7.612725259045151),(-8.575963741012595, -7.342319796334122, 9.030820074183568),(-2.579228269050768, -15.261338019500695, 8.364190090959557),(-5.5, -19.5, 17.5),false,true
16:(-18.5, 7.5, 17.5),(-17.63354024131116, 7.415980544864998, 17.564984259548815),(-17.090816335054686, 6.487826662842959, 15.309351290964493),(-9.171554737153736, 8.321969457975715, 7.370553392632182),(-5.716255269388966, 14.596818153322204, 7.625197829062731),(-10.5, 20.5, 8.5),false,true
17:(7.25, 14.75, 10.75),(3.192050041134612, 13.32033019174951, 7.405996814604732),(-15.686778680987091, 15.514808922808124, 10.363117818915844),(-19.25917393017004, 19.81148293092265, 13.214109651388446),(-22.446207043221627, 26.34222841477525, 8.366793272912393),(-15.75, 28.25, 10.25),false,true
18:(-24.25, 5.25, 16.75),(-23.787888193493327, 5.321166099628782, 16.572833229552593),(-22.984430091896275, 5.20910777830141, 16.06132228247467),(-15.188886883680599, 18.061421301352976, 10.417484334302477),(-11.005120451777369, 20.12485850203558, 7.556445288091769),(-9.117343298057325, 23.296718405854712, 10.827054603232954),(-13.5, 26.5, 13.5),false,true
19:(-17.25, 7.25, 6.25),(-16.794442440455338, 7.455639959741798, 6.236601608338923),(-16.518550226325722, 7.681335762213223, 5.885966625872202),(-25.75, 28.25, 5.25),true,true
20:(17.25, 28.25, 12.25),(16.487720197672306, 27.25923148499456, 11.841028019433354),(13.312699922359934, 8.982722350090409, 7.472678556159446),(9.82473483022941, -4.9317464820125085, 18.074805372313342),(14.971761152175562, -12.958984728185449, 16.20439214334983),(18.25, -9.75, 8.25),true,true
21:(-31.75, -9.25, 13.75),(-31.755759627398053, -9.459642800430307, 13.296109349159984),(-31.379749427764583, -9.76219796338017, 13.16543148896944),(-31.240427996489228, -11.455214752919918, 8.605985609594805),(-29.79688092987963, -14.728172246397028, -0.652312165194972),(-26.83941195283123, -16.322209985400836, -1.2249330065881572),(-1.106343553015111, -16.314561875871885, -4.651478691222567),(19.379780722285034, -18.80859525619423, -3.4680758179903917),(16.855582264169342, -17.347982112261843, 3.1640262530258005),(2.2498661647806086, -16.489950193604002, 21.05056604992947),(3.5, -20.5, 15.5),true,true
22:(-12.25, -24.25, 19.25),(-11.797967632819189, -24.285747488391134, 19.039313369919594),(-10.825297070942296, -24.364681258812393, 19.257674167557756),(-5.86534416740664, -20.702680721380595, 16.326088522222168),(-3.2199816696218457, -15.536332945821549, 12.41317299575218),(-4.70128542238987, -12.972255996423565, 12.894056130828982),(-8.998446141916702, -16.443743422783264, 9.479507718878281),(-15.25, -16.25, 13.75),true,true
23:(-33.25, 10.75, 12.25),(-32.20864663241326, 13.373495651093311, 5.259074664195083),(-29.985191552252573, 8.261748002762456, 3.443962218459467),(-26.405056442959634, -14.261511145868692, 2.1988650422324234),(-33.25, -14.25, 10.75),true,true
24:(20.75, 9.25, 18.75),(20.757943414860677, 9.153471950968417, 18.2594704515419),(20.918516277954293, 11.103772450972063, 15.985587359709022),(13.351177060520685, 25.937343455737206, 13.028868583287704),(6.75, 28.25, 16.25),false,true
25:(-28.25, 0.25, 6.75),(-28.014789303329483, 0.6587562349776788, 6.916115226691121),(-27.804490519364908, -1.3347006590029178, 7.310370562885185),(-24.353031078842385, -2.756702048350732, 7.832843249515517),(-23.458710927108335, -2.7507289257561407, 7.807908535503286),(-15.5, 0.5, 9.5),true,true
26:(-25.25, 13.25, 15.25),(-28.419744693774913, 22.37932933371453, 17.31564609134543),(-22.83884908085183, 23.785732471478042, 14.680149252802817),(-22.5, 23.5, 6.5),true,true
27:(12.75, 10.25, 10.25),(12.834833249886342, 9.757427761015872, 10.263263072641166),(12.270107275751872, 8.542950451708101, 10.063933107227538),(14.578602818280112, 13.749479407352903, 6.08814413188116),(9.591629474443364, 25.69242365870012, 18.317825726747426),(10.75, 19.25, 14.25),false,true
28:(-33.25, 13.25, 18.25),(-25.128974245868672, 6.221125805938261, 15.415862819744202),(-22.599951746703127, 3.5812181071962255, 11.54875231131486),(-21.246232943062196, 1.9097295223563402, 9.457443794759037),(-21.379950979986475, -7.2594271516808195, 15.641540487549829),(-25.878021813003834, -14.897848780030666, 10.454560190496652),(-23.75, -12.75, 10.75),true,true
29:(7.25, -2.25, 6.25),(7.499162783984133, -2.131069175660557, 5.8331386728188654),(7.123853671839805, -1.5469587064822048, 5.113445661780352),(4.87117179329698, 0.6415765344636117, 5.868767816332345),(-0.2822613389260975, -0.10066265151850606, 6.266691109213809),(-2.6456292634996497, 7.522921630603477, 8.015605104335949),(-6.2330743538598945, 12.418322750538639, 11.503482051504202),(-6.25, 23.75, 9.75),false,true
30:(-29.25, 11.25, 7.75),(-29.296021038101955, 10.917214103698122, 7.379681743260512),(-31.19279011291277, 13.934151157907163, 9.645492039600377),(-33.078997706354365, 7.509089827354116, -2.2449320389341114),(-31.839404437126973, 1.0453520675481478, 0.13907775537141331),(-29.30893669982689, -17.30840395409417, 2.422574864044616),(-24.55874860442483, -19.617517535508032, 10.704369199749946),(-15.445648452339414, -21.41000828980915, 7.931095728702758),(-10.748319722191686, -14.660004294787573, 17.492945054246526),(-3.25, -13.75, 18.25),true,true
31:(-20.75, -20.75, 15.75),(-20.782417592518932, -20.573680885212152, 15.283244529270727),(-24.834967345060456, -21.751414363548154, 5.533290426476967),(-10.664569752746122, 6.3250700409361595, 4.527980807494172),(-25.508821913512744, 13.018429114691635, -1.0999489410537475),(-33.25, 0.75, 5.25),true,true
32:(9.25, 22.75, 10.25),(8.915744728749262, 22.387321378565257, 10.332083074962435),(8.55104242602247, 22.380914071429164, 9.9901018228432),(10.254895476207409, 19.905035856621584, 5.501553120496977),(17.5, 17.5, 7.5),false,true
33:(-33.25, -6.75, 6.25),(-32.32758079563814, -6.446370643076516, 5.580804427249449),(-20.1553785532728, 3.0065758216661878, 0.7138102390992904),(-32.5, 24.5, 9.5),true,true
34:(-29.25, -7.25, 9.25),(-29.432552896140788, -7.938713587290311, 9.659818516685236),(-18.821859019113948, -11.508766037716294, 13.805449235103895),(-16.249317620753153, -19.121412220274628, 9.376064048240705),(-7.437089539977245, -10.874267641006943, 9.741633106319544),(-7.75, -11.75, 15.75),false,true
35:(-32.75, 28.25, 7.25),(-29.81353488425318, 25.98177375970027, 6.352261901662825),(-15.24018830159718, 25.008456688851606, 8.727322695516083),(2.5, 27.5, 17.5),true,true
36:(17.25, 8.75, 13.75),(17.163741838467082, 8.25966277847421, 13.703859575691922),(14.076515134342758, 8.345618517267997, 12.841677805102611),(13.192777083962916, 7.958508538687001, 12.578708371909597),(13.77574921947255, 11.236715740786353, 3.988586782114998),(15.146842937553163, 18.22721988952164, 7.25794358203975),(13.25, 28.25, 10.75),false,true
37:(-20.5, -17.5, 13.5),(-20.477811701873353, -16.420691650017158, 12.974637010057561),(-19.217221611734928, -10.734732685629721, 10.799269437906895),(-22.127082988745908, 4.689046570110127, 10.681814394649466),(-30.506319595944042, 8.725991138949361, 19.78151206036531),(-28.75, 4.25, 16.25),false,true
38:(-30.25, 1.25, 6.75),(-30.142186110381697, 0.815893104723907, 6.973444330156582),(-29.703901627119212, 5.690511084888917, 9.520193665880239),(-33.25, 26.75, 10.75),true,true
39:(-11.5, -25.5, 13.5),(-9.727939325764195, -25.003925199016024, 12.26365643975267),(-9.291152629220285, -21.21867511157339, 10.538105080845224),(-11.914131043585671, -19.781804293861455, 10.302761733836899),(-12.617334524541835, -12.839800945639094, 9.204592184246485),(-9.75, -14.25, 13.75),true,true
40:(16.25, 16.75, 6.75),(16.070511195150093, 16.76163365433898, 6.2834719440159335),(14.887904669917448, 16.002731689177867, 5.629335193682696),(10.622606326920334, 6.731888444402005, 6.300582158469935),(2.241605454350079, 7.057673124373803, 5.3235254907319245),(-4.126497153779823, 6.476740543759552, 9.718247553958868),(-0.25, 7.25, 14.25),false,true
41:(-30.25, 6.25, 12.25),(-29.91100796507805, 6.514918922291407, 11.99524057451895),(-29.542429487282234, 6.3902086818802095, 11.68123856554082),(-29.377153499003732, 13.446850764617214, 11.180795768284629),(-32.5, 23.5, 19.5),true,true
42:(-20.5, 7.5, 14.5),(-19.357729022093363, 7.940523113110275, 12.360787717919488),(-14.364362835409677, 6.466819535528693, 8.35201391890075),(-9.432031384673623, 11.392567708672054, 8.097633390011733),(2.443957615945493, 12.90340864486556, 5.6780144596032285),(10.25, 15.25, 8.25),false,true
43:(-12.75, 25.75, 14.75),(-9.278250633078438, 25.291488387096003, 15.177128589513206),(17.25, 28.25, 8.25),true,true
44:(-0.75, -26.75, 14.75),(-0.9327718432725003, -26.750211716030172, 14.284602956086854),(8.32717279090779, -27.0, -0.9814314198704528),(-10.15537707130553, -10.919172882288223, -5.578834333840672),(-33.25, -13.75, 7.25),true,true
45:(-21.75, 10.25, 19.25),(-21.54536229213181, 10.095141082449338, 18.820882155843538),(-21.170157458493204, 9.903170057306689, 18.551868293152584),(-18.45271954738589, 8.671484599810286, 12.752827808771368),(-17.97915555650832, 7.984169123018301, 12.202069620537806),(-14.197119617639252, 14.845347512421927, 12.881821501418251),(-16.33350627651567, 18.017074092066416, 20.92886326977415),(-17.75, 19.75, 15.75),false,true
46:(9.5, 21.5, 11.5),(8.06220183997368, 16.363180549030602, 9.205963681309933),(-6.704337734414797, 1.3817424211085765, 7.087230926013358),(-10.280790868496537, 2.8255175791294187, 12.928848533559986),(-16.719194521937187, 5.306535761582388, 11.749226910453713),(-17.45080954483611, 3.670325550646235, 11.540455101232254),(-15.5, 2.5, 9.5),false,true
47:(11.75, 13.75, 11.25),(11.783280612108346, 13.939269010828728, 10.7884053267231),(11.934814707760127, 13.404303656527697, 9.957231766296296),(11.357306685939971, 13.880295327115714, 9.293969816336707),(8.584815075929594, 13.780354673845588, 7.039984476310155),(7.5350311783389525, 11.266179598928966, 7.021325386545158),(10.617792168137179, -4.08556683332054, 22.201228341039073),(8.160835453225427, -10.551867152500508, 23.273759871215734),(6.5, -15.5, 17.5),false,true
48:(12.5, 10.5, 17.5),(13.187322476911959, 11.689633938459536, 17.763028718677347),(12.953944433977487, 20.852834916504296, 17.617287274507802),(7.75, 28.25, 5.75),true,true
49:(-23.75, -10.75, 17.25),(-15.619037067413396, -7.225311372188939, 11.864881985629475),(-13.755986732242114, -4.681809660408501, 8.844844991657187),(-5.715157968791891, -10.528661731457168, 11.428395319539225),(-5.25, -16.25, 17.25),true,true
50:(18.25, -3.25, 5.25),(18.157927752993725, -3.5398569354813993, 4.85313017463588),(16.255327048102114, -3.316331196265675, 3.6836903334796403),(13.487811360813621, -2.2295183057428547, 3.6735235974246296),(13.02257411242319, 0.35449195562948344, 5.124883398381154),(12.82587526944511, 10.667409094500009, 16.211874287106024),(13.960390971802347, 15.635995120194622, 13.638624742226797),(13.785570446901415, 24.344856888831618, 3.4988791021256063),(8.5, 25.5, 5.5),false,true
51:(-16.25, 26.75, 15.75),(-15.841523532882073, 26.770492724476075, 15.462376941024534),(-16.03871376302728, 26.545313819955282, 15.061864177065509),(-15.425155811029661, 26.459936607421618, 14.276843558788212),(-14.436199549531166, 26.311923846781276, 14.284441948784956),(16.75, 28.25, 16.25),true,true
52:(-10.75, -5.75, 16.25),(-10.689908637852247, -5.9718050176292845, 15.805937434194572),(-10.061346999599321, -6.580226917187586, 15.058071125269052),(-10.90032513650748, -7.600844460887283, 13.038450200730203),(-12.599925727341448, -6.213564384046245, 10.336807197598697),(-19.288690072605867, -9.148760748046259, 9.7518286380834),(-16.5, -14.5, 11.5),false,true
53:(-18.25, -12.75, 13.25),(-17.75825569991435, -12.834776463270334, 13.218369403915716),(-17.51315491419279, -11.766908999901519, 10.38734215245413),(-19.636713580068875, -10.09979691570901, 13.481190525037455),(-22.686988767820075, 5.54143161617184, 8.432395792319745),(-21.942093699272853, 8.802135879669082, 8.46912320393984),(-22.93602850529297, 11.018204424347203, 10.230126840128575),(-26.090137122161572, 13.736431234631414, 15.857101323885132),(-32.5, 24.5, 12.5),false,true
54:(-3.25, -23.75, 8.25),(-2.981993530987383, -23.819298925925512, 8.666377462686153),(-6.009246690679364, -23.616416279582676, 7.080079878959914),(-3.274539721247527, -14.99845890791941, 9.144513543350655),(-11.25, -14.25, 14.75),false,true
55:(11.25, -2.25, 14.75),(11.011358024533049, -1.9766771147773357, 14.405987488659513),(6.509766214377708, -0.7589166711205513, 9.890307838840574),(2.1905538976021552, -0.012290535301048233, 6.234515831419292),(-5.740902148004462, 9.95597811153803, 10.836732328364823),(-8.5, 11.5, 15.5),false,true
56:(19.75, -5.25, 13.75),(19.771866431336548, -4.909908582987314, 13.384131598447055),(19.79855669231438, -4.536089212937457, 13.715110009441585),(19.889816187292404, -3.549322769069409, 13.84913869977453),(18.63968853237895, 1.5149404710980283, 16.160661340079375),(4.582204484478803, 10.589146706173175, 7.480866883926069),(2.5, 9.5, 9.5),false,true
57:(-25.25, 13.75, 14.75),(-22.37627484475297, 11.329632210543448, 12.211512375379476),(-7.251793667686225, 4.281840291483982, 6.783829148005735),(-5.0, 11.0, 7.0),false,true
58:(1.75, -17.25, 17.75),(2.162032326308962, -17.48474328914206, 17.591491481997995),(8.170248159132633, -23.345906082218335, 11.300876459914358),(14.437935472384643, -22.040340999384615, -2.2281740007545294),(-0.027122289770128205, -17.821023712220764, -0.3143084037449846),(-18.578433075297387, -21.003820504462446, 4.225656564912938),(-25.046421526916912, -22.076041552758614, 6.678301548049938),(-24.026579744256093, -12.42070242490694, 10.441746131687278),(-19.5, -8.5, 17.5),true,true
59:(10.5, -7.5, 14.5),(11.097816742791277, -8.335611963754875, 9.527298662561222),(10.458408766650603, -3.6184093195776086, 5.966926850294137),(8.102622889054919, -1.7801128007690474, 5.700583448166255),(1.4740906536475147, 0.9138355698511997, 6.336219078244919),(-6.390704098189115, 1.7124609640942667, 7.5182016208145255),(-2.74810219241712, -2.209551771814963, 10.527851303491143),(-7.1065972635146, -8.291799713318705, 16.050448987966362),(-9.5, -13.5, 17.5),false,true
60:(-33.25, -1.75, 9.75),(-33.00573058188275, -1.9170636926693332, 9.346983655462527),(-32.02570186019034, -2.7144386819193316, 7.969490588302249),(-30.232426396134606, 2.318685500060245, 9.223789979084366),(-23.2041092769617, 7.59249876000885, 7.397657345485685),(-15.498537883501958, 6.990893997990258, 9.080407018448595),(-7.409124006062787, 0.8476456848527278, 9.19573275684922),(-3.147723981108683, -3.9389141759181427, 9.588787623245388),(-6.801546333538612, -9.087104275782757, 13.72707138429164),(-7.5, -15.5, 6.5),false,true
61:(2.25, 12.75, 17.25),(1.8723350930762468, 12.864426198448498, 16.942956251998357),(-0.26925424930290287, 12.678732755378828, 15.239131825304087),(-5.300347242353082, 9.432210608925523, 10.510129826184247),(4.3310380277496305, -1.5772671863953411, 5.810253840607627),(4.398412273934333, -0.774905299204209, 7.58244331078408),(8.79456758213348, 1.7074003460086191, 17.12451788290542),(9.072799099291194, -6.173179353461397, 21.46280878982731),(10.901570606273772, -8.47834864200345, 22.047436300650393),(1.75, -22.75, 15.25),false,true
62:(19.75, 9.75, 5.75),(19.73824148501988, 9.38408949250557, 5.4094544996177),(13.461434951373157, 8.133541125204736, 4.712139113484822),(13.5, 10.5, 15.5),false,true
63:(20.25, 28.25, 5.25),(15.754457190528441, 23.67927145275667, 3.3079376294595697),(5.75, 28.25, 5.25),true,true
64:(19.25, 2.25, 11.75),(19.85093746190768, -4.564937910050875, 21.276988820473488),(19.90283080377565, -7.347899312924875, 22.39611031127927),(21.0, -15.0, 9.0),false,true
65:(-9.75, 21.75, 18.25),(-8.730689680586895, 21.734569247549395, 16.914564962401947),(-2.6225445081678207, 4.268337506131967, 8.257456935070543),(-5.35834222218, -1.734858022262541, 11.00822639829396),(-4.782735918284155, -4.250574290902028, 11.88149251079415),(-7.99751760275677, -11.46157711929063, 16.31640871814076),(-10.057330144321208, -14.32587761139768, 17.68949098132371),(-28.78055754611484, -14.827638262766778, 12.179008970915783),(-19.551342994596695, -8.708036092135064, 11.817613844714284),(-18.5, -14.5, 12.5),true,true
66:(-17.5, 20.5, 8.5),(-16.18048770332981, 17.481569860640832, 9.343260077247988),(-20.60944446783516, 11.02671965425266, 10.64597328376233),(-23.78612480880727, 15.141220457821433, 21.000185693629604),(-26.779047334596484, 15.318740357013649, 21.104595654908668),(-33.25, 24.75, 14.25),true,true
67:(-22.75, 15.25, 15.75),(-23.13552093291581, 15.502643389928181, 15.556234864309081),(-17.59494820094714, 6.928560496156524, 10.572158122133402),(-2.9242374395094513, 9.439281909087661, 6.64235910751528),(0.7157201338165702, 13.205969047855943, 5.4858437443451775),(5.360163301123933, 16.18583578959188, 7.072758874356909),(12.75, 14.25, 6.25),false,true
68:(10.5, -21.5, 13.5),(9.521719777499367, -27.0, 2.105331869250581),(-3.5688308254273298, -19.933741383084566, -6.3561858522584025),(-21.767410510575605, -22.81937924847235, 5.176475508140203),(-26.676785344435572, -23.55565758124172, 11.942369276334958),(-18.75, -19.75, 13.75),true,true
69:(-16.5, 6.5, 9.5),(-4.551966890052505, 3.011211690873165, 9.536649692038411),(-2.285713724926871, 4.460262770106139, 10.864937146368911),(-1.0912485162229881, 6.996105117945327, 10.827970688263063),(6.178475812557627, 11.248021682292379, 4.454469261396711),(10.75, 16.25, 9.25),false,true
70:(-32.5, 8.5, 14.5),(-29.755273172030595, 8.348198949459938, 12.878547859490237),(-23.136237936446967, 7.390603642587893, 8.84145347788992),(-15.69874202339598, 11.362102537675737, 8.744383456418186),(-13.25, 13.25, 16.75),true,true
71:(-10.5, 27.5, 12.5),(-3.4945980197175097, 23.500085495973146, 8.333541000277435),(-1.0737938647014094, 23.12257234827356, 5.491346530968027),(10.304958405891066, 3.18196583634745, 5.925284551998638),(5.5, 4.5, 5.5),false,true
72:(-33.25, -2.75, 19.25),(-20.639589640492495, -10.807555223505924, 16.626568821284543),(-12.76038494220181, -4.083430879835378, 8.054016804921426),(-13.214642367228917, 6.368987694030221, 8.354034509303686),(-17.5, 10.5, 9.5),false,true
73:(-17.25, 21.25, 9.75),(-16.800252709616142, 21.05945194389459, 9.643141153352525),(-12.288261320524388, 13.096341636293886, 7.550742146687692),(-2.640309447253383, 21.364290686183985, 16.262001016533404),(-2.5, 19.5, 14.5),true,true
74:(-15.5, -10.5, 8.5),(-14.587473119955087, -3.817443184375526, 8.327317348316457),(-16.01745388024811, -1.77707173323906, 9.998257014067157),(-14.75, 21.75, 9.25),true,true
75:(-31.25, 28.25, 16.25),(-25.34298938215488, 22.227622732466926, 11.10395833500174),(-17.392265542454126, 18.204018947527977, 9.654865557973723),(-15.229929464965856, 16.74866792285728, 8.169518432557382),(-20.99582039669334, 8.787745738679465, 10.408843629926428),(-26.7262053369853, 5.811255239653756, 11.829302464135848),(-29.75, 4.75, 16.75),false,true
76:(10.25, 18.75, 7.25),(9.281029089860413, 18.280412053561662, 5.991987036124377),(0.7483741023210069, 20.238261443893975, 6.214364365201664),(-4.639954113037808, 22.402390157537102, 8.687010494872254),(-2.5, 27.5, 7.5),true,true
77:(-7.75, 16.25, 15.75),(-7.78404475676346, 13.449192698368115, 11.86086476583965),(-7.223447534299972, 5.813130333753981, 6.770108437345276),(-4.932149392886589, -3.299884827345621, 8.350230079377708),(-3.675305415997125, -5.682662805285279, 6.599476724273526),(-2.120000599748786, -12.347904685905181, 8.067665268495688),(-3.25, -13.75, 13.25),false,true
78:(-29.75, 12.25, 7.75),(-29.400473899041792, 11.900278153573586, 7.824337977380682),(-28.589738623502775, 10.757518963839225, 8.52413253329702),(-27.400979749029148, 11.56656364407255, 12.529617895964122),(-18.47529582157764, 10.351585843818496, 9.158015687990027),(-6.415283187084937, 2.698332500220819, 8.397254117534143),(-20.182183740692032, -1.001526493539874, 9.053504757060654),(-19.908243644344044, -7.695450347056074, 11.082381359256976),(-25.5, -16.5, 19.5),true,true
79:(-13.25, 16.25, 7.25),(-12.780048249178494, 16.079341236055605, 7.254575826567086),(-15.280655905733742, 16.192621998234333, 9.457519956290781),(-19.718479190643734, 13.829024783511645, 10.919677089294549),(-29.858255631127783, 12.487633805812921, 14.905942850100308),(-31.99886269021174, 9.45242283471746, 8.972537775479019),(-31.759911432188147, 11.216725962108086, 6.020241183737334),(-30.954294978765507, 10.108543577081633, 3.3513624057686138),(-20.267954432540954, -11.632421665550167, 1.9702902677573073),(-15.209264337810486, -5.779959595410695, 5.351054281697987),(-19.0, -5.0, 5.0),true,true
80:(17.75, -10.25, 5.25),(16.59591106514984, -9.556146345512207, 5.320944689448653),(15.137430715514437, -3.1853478310666885, 5.188168515009898),(12.452268479689163, -1.8894068949170808, 4.855842083154864),(6.328617725129699, 8.48239856508781, 5.948682038380783),(8.5, 9.5, 6.5),true,true
81:(-26.25, -14.25, 13.25),(-24.870359515523038, -10.792576661768395, 13.31548169019507),(-20.82456050143576, -4.775524351368379, 11.092746182774246),(-15.270132998746973, 0.7825439035013034, 8.978739519822993),(-17.750940037320596, 8.74869778943096, 9.537359806990723),(-17.03752652106308, 17.231780818837898, 8.587148814500493),(-20.450480509740977, 21.330400399248767, 13.120697381157768),(-27.989908135448886, 11.797971241005564, 18.246776019629277),(-29.25, 1.75, 16.75),false,true
82:(8.5, -12.5, 5.5),(8.374125083060303, -12.695357206467976, 5.94270878370149),(10.570388010677924, -12.884561455897227, 9.93717383526939),(10.909110066703667, -7.85734482148292, 17.981121099206334),(10.323034755682698, -5.0565162861108295, 18.103690326394787),(5.654103465201762, 11.322140299827382, 11.196745066928656),(6.75, 18.75, 16.25),true,true
83:(-15.75, -23.25, 17.25),(-15.908175239783386, -22.85082273930308, 16.99380064781118),(-16.765221074789274, -18.766791937179004, 15.343077247120837),(-16.86566317449424, -16.903630641572732, 13.69854250592386),(-16.321996776717437, -16.546917538419304, 12.938817154255874),(-15.822926582782872, -16.433294623832907, 12.079736963117115),(-14.936408231856644, -15.410517328488906, 11.0526820683534),(-13.558168676369927, -10.362054517447186, 9.595361297142135),(-16.23448983161079, -9.058065606389274, 9.22533698192999),(-12.197444303673887, -2.858538397389157, 8.397496423211017),(-10.528668833031139, 3.2332191672254553, 9.29533561816491),(-9.134332734871728, 5.482201026789002, 8.300766829130366),(-17.5, 15.5, 12.5),false,true
84:(-30.5, 12.5, 18.5),(-28.532703948607402, 8.87480946350191, 12.98035552085733),(-27.80303155767133, 8.322818596502373, 11.59974504319859),(-17.201816962603196, -2.31648706765332, 7.709586580557556),(-9.249270480545022, -7.3869592430826145, 10.09689822670542),(-5.060262705520769, -8.290646299043045, 11.557576658798315),(-5.75, -8.25, 16.75),true,true
85:(-22.25, -5.75, 13.25),(-21.884726776935768, -5.830333573065461, 12.918153665756568),(-21.674427852922797, -7.744065877615964, 13.707200477628554),(-14.105739715007589, -7.458724787037824, 8.61787678520735),(-11.767446457161391, -5.773285013835496, 7.786205328910636),(-6.4202785695611055, -8.904687289050756, 11.042294297687903),(-3.75, -13.75, 17.75),true,true
86:(-20.75, -22.25, 14.25),(-20.802489929573316, -21.80036906493787, 14.03768695393702),(-20.425968159292896, -20.947909160157323, 13.699635007062904),(-16.153827168438763, -15.615209126788606, 9.857237531991176),(-8.466649810689196, -11.863887481722825, 10.917300641298688),(-4.25, -14.75, 14.25),true,true
87:(-28.75, 4.75, 14.75),(-27.347377839236444, 4.452678665992433, 12.333013963703529),(-10.5, 14.5, 8.5),true,true
88:(-28.25, 28.25, 17.75),(-25.11284632029368, 25.393431174020083, 14.980378574844009),(-11.75, 28.25, 12.75),true,true
89:(-26.25, 15.25, 14.75),(-29.046612542106825, 8.573072134693032, 19.03114519395511),(-30.5, 2.5, 10.5),true,true
90:(-15.25, 21.25, 16.25),(-15.341629269725878, 20.819756868898402, 16.012313388956393),(-15.321012717872524, 19.906699383829544, 15.000827954301784),(-14.303376572137369, 19.06451740884919, 13.446039867019792),(-13.3288424495146, 19.394415593990477, 11.870963132542652),(-0.5921780841054911, 19.997240153032944, 6.101358804159364),(2.388978653929964, 19.882902235095123, 5.785714473008857),(3.3078952626053035, 18.10801508578693, 8.022982421539218),(5.380787156479723, 16.198023736369624, 9.050139781178324),(7.984103338956372, 17.154417385593177, 7.906437004325848),(9.25, 17.75, 13.25),true,true
91:(-26.75, -7.75, 18.25),(-26.544857433456063, -7.571595134167818, 17.830371317425552),(-24.122515674133936, -7.384496432820039, 15.097680343925635),(-29.285511670126514, -17.19948965689309, 8.270390906552665),(-29.1098439849546, -17.68335672705293, 6.354376990913226),(-27.695714628589958, -4.052161532030906, 0.8163806051038041),(-26.203575233405246, 14.364064352710638, 0.44077290150457227),(-32.5, 21.5, 12.5),true,true
92:(20.75, 9.75, 12.75),(20.26215646919078, 9.809375065069048, 12.84210478323975),(20.00770045459168, 13.279849181303847, 13.202825874711543),(16.957140223053283, 21.76276489321447, 10.12842261254027),(6.931199983309439, 13.846311111310502, 8.912393170495557),(2.025372492213495, 9.017980549294947, 10.185217043430782),(-9.077645102972989, 14.378829109785743, 13.378496159630707),(1.140611682085186, 23.20458796468104, 15.588062402893895),(0.25, 28.25, 16.75),false,true
93:(-26.25, 6.25, 7.25),(-25.778109060155916, 6.339854727695714, 7.388726597319315),(-16.08461101132849, 11.416722978562053, 8.531317630870262),(-6.75, 15.75, 13.75),true,true
94:(-5.25, -23.75, 12.75),(-5.4811554439802785, -23.315245773218862, 12.663075187580212),(-5.763025020790953, -22.72926341510089, 11.315735533826148),(-5.740617972441375, -18.780596921219843, 5.64846105141495),(-8.362118706545477, -12.59482093475771, 10.619995664308723),(-9.936357119004958, -16.228321378582073, 12.456777477429918),(-25.234133542095023, -23.224785204529176, 6.035128523070426),(-33.5, -12.665140117712445, 8.202348367256299),(-33.25, -7.75, 16.25),true,true
95:(12.25, 13.75, 10.75),(12.195055323089512, 13.957061921947298, 10.29821858940557),(8.9771493890279, 13.734400262395324, 7.394666963200894),(7.589482232836022, 12.951357254832269, 7.116824906379481),(-6.122036131767612, 2.2755165210335075, 7.413900273733395),(-15.837902471409214, 3.5928936247288057, 13.40953521391879),(-18.46503988570689, 13.480744383977335, 10.54242610870059),(-23.5, 16.5, 10.5),false,true
96:(-14.25, 18.25, 18.75),(-13.8095360155582, 18.054749671180378, 18.616325815860044),(-14.594894664522574, 14.116501477663082, 11.191431060144428),(-27.75, 11.25, 14.75),true,true
97:(-32.5, 16.5, 14.5),(-30.047892546194458, 14.151194416631503, 12.349328255734635),(-25.52537365406376, 7.359101900853399, 7.406154015627326),(-23.144570294967515, 6.04763733520419, 8.675735071866969),(-16.53769111181301, 16.537454674735972, 9.25817417758073),(-19.5, 19.5, 9.5),true,true
98:(-22.25, -10.25, 16.75),(-25.131754623766458, -15.604778718257316, 10.628898298772901),(-26.913833403663993, -20.131473627193056, 4.736728377949907),(-16.106582617727213, -20.695592496550372, -3.742903874533059),(7.426117897815669, -16.51694998211717, -15.669910316986655),(14.404959789705055, -20.5581079882324, 3.3097670632714995),(15.217995511981716, -21.287998914676667, 9.048358722226755),(9.25, -15.75, 15.75),true,true
99:(-33.25, -26.25, 10.75),(-32.06859727733198, -24.668328043935386, 10.156844689582059),(-19.25, -8.75, 11.25),true,true
100:(-17.75, -5.25, 18.25),(-17.99427152618832, -4.81757058672484, 18.307760055645137),(-18.569688299544737, -4.3740296473315174, 17.620615986310195),(-27.5, -15.5, 13.5),true,true
101:(-23.75, 11.25, 13.25),(-23.35810074886513, 11.271787962415672, 12.940257749647063),(-20.360385331866325, 9.527413484738608, 11.14917918785078),(-7.128295153309795, 4.342821176274759, 6.8316004884605395),(-7.9191034923694055, 18.313803559483176, 11.001690797012605),(-10.25, 22.25, 10.75),false,true
102:(-13.75, 28.25, 18.75),(-17.64511939796452, 26.798164223618503, 19.10485088271569),(-24.082210190955976, 22.610080536664753, 18.801299612714317),(-31.0, 15.0, 13.0),true,true
103:(-10.75, 9.75, 13.75),(-10.807250880097023, 10.137502220211962, 13.43925192509218),(-10.280097623637435, 10.38537755577525, 12.62643751686393),(0.47807525963308073, 10.379815256897885, 14.24183280857174),(2.1978752493443934, 10.9131254396011, 14.783764138832897),(14.719864888015339, 17.446882040825844, 17.251531586036695),(15.5, 14.5, 17.5),false,true
104:(-0.75, -9.25, 10.25),(-0.46930608268688545, -9.131693697190036, 9.853497107830403),(0.2076435257852548, -9.839226680401715, 10.056317977705762),(-2.195822116969177, -12.859115322523738, 9.45284775468762),(-24.64216476304576, -14.446869808901882, 11.534665849962815),(-28.14203851033063, -20.427308912299814, 10.54207737349581),(-26.89776077669649, -14.705214658886025, 3.070290370290201),(-27.39810002357437, -7.37569657040129, 2.678741133024589),(-24.39400882294367, 6.582232524175025, 3.131710879275632),(-26.230164358874692, 16.38183431843646, 2.6668890473317073),(-30.61960208781884, 17.412682264017075, 7.82941698368059),(-29.98530248318318, 8.491323745024083, 14.164354126434224),(-29.5, 7.5, 16.5),true,true
105:(-28.25, 16.75, 16.75),(-27.934168873495526, 16.726996097425758, 16.363061348535368),(-20.056176652813427, 10.222812365373631, 10.496977299150089),(-6.405732106575748, 10.137494453391904, 7.742073293120207),(-5.758207060412452, 16.94971180203443, 14.421006418130931),(-4.348755619695757, 19.82735349493937, 15.228684833072009),(-12.75, 25.25, 14.25),true,true
106:(-26.25, 28.25, 18.75),(-24.998549092619317, 26.53810914780172, 16.860172977723902),(-12.5, 12.5, 12.5),true,true
107:(-0.75, 5.25, 13.25),(-1.1670048289318498, 4.985770013054882, 13.329306283776894),(-4.332048653526914, 9.484096870389003, 6.240710672701219),(-2.1384693325690995, 11.471973252626075, 5.7543391566661),(12.75, 18.25, 6.25),false,true
108:(-7.25, -15.25, 18.25),(-7.6320623377275005, -15.198094816260252, 17.93166963388464),(-24.052252045578925, -14.234318152081094, 10.77378221142073),(-22.25, -9.25, 11.25),true,true
109:(-13.75, 25.75, 16.75),(-13.478494865865091, 25.331530533599427, 16.784179933130474),(-10.965076127889528, 24.1343256453856, 15.653122693446488),(-5.75, 21.25, 11.25),true,true
110:(-26.25, -16.25, 8.75),(-25.972499066115233, -15.919767853052752, 8.497136477886404),(-24.091876025960236, -16.152755489447287, 8.400646647823734),(-16.616992773782883, -12.880209863044023, 9.134737171193333),(-8.491713212374655, -14.18128308896226, 16.223355132920613),(-6.145987882762896, -13.879576051610863, 19.359366813434054),(-3.25, -11.25, 19.25),true,true
111:(-0.25, -12.75, 11.25),(0.03451373654829426, -12.686103884082819, 10.843835968990328),(0.05262795891860238, -12.251957032705825, 10.596473105190277),(-0.5820269313022579, -11.930130307712846, 9.893877396835151),(-13.17161657514309, -16.705705653450636, 11.136148263715722),(-16.75, -22.25, 13.75),false,true
112:(-2.75, -0.25, 8.25),(-3.1884355131578106, -0.1264619546020717, 8.456185964947439),(-11.32922781169923, 7.199200812121648, 8.120010314930429),(-23.952308645550634, 4.147763483380584, 8.544457745889463),(-19.482265962369404, -1.8393581183849022, 8.687224776201298),(-23.75, -11.25, 17.75),false,true
113:(-33.25, 17.75, 7.25),(-30.452946940597663, 16.433746294442418, 6.723280485315315),(-19.25, 28.25, 19.25),true,true
114:(8.75, 20.75, 10.25),(8.314324409324803, 20.534826921612762, 10.367844499350529),(8.337168827624305, 17.585654108929916, 8.82412444880036),(1.6789581574574828, 8.089078202888079, 7.585687547812366),(-2.4325785084030787, 6.457159545320529, 7.830022949190633),(-7.5, 11.5, 11.5),false,true
115:(-28.25, 1.75, 19.25),(-27.934109865892626, 1.966913782703735, 18.928811840120495),(-26.85784794595906, 2.224202674175044, 17.24285231259555),(-26.297010764279953, 2.7880975275493647, 16.636647520479727),(-25.452840928637425, 2.3509849011287396, 16.326309252754125),(-24.793709930047658, 2.2445806699312687, 13.725949572168583),(-25.037382737628644, 1.910925655691077, 11.676020054835908),(-22.95513071070973, 0.8896536444051983, 9.77306709289592),(-20.769151786795227, -1.1559474382039883, 9.580681139589291),(-21.94381889608534, -10.17700520403332, 16.49407132888514),(-26.975330460367633, -17.081456483110834, 17.00798939225622),(-26.5, -26.5, 14.5),true,true
116:(17.75, -2.75, 12.75),(17.581772024035978, -3.159199011076221, 12.982928137925178),(18.40923473032106, -3.21050431757761, 12.155571414019397),(18.47302228968641, -0.2974221039983498, 15.369697108996796),(18.56765129276229, 0.6185425313380235, 14.979755910109105),(15.769710291674663, 4.774564646566148, 12.96672683707649),(5.527974136134462, 9.201386610813882, 7.008068084680497),(-11.807527200536782, 13.379150320657244, 7.9015971330766),(-13.75, 17.25, 11.75),true,true
117:(-12.75, 23.75, 17.75),(-13.241591679133407, 23.81877760645319, 17.81006048499111),(-12.255807535643083, 23.806609803555975, 17.800686668012318),(-8.782401223552755, 18.752491518305977, 11.857974840823324),(-3.714613980471627, 6.661527713145192, 7.156565929843788),(0.5, 7.5, 15.5),true,true
118:(-26.25, 12.25, 15.25),(-24.456928729378728, 11.497109265750066, 13.32171196763638),(-14.98128764537448, 16.042104884876476, 13.128362452123058),(-14.25, 13.25, 14.25),true,true
119:(-23.25, -10.75, 14.75),(-19.381421759336423, -10.36425357846595, 12.735084100205873),(-12.565306794441161, -5.139897456609681, 8.511734670755953),(-12.612241101179464, -4.003336965789134, 8.202957794278865),(-12.534126509548356, 10.137304576302954, 11.333908848933334),(-12.961420890889254, 18.747208319619617, 13.849510738732072),(-17.205295251243577, 20.400440911149037, 8.533840281317307),(-14.75, 22.75, 10.75),false,true
120:(-30.75, 28.25, 7.75),(-20.440558678172028, 21.098713107903507, 5.395123775234318),(-0.12798860332300618, 17.3814145280174, 2.44123132688366),(17.12705852001198, 20.092630350993343, -0.21146147376200886),(10.144884575517095, 25.968601966278616, 11.121275527221503),(2.25, 28.25, 18.25),true,true
121:(-2.75, -16.25, 17.75),(-2.5696172544126625, -15.795923409306344, 17.856190935952178),(-2.119261338359281, -15.692089389144327, 18.046973653022444),(-3.6929399196720945, -15.935498188438705, 17.640670596757104),(-5.873141681355444, -15.540337075455628, 12.664932333121286),(-16.25, -16.25, 13.75),true,true
122:(-33.25, 24.25, 14.75),(-31.783457764259936, 22.753372403610992, 13.682866451319764),(-26.75, 15.25, 16.75),true,true
123:(4.25, -19.75, 10.75),(6.865618564450502, -24.69118940533613, 10.025530252336107),(6.839023245219091, -24.80961810508892, -3.4557760913394215),(-10.737037043043559, -21.904232447470164, -1.6479318923086321),(-22.65389624136965, -21.826849449802467, 0.15897306654254528),(-33.25, -11.75, 13.25),true,true
124:(-27.75, 4.25, 19.25),(-27.752287480703316, 3.7588109271567776, 19.34342409834431),(-26.445225603402154, 3.067122648373078, 17.389712446443063),(-26.36325751814519, 3.7140634642695143, 16.63159054745415),(-28.356138281683165, 10.09290945573531, 16.956086914215792),(-25.25, 14.75, 16.25),true,true
125:(-33.25, 24.75, 5.25),(-31.197207909512404, 22.64133963830456, 4.726581872779622),(-22.5, 17.5, 6.5),true,true
126:(-23.75, 12.25, 7.75),(-23.69624816003153, 11.811707713522015, 7.984543410297334),(-17.506321997067538, 6.599297385734332, 9.902631982290112),(-7.376618149461445, 8.38647207571664, 7.529585013623713),(-7.474547061584458, 21.123411816487234, 9.578329635229007),(-14.25, 24.25, 10.25),true,true
127:(-26.75, -5.25, 7.75),(-26.905734694134527, -5.059459429096771, 7.314751799678969),(-26.489790875600754, -4.231709890329793, 7.420159490564033),(-25.611511940570896, -3.5768181913845676, 7.983763395599642),(-24.76395212572137, -3.397579688511088, 7.484247710820961),(-19.3527977751518, -0.5548666232487589, 10.895756324748065),(-11.84674351861344, -0.48246801811395595, 9.294185157951267),(-9.176643044522631, -2.0086889885859676, 8.155952603066464),(-4.264013207288907, -12.375943697538508, 6.313926868736828),(-3.2828318954855895, -11.368813968802124, 7.661647585845807),(-5.94181039381246, -20.751591666114273, 9.35331330012779),(-8.25, -23.75, 10.75),false,true
128:(-32.75, 4.75, 18.25),(-32.27444873309532, 4.600158167289344, 18.212604576279144),(-30.82982479435208, 4.3773499288259465, 17.383208371466004),(-28.476529336103944, 11.039847041796481, 18.841195635812554),(-20.68208806797729, 20.669852010085435, 16.313573747414154),(-23.399375967425748, 28.059689208229727, 11.520740250899093),(-26.75, 28.25, 11.25),true,true
129:(-11.25, -16.75, 17.25),(-11.079366619251642, -15.820439183242534, 15.256571303532745),(-20.391302619406936, -14.362344241178956, 11.960222196583583),(-24.254667951181837, -14.687276350699593, 17.788500453276743),(-30.27865232633343, -18.681542924478123, 15.62178109427172),(-25.5, -26.5, 5.5),true,true
130:(-31.25, 28.25, 17.75),(-19.46599636035464, 20.21071611089197, 12.97629114900515),(-17.89170433956177, 17.796048457056237, 13.807546076682172),(1.2049611891836967, 10.694867821182875, 14.946182933240657),(1.8156432079234774, 10.629308498149506, 15.390496534233241),(2.639635186862017, 11.085955273619874, 15.725923040486794),(4.443397216904142, 10.972521329762715, 13.33143451903606),(5.986682902106002, 14.426095541386214, 17.170085138870366),(4.5, 13.5, 17.5),false,true
131:(-10.75, 28.25, 18.25),(-10.530288218127758, 27.54666905453246, 17.632413336133475),(-18.69689809798456, 26.60966239169407, 11.11063801867439),(-20.248103010848116, 21.17109897512435, 15.2356581740503),(-16.25, 16.75, 13.25),true,true
132:(-21.5, -8.5, 18.5),(-20.35481124328886, -7.8440494101186955, 16.580989704889614),(-23.486429991821975, 5.391704652496634, 10.380135561692786),(-16.862442971245052, 14.483558092086774, 13.418438575426116),(-13.75, 14.25, 15.75),false,true
133:(-11.25, -19.25, 15.25),(-11.46703711924186, -18.858452346242846, 15.027322377171702),(-12.824008778346679, -18.032546923429855, 13.155459536096593),(-25.956208437259956, -23.1266489941458, 12.522824905570102),(-31.980260774760826, -14.856635941677878, 2.8679900507510867),(-31.27411779461327, -1.6988681920534239, 1.9175929444187325),(-28.55593625726327, 3.1600419458163715, -2.325340168666566),(-29.45152223327507, 16.643460286834205, 3.8961368937553935),(-28.346924425868103, 20.019528188349085, 17.015207730557464),(-25.32628672030621, 13.719715575684987, 17.448922956317528),(-26.25, 13.75, 17.75),false,true
134:(-24.5, -26.5, 17.5),(-25.71963845980742, -21.597362642780734, 8.063453196357964),(-15.325226251066285, -20.958244023305525, -9.556004494849088),(5.272612800588879, -24.449419968843653, -9.46048382343908),(13.5, -26.5, 6.5),true,true
135:(-20.75, 5.25, 11.25),(-21.045033144478325, 5.590143638657841, 11.032611525742885),(-20.54791962056784, 9.568639632102915, 8.481527812988316),(-22.218193921471933, 13.917617000042101, 18.163193424229572),(-29.5, 17.5, 17.5),true,true
136:(18.25, -3.25, 12.75),(17.812830897498262, -3.445738702916364, 12.606579164698976),(18.49382946241785, -1.3432766182733649, 15.413157623151173),(18.471981950492772, 0.4221106086852413, 16.277477574577542),(14.99802122591372, 4.674209335134659, 17.266619035500096),(13.536963154827815, 12.961243789304604, 16.561317842869748),(13.75, 18.75, 6.25),false,true
137:(-15.75, -14.25, 14.25),(-15.304588464256744, -14.41873614112269, 14.40210745710141),(-14.327528261055765, -14.25194483884919, 14.26969136741903),(-9.119798927728464, -14.410516250885491, 11.625134451751894),(-7.9798355357070605, -6.045196364675601, 6.89850867532103),(-7.852125432353604, -3.798320339816022, 7.48319841861871),(-11.5541018534814, 1.6452169872117048, 10.312156420552327),(-10.907318623814609, 8.210070604711467, 7.626015753495252),(-16.75, 17.75, 10.25),false,true
138:(-30.75, 28.25, 11.75),(-30.888931123583916, 27.44839070989824, 14.637580421204277),(-29.613879854806985, 11.511172143875093, 18.28353308980942),(-24.25, 14.25, 18.75),true,true
139:(-1.25, -15.75, 11.25),(-1.0638036051731758, -15.318074351580101, 11.419620567121276),(-1.1103782631731753, -15.374293302882693, 9.827235678533384),(-6.932572012929061, -7.471423835693429, 7.383202465261812),(-13.205648007333224, 9.561981909862427, 8.975462648474632),(-13.851548764309786, 13.291545514671183, 14.86385525850184),(-14.5, 13.5, 18.5),false,true
140:(11.75, -6.75, 17.75),(11.411197007578748, -6.59811673486328, 17.415120908240283),(11.05133426104799, -7.545151605440928, 16.845134331332915),(8.050343996300647, 0.5261366818614668, 15.274399833005683),(5.96346187362953, 0.12713973320894834, 13.156446943765303),(-1.8758413412886603, 2.972963312700303, 11.014359541293606),(-20.79672123108859, -0.31811697945785555, 8.387249628690007),(-19.86735325945851, -2.915201356994291, 15.962408440182461),(-24.41857240296318, -15.801273285752414, 19.853157199124823),(-22.75, -13.75, 9.25),false,true
141:(1.25, -24.25, 14.75),(1.4297244373596054, -24.147428342072505, 14.294831699691446),(15.908159354095362, -21.891202268133167, -2.6194038022049355),(9.7530627260491, -18.927650905989807, -1.0922663416756724),(-9.984504538677598, -17.304774181132174, 1.131904650409707),(-24.879017014590104, -23.225198292023833, 6.165368168729357),(-20.18139410541361, -19.732093131818733, 10.003408729084168),(-18.25, -19.25, 11.75),true,true
142:(-1.5, 15.5, 7.5),(2.1034069601948655, 7.407182985654156, 6.573565460041228),(11.645362095926874, 0.5546206993836341, 4.807286539198498),(12.069453429066723, 0.23313196142821324, 14.247681815247642),(13.5, -2.5, 17.5),false,true
143:(-18.25, 24.75, 7.75),(-17.7773140163313, 24.854293935147602, 7.875262667760908),(-19.02690776804873, 24.92486019749979, 8.354845625987222),(-32.5, 18.5, 15.5),true,true
144:(4.25, 19.75, 8.75),(3.962514519568512, 19.43965369862262, 8.483471818070852),(0.8825752276631125, 18.783071523848974, 4.785205746545785),(-1.5973217381619667, 20.726007028364577, 12.691309000522565),(-6.325475819228005, 19.387118682346497, 13.841084601133375),(-10.5, 10.5, 6.5),false,true
145:(-21.25, 23.75, 17.75),(-21.518099994446544, 23.86309738532672, 17.343390390657056),(-21.66649689468332, 23.434253786150887, 16.452283479312502),(-20.19728283548002, 20.866246604683152, 13.576401218247906),(-13.25, 15.75, 19.25),true,true
146:(-21.75, -21.75, 19.25),(-21.8150542720499, -21.25632820445994, 19.295344238623116),(-23.49761741261394, -26.46311631115207, 10.604102326645364),(-24.809587537806753, -15.917306779402363, 1.8037164497485474),(-24.07917289785709, 1.930738363453873, -1.6112656677354804),(-24.738561767723823, 14.019363036632518, -3.1364480263102017),(-27.106186723276195, 22.846544455169273, 12.422748889319966),(-29.5, 16.5, 10.5),true,true
147:(12.25, -1.75, 9.75),(11.771012430123063, -1.8629608906929003, 9.838378419748564),(15.93190578246046, 8.849433170337937, 19.9928508049824),(9.991670404500027, 17.93800181573118, 18.75257819554519),(9.360964230660702, 26.035163551330335, 19.991840703284712),(0.75, 28.25, 11.25),true,true
148:(3.25, 23.75, 19.25),(2.819959918072813, 23.805291411101493, 19.00098516551325),(-4.492676426896256, 18.440412841235617, 11.379382238250594),(-7.990217739065823, 1.81221196859924, 8.141956961906711),(-17.0, 7.0, 13.0),true,true
149:(19.0, -11.0, 19.0),(21.75912403147278, -5.027405836484058, 17.952196839394695),(17.124610459743106, 1.0170400933226977, 19.97852317212662),(13.397368122160842, 8.211214658715608, 19.93939648981907),(13.305337512247082, 14.291487172549713, 20.646993084349774),(4.75, 13.75, 19.25),true,true
150:(3.25, 1.75, 14.25),(3.0917014384510795, 1.275741012786726, 14.245530273052843),(3.8992291159145815, -0.15602293379264687, 14.540679131989435),(15.76717328422937, 3.512472214651371, 20.258257698745147),(16.75, 1.75, 16.75),true,true
151:(2.75, -18.75, 9.25),(2.764917870814684, -18.707224337729798, 8.752056529465742),(7.314374184931838, -13.540741526625567, 19.219264945752723),(9.223914423352335, -7.3561834418340695, 25.76340843682905),(10.529232745339002, 0.06359974946363245, 23.27750457195512),(5.224570076209268, 9.46052184437041, 6.353581016162006),(2.502044537632411, 10.7141698326753, 6.226217704270792),(-3.6130002822506384, 10.149823841836874, 5.98607020726029),(-6.25, 15.75, 14.75),false,true
152:(8.75, 21.25, 11.75),(8.764092056211439, 20.901390141353023, 11.39184838349399),(13.298086426862822, 16.305408489967306, 14.553662676267939),(13.450262614351878, 3.3857840075188705, 18.087471540633405),(15.25, 1.25, 18.75),true,true
153:(15.5, 16.5, 5.5),(15.451115919775289, 16.06648969119514, 6.718661351910608),(10.243531680327171, 0.8511637318313664, 16.67892717554808),(9.900913572851673, -7.538449928144747, 19.055373516711875),(12.745079552829841, -11.919389049667085, 15.685545623517143),(17.75, -10.75, 5.25),false,true
154:(-29.0, 19.0, 9.0),(-28.67337976747417, 19.333899035421872, 9.178411484633461),(-31.75, 28.25, 5.75),true,true
155:(-33.25, -13.75, 14.75),(-26.542826887165358, -13.023264830188879, 9.752432505974078),(-20.072743539021094, -1.6901764072551861, 13.516440620561397),(-16.415189547656745, 0.5259253366852136, 7.403955741247155),(-15.3674843347439, 15.254567814957769, 12.786763273225104),(-15.550155883476576, 15.459067152728144, 12.368659068348995),(-17.5, 14.5, 12.5),true,true
156:(-9.25, 10.25, 19.25),(-9.61519862678012, 10.424083733701282, 18.9561891481607),(-7.265970567411908, 11.85306427834698, 16.4277772843053),(0.18767738667916678, 10.502874880263041, 15.98820812479573),(-1.0, 11.0, 13.0),false,true
157:(-21.5, -13.5, 7.5),(-20.956576842863427, -11.310622798018805, 8.77746096179794),(-11.76754505523493, -6.158695012849558, 8.647544580579675),(-0.42680059670391457, -1.0419718234450608, 7.510293976648477),(-0.6668595764379159, 1.0766591021088288, 5.9485064559305325),(-10.39678340114191, 3.522264924650349, 8.257815915471895),(-13.477104504327892, 10.870564787009162, 14.073055498742736),(-25.38938004566544, 5.725300174223188, 13.30289945067649),(-33.25, 4.75, 11.25),false,true
158:(8.25, 2.75, 12.25),(7.934093555540319, 2.9843019163475284, 11.941283738127195),(6.666130947144408, 4.5789958245979445, 8.589572423386628),(5.504712611906554, 5.1538121581341025, 7.121005022984917),(2.110696337058291, 4.411519449453868, 4.8735905119932),(3.051920789225271, 4.074287409944105, 4.892854005213653),(-0.6325368637507598, 12.57600952888114, 6.539010271853987),(-5.714380712039333, 15.42436150589642, 10.419957851588185),(-1.75, 28.25, 15.75),true,true
159:(18.75, 28.25, 19.25),(12.402412864056968, 20.4193579580099, 11.455964754792642),(1.5810524664513106, 13.119372926007383, 5.9261044130472875),(-13.070026446363341, 14.87838466258746, 9.26371283877971),(-17.633870113645884, 19.683337627439517, 9.408854212193251),(-14.25, 22.25, 9.25),true,true
160:(2.25, -23.25, 9.75),(2.391664392999196, -22.829347161416003, 9.51982096284111),(19.165016696713543, -22.77049493275793, -3.7447135607504416),(16.071327536834644, -18.256072372490273, -8.109238314878226),(-5.772056695301289, 2.336974415208632, -12.147238796472987),(-18.25, 6.75, 6.25),true,true
161:(-22.75, 21.25, 18.25),(-22.34416818665894, 21.036928575911535, 18.05024738420431),(-16.418717926480184, 18.623145749530625, 16.29901271893218),(-8.467188406085516, 22.159241120947677, 14.91663021278387),(-8.75, 21.25, 18.25),true,true
162:(-24.25, -10.75, 12.25),(-10.656040967006659, -6.452840268687785, 9.084369382599439),(-2.3925038709634108, -2.142624475001716, 6.7611191872267975),(-3.2244901165758586, 6.22880073433425, 7.995645962179824),(-10.284972989714586, 14.148530990173814, 14.677172170577386),(-20.879958138773226, 19.500863806078613, 15.901507091747618),(-26.25, 13.25, 15.25),true,true
163:(-32.5, 21.5, 17.5),(-25.229670157325486, 15.466113659212501, 15.158832552589695),(-22.96979602638362, 14.571911239890749, 12.619459654156248),(-21.5, 10.5, 12.5),true,true
164:(-32.5, 14.5, 16.5),(-32.025646839576936, 14.596437562367464, 16.62525524245026),(-22.14959083237483, 11.469269718433596, 11.35609475926322),(-15.996823008508358, 8.538407720644525, 11.010179880404513),(-16.925084181317402, -1.8726861290049426, 9.456946333636974),(-20.490747975051516, 1.4672533699845123, 9.293495426673685),(-24.5, 1.5, 10.5),true,true
165:(-13.5, -26.5, 16.5),(-9.841578146014204, -25.101407432425038, 16.224052163995538),(-6.25, -22.75, 10.25),true,true
166:(-29.75, 2.75, 14.25),(-26.4202960979087, 4.637910768831352, 11.516632688836614),(-19.91779144649308, 7.9181785156869555, 9.256363654840083),(-11.883400816944555, 13.867778302608283, 8.204120391090884),(-27.75, 28.25, 16.25),true,true
167:(-33.25, 15.75, 19.25),(-29.56477175843442, 13.596773364105893, 16.538220329629375),(-21.312703844122655, 11.13076710236386, 11.133879349571849),(-19.367522320269007, 9.827192271902476, 13.009235715878257),(-14.310150925091664, 12.000248984446275, 10.918107398366494),(-3.8584991753113647, 19.001146193049994, 8.046639963605852),(-3.787801703062735, 20.40219278599577, 14.904633133025946),(-7.25, 18.75, 16.25),false,true
168:(-3.25, -23.75, 19.25),(-3.7474130285492735, -23.76312275865645, 19.299072112596505),(-4.077556289845245, -23.752673362197307, 18.35519911418279),(-5.320333730045254, -22.389863008785557, 16.089614269187923),(-5.555510813903532, -20.188709945636603, 14.282579185548103),(-4.916951116761316, -17.385801200458904, 13.42470735398349),(-3.233750299005495, 1.5961097460828593, 8.356987271332036),(-4.032808661011414, 10.62492025419714, 10.623227195256458),(-10.25, 13.75, 13.25),false,true
169:(-11.25, 10.75, 11.25),(-10.813318960016558, 10.576218533463408, 11.420615565548312),(-9.770608059844776, 10.626704617070143, 11.281798321713415),(-13.123303328012817, 10.705235447087857, 13.592804041327117),(-17.805356993682636, 10.474116664249498, 14.088227109537451),(-20.220546245668864, 6.891035840630053, 8.581105112659154),(-29.75, 5.75, 13.75),false,true
170:(-13.75, -14.75, 11.75),(-17.564148651259202, -16.54969045675088, 8.889630600253415),(-22.15326084152383, -0.8099950912670506, 16.199594111994283),(-21.25, 2.25, 14.25),true,true
171:(-3.25, -24.75, 16.25),(-3.5399163668196376, -24.7581694915922, 16.657285845147147),(-4.097338176037701, -23.95864787969595, 16.880995743718678),(-5.075542887630797, -23.755370554640614, 16.92334986200031),(-5.605397714833985, -23.128696059560994, 16.351919254396744),(-3.678440887636081, -8.726331637300369, 11.375290855153388),(-4.864590766259161, -6.133102895533856, 12.307070420457606),(-2.595159947020553, 1.2873096922829295, 6.671407295642569),(-1.4828614617088216, 0.9867155670368934, 6.477320246623889),(1.0, 1.0, 7.0),true,true
172:(-14.75, 24.75, 6.25),(-14.789110712998287, 24.68176135239158, 5.7562249104082515),(-5.846775772270267, 25.868929809262436, 4.575296532706215),(7.359603055213503, 26.804302126473637, 3.5125895747050966),(13.20661209590369, 23.353229109964712, 5.21628564877794),(14.5, 17.5, 17.5),true,true
173:(-11.25, 27.25, 17.25),(-11.060764755200378, 26.897603283927804, 16.94998903915497),(-11.586238135050948, 20.773086120933684, 9.29463281962414),(-13.260735932165431, 16.0528014749692, 9.225959185432847),(-27.04068675258975, 12.892603759051472, 12.891235171131626),(-27.25, 14.75, 19.25),true,true
174:(-6.75, 28.25, 13.75),(-6.704506390113409, 27.83312072335378, 13.020023916908134),(-16.346394719553196, 20.786439956573044, 10.213487653155674),(-19.75, 22.75, 8.75),true,true
175:(-26.75, -6.25, 10.75),(-26.280051638156536, -6.142037302346621, 10.882259567200443),(-24.16842145595157, -6.477721048412979, 10.616368104917301),(-13.135081552709883, 0.8564675233208523, 14.05927179447797),(-11.67304159179711, 0.4201331819819485, 13.290373069637315),(-8.445639992871515, 2.9283931448207827, 7.617939071710637),(-6.244116386924656, 12.007233353472715, 13.012278388434751),(-6.584969410284808, 18.40923573861808, 18.01358649960971),(-10.731897512622679, 24.00735888329664, 17.332407689711243),(-12.75, 25.75, 14.25),false,true
176:(19.75, 1.25, 19.25),(19.745940546597783, 0.9770801606298456, 18.8310748490288),(8.38762477575481, 6.250499683535457, 10.47435437872964),(-0.9005867366455678, 6.250799883880381, 5.59186988588703),(-4.850937058774789, 8.724321522182036, 8.99315016362282),(-6.25, 15.75, 15.25),false,true
177:(-21.25, 22.75, 8.25),(-21.220951181642736, 22.276708495974553, 8.091408328184055),(-20.728712992225304, 22.22665915093052, 8.16349596887031),(-18.37654461201645, 21.973626899326675, 10.734106912985318),(-24.67991201597699, 28.5, 1.5480195059369004),(-8.300673037413215, 24.78760524728581, 1.5906870947327612),(10.368155710453646, 24.247282961624617, -1.4975843316682673),(18.519493812652208, 19.684084164497797, 10.967939131281396),(10.25, 17.25, 12.25),true,true
178:(-1.75, 17.75, 9.25),(-1.8569141348775877, 17.952276355447534, 9.694582550028946),(-6.154916438500228, 20.42865834514366, 15.146527475205266),(-13.099281104339292, 19.78134317424595, 15.743840171681383),(-15.75, 17.75, 17.75),false,true
179:(-25.75, 10.75, 12.75),(-25.290494035509106, 10.946861902138064, 12.740017010273695),(-25.373316356349232, 11.241425172023511, 12.344576821110975),(-24.67977847587212, 11.4731234328683, 11.662432317164182),(-20.42509101606298, 10.27800438723839, 11.263536130309745),(-17.75, 16.75, 14.75),true,true
180:(8.75, -2.25, 8.75),(8.784343148844188, -1.821122171471448, 8.49527592119295),(7.171023771723752, 0.5247074615182352, 5.328466168517799),(4.568754606669701, 5.836094212259875, 5.690191167053667),(1.8407659073531852, 7.074835135388348, 5.536572868116979),(-3.158645229040485, 13.677316015132453, 6.2807355549009465),(-4.63122634292117, 14.6700259286647, 6.252864772318224),(-8.5, 23.5, 15.5),true,true
181:(-15.0, 11.0, 5.0),(-8.37745209700249, 1.5277180393498544, 4.583035424238281),(10.860692999052107, -11.334408366656973, -0.12303140089715356),(14.857147761089346, -20.36044310880026, -4.300791573908934),(14.422513384555383, -15.49000891812344, 17.148403285780443),(8.25, -14.75, 15.25),true,true
182:(-12.5, 4.5, 18.5),(-10.258578353206717, 1.2064825165164859, 12.052955947807241),(-1.8232806809621378, 5.386648984454899, 7.330916331227715),(3.526659104885895, 10.676531112118692, 6.072801497443708),(10.359289261698184, 18.52493410327272, 15.369225889669343),(4.5, 14.5, 17.5),false,true
183:(-0.25, 2.75, 17.75),(-0.6870048458297409, 2.9763660266424132, 17.838233705030735),(0.5993666644147992, 2.5555916841122843, 18.24069509483444),(1.0202080491958203, 2.170523835974624, 17.419345424361367),(-0.7274674224488249, 1.8955837715212651, 17.545066427805864),(-1.1253791982290418, 2.0496650859787513, 16.64067427435113),(-1.9114991304433921, 1.4451838280099887, 16.511763991829497),(-1.8876704250583747, 3.1481594841127847, 12.292884163750175),(-4.6369287133275865, 3.54668287159197, 8.192975756082397),(-17.406310597418983, 8.46998301930258, 9.702453496207088),(-25.944695495471247, 16.700158417463918, 17.548661025564325),(-27.588170106675374, 16.11076078272743, 15.10907056188103),(-29.91457233865066, 22.5149874160219, 13.504784463810557),(-26.75, 28.25, 16.25),false,true
184:(4.75, 26.75, 13.75),(4.367774338069012, 26.766586975655358, 13.428086322750918),(3.3746514142938655, 26.804619552152147, 13.31735971620434),(-9.060352819572588, 20.848720495663628, 13.723477477295456),(-16.90227730548814, 14.916221483810642, 13.664936626798394),(-18.95110164394432, 12.797166279175961, 13.10643517661202),(-27.25, 13.75, 18.25),false,true
185:(-4.25, 22.25, 7.25),(-4.067895609250062, 21.798845023624505, 7.365313391075014),(-6.856892711813879, 24.427364230192662, 20.668678964582224),(7.147935424556681, 17.558135168046093, 20.475510396981985),(5.75, 15.25, 16.75),true,true
186:(16.75, 1.75, 15.25),(16.316969219779594, 1.979521800540105, 15.150984413052624),(13.303715235700457, 15.128662289827858, 17.05367884910008),(7.25, 17.25, 13.75),true,true
187:(16.25, -7.75, 9.75),(16.01839726717517, -7.8950089182500305, 9.331272656999777),(15.089170669828972, -8.540764206998334, 10.159149959395119),(21.676189442269436, -10.420332798252263, 13.275023529450825),(21.0, -5.0, 19.0),false,true
188:(-33.25, -4.25, 16.75),(-29.228427610360537, -5.327364667575335, 24.93410888221458),(-30.29570232618197, 3.6050959165688945, 19.53221253827438),(-29.64855671130331, 18.962912425246643, 14.609495695298472),(-21.25, 28.25, 10.25),true,true
189:(-8.25, -23.25, 10.75),(-7.82335222332671, -22.58304974607829, 9.708909690957489),(-12.522422233884445, -19.804140867520168, 7.775998793560845),(-26.874725854194928, -20.742198895326933, 11.416652144817023),(-33.25, -8.25, 16.25),true,true
190:(-19.25, -3.75, 6.25),(-18.84971641076548, -3.7834593022514325, 5.952252584759535),(-17.21181045955804, -5.0098811623902675, 3.327874616093665),(2.3117954698843093, -7.03212297386605, 0.03780915635729354),(15.29463891551351, -18.47675227522394, -0.5600055938034445),(17.604709871787815, -14.64118849306657, 6.565040062499732),(9.5, -7.5, 17.5),true,true
191:(-6.25, -20.75, 8.25),(-6.714078623656031, -20.762084211307226, 8.064298619007271),(-10.472671407801336, -21.39649066499176, 7.120890000804819),(-17.541020511110048, -19.170275088858713, 9.717804006809644),(-24.775683370900182, -22.316431849225978, 8.865102915917554),(-31.264952787038165, -15.265268640162393, 10.927664198327435),(-33.25, -5.75, 15.25),true,true
192:(13.75, 0.75, 6.75),(13.345918805583771, 0.7772509942688575, 6.4567837459646675),(9.302288676242059, 6.5271040530423985, 6.934256681283429),(0.2314480069052678, 7.222752832320658, 7.476326152767465),(-5.754434229425816, 3.852565839437593, 8.822080025426875),(-6.5, -0.5, 10.5),true,true
193:(-19.25, 28.25, 6.25),(-19.9787029162022, 19.243332461828498, 15.802537940090973),(-13.5, 15.5, 15.5),true,true
194:(-32.25, -0.75, 18.25),(-31.844922012928805, -0.4623624914380046, 18.30636034118594),(-25.290923142032355, 5.682093581975163, 9.866292038650174),(-23.07037483341917, 5.8060570570495695, 7.852887393288839),(-19.694276076261758, 13.951879513154783, 11.114980644193867),(-13.620553705895084, 16.09706752710928, 8.374895800161962),(-5.5, 11.5, 17.5),true,true
195:(-14.75, -13.75, 15.25),(-14.75975896511957, -13.86773651283648, 14.764157560370752),(-14.283228706571425, -13.865149472428543, 15.387350495559513),(-16.358818338673675, -14.557692061446197, 14.655963972993566),(-16.896826803048402, -14.22739525509211, 9.81198994070721),(-21.43485414341499, -4.239064560367021, 12.350873276976513),(-21.879361430551704, 7.865972558916583, 7.989073358078156),(-19.312020332362913, 9.412978596821768, 8.113700819882036),(-13.399456070620815, 13.01750887867452, 9.137881125285647),(-14.75, 16.25, 14.75),true,true
196:(-20.75, -21.25, 11.75),(-20.635723566829498, -20.843803757941984, 11.481773398485958),(-20.011472002530727, -20.111007978685276, 11.247765703238787),(-18.672128455351693, -20.165348474016884, 11.569742976990046),(-6.242074849786819, -13.532188117456743, 7.770272544761271),(-2.4839125153945476, -5.278157636212831, 6.751980907063654),(-0.51346029977606, -1.555288754962632, 7.525774112939423),(1.3581021783718938, 0.9417641026385642, 8.783829305642756),(3.8047249953785887, 0.15200421066365366, 11.558217542245815),(12.5, -1.5, 10.5),false,true
197:(-32.5, 23.5, 11.5),(-31.96958226551718, 23.300827532033722, 11.063205902972898),(-22.177212976167443, 23.059313087735173, 12.493780166857151),(-18.69725687065791, 19.116239324372287, 17.06702842433397),(-15.75, 17.25, 11.75),true,true
198:(-26.75, 17.75, 16.25),(-26.79143830610269, 17.489425826997746, 15.825283662721187),(-19.94938114895342, 11.101979677939822, 12.850281258255462),(-15.364820323341538, 10.762048411297782, 10.550411267319342),(-13.5, 10.5, 13.5),true,true
Total path: 199, feasible path: 123 (0.6180904522613065%)
