ID TP TN FP FN acc pre rec
all:    123576 328117 45557 12800 0.8855857268895206 0.7306439311074716 0.9061418431395554
bottom: 35873 97268 15061 4813 0.870117308760579 0.7043036085915105 0.8817037801700831
top:    58586 175992 15962 4485 0.9198235467111068 0.7858829210709878 0.9288896640294272
=== path ===
0:(7.25, 12.75, 14.25),(7.86471466214933, 12.018497294331462, 14.545007924873625),(8.271833892021826, 11.110717344101573, 14.645950951520565),(10.181424923673168, 13.577763436014987, 15.641156940085299),(5.205445703883373, 7.125038464642021, 21.268145627558226),(8.915254178321979, -5.6863818818001, 22.819261524751074),(-6.5, -20.5, 24.5),false
1:(-11.75, 11.75, 22.75),(-11.573510385872371, 11.886637170275815, 22.302583304061976),(-9.701414615006058, 11.016083252583837, 21.31100275193417),(11.550350305894657, 17.258909558264904, 22.9745321159899),(7.25, 20.25, 23.75),true
2:(-19.75, -18.25, 8.75),(-19.808168992868808, -18.25078986767441, 7.75169356188709),(-20.48192859318619, -20.661605652098487, 15.280577211337686),(-12.5, -10.5, 24.5),true
3:(21.25, -15.25, 9.25),(20.947986186771764, -14.91145756902975, 9.039817510120146),(19.900549359235153, -14.280323032485533, 8.330305671479191),(18.824024306359135, -14.452920068449, 20.209602254925894),(15.39826834417128, 4.961773573306989, 24.13764237681826),(7.5, 1.5, 24.5),true
4:(20.75, 9.25, 12.75),(20.896832619571533, 9.546135163579615, 13.125158828659856),(23.35415339316247, 11.254911898292256, 9.033796822959564),(19.238420598174507, 7.939629883752774, 7.971761100701176),(16.44687770871236, 7.292797970489292, 7.0835624898729295),(12.945448067928467, 1.869447281726074, 5.204654403517417),(14.835034275607272, -3.834078843958649, 8.796207507312744),(13.0, -9.0, 7.0),false
5:(4.5, -21.5, 24.5),(4.65043175629476, -21.453492119573372, 23.676307014028854),(28.25, 0.25, 24.75),true
6:(17.5, -2.5, 23.5),(21.0, 15.0, 21.0),true
7:(24.75, -27.25, 12.75),(20.117397358247587, -23.672823802694012, 15.026208857322116),(9.412586757574866, -16.492092141670746, 22.05701812475359),(1.5560275140040112, -4.3657266412384725, 23.672020429117758),(4.5, 0.5, 17.5),true
8:(13.75, 23.25, 5.25),(13.448060717023976, 22.914939856898958, 5.03420525979294),(24.134806926136587, 26.28314358049957, 7.459433110922793),(16.994944576995234, 20.74221029074225, -3.686923161738643),(15.102590412004488, 1.8150351854658235, -5.720103829656818),(20.494305924748364, -5.799190866519245, -4.165961826180169),(23.902720097453603, -15.83788358700382, -2.236623612761048),(23.65044436041112, -18.141656727472693, 4.3686005522278935),(14.559260204249371, -23.570275620478125, 17.98254321621957),(11.0, -11.0, 23.0),true
9:(25.25, -27.25, 9.75),(22.251554516331392, -24.53757515174597, 16.47514743631439),(13.717779999818214, -10.473775644141574, 24.79704712599364),(7.303852758563133, -2.1886519678159226, 26.194934330862466),(-2.75, -1.75, 19.25),true
10:(5.75, -23.25, 5.25),(-1.4018112954491837, -17.893577943946113, 19.016566509830998),(-4.707186663829936, -18.845133997298543, 19.413566659927437),(-13.788225731631732, -15.257583521308721, 19.339793204265032),(-23.284390748295756, -8.156637524616125, 20.543998456699935),(-24.5, -4.5, 17.5),true
11:(21.25, -11.25, 6.25),(21.267158591273667, -10.653578587030823, 5.4475119434550106),(24.635437174265835, -8.264976766245333, 4.670950333753948),(25.398304768450213, -16.20460551249385, 8.94136615190479),(20.524338991462564, -20.229275693891434, 19.260906885019974),(11.24537472947468, -18.5216534566729, 19.596048135226553),(7.75, -22.25, 12.75),false
12:(22.5, -26.5, 8.5),(21.15863983382207, -24.949896368859214, 7.688689320393591),(28.25, -8.75, 6.25),true
13:(-4.25, 20.25, 7.75),(-4.421356053992431, 19.853068158478138, 7.498838267353075),(-5.141373944048407, 14.99755291979683, 7.255693485589555),(-5.619733441224217, 14.142799127227184, 7.054278129795829),(2.2241546119202376, 15.258412160257421, 4.27199778479137),(8.399589919244884, 13.343625233916073, 7.232786179082433),(11.000182166996218, 15.728453274339625, 13.266875419922268),(9.323548617368731, 13.65037465550909, 16.06665616551569),(7.918215864936873, 17.42491528983066, 21.791853354678487),(20.5, 14.5, 24.5),false
14:(26.75, 0.25, 5.25),(11.0, 7.0, 7.0),true
15:(6.75, -5.25, 17.25),(5.9831621721020305, -5.277605534223264, 17.891246972846634),(4.758136478700698, -5.047476713937962, 20.683354811835407),(20.333016033110166, -4.693626817509866, 27.376616765992427),(28.25, -15.25, 16.75),true
16:(24.5, -13.5, 6.5),(25.504136677812394, -16.375494585655886, 14.015284458688384),(8.432866404875371, -16.30494269735581, 24.106926910005214),(-11.369421706037928, -16.18481300451441, 23.806906731945002),(-4.5, -6.5, 21.5),true
17:(23.75, -27.25, 10.25),(12.48091979146523, -18.04497508711882, 21.94644869265782),(7.195013948297349, -11.215992202885278, 23.633620913964805),(12.25, 8.25, 22.25),true
18:(-16.5, 14.5, 7.5),(-16.18328886833534, 14.164866157624715, 6.689962478882229),(-20.36758130503392, 21.919269233792058, 8.242020726683963),(-18.890472152743584, 22.652654055302495, 21.28655587385029),(-24.5, 5.5, 24.5),true
19:(18.75, -6.25, 8.25),(18.85113979227815, -6.0779685241534995, 7.791550533061704),(18.60520225218048, -10.94759307894166, 2.062225241753684),(17.689596339614006, -20.635260749709555, 1.9187892638360946),(16.75, -27.25, 13.25),true
20:(-4.5, 18.5, 24.5),(4.9304739957417745, 12.553032360673129, 23.40068499910044),(19.0, 11.0, 23.0),true
21:(-12.5, -25.5, 24.5),(-9.729448717643344, -21.518316853194534, 19.840173809775425),(0.5, -25.5, 14.5),true
22:(-13.25, 22.25, 7.25),(-12.755176556579297, 21.768140370963177, 7.562296181929746),(-9.199557534937542, 22.756519775117212, 20.608434613490537),(-9.672410984661969, 27.098108792276395, 26.031717508944443),(-15.980388972043826, 23.374763057959377, 16.381360834823035),(-26.5, 24.5, 14.5),true
23:(24.5, 5.5, 20.5),(24.35323266276956, 5.057900479903715, 21.38487703272993),(-4.355673398716492, 12.093613199841194, 22.135765015686278),(-8.52717848299546, 11.88106543271567, 22.90952389737094),(-13.25, 11.75, 22.75),true
24:(5.75, 21.75, 18.25),(5.7743575343685025, 20.80065792060153, 17.936700898815726),(3.5829495900135413, 16.0244769042134, 15.072206057233632),(5.547249909447392, 15.262344485218415, 4.559633026633255),(3.073374205248146, 12.451800054795934, 4.884360413294689),(1.1103768290573757, 10.525773987741108, 2.9850328812065947),(5.216280242230167, -0.14064407424390613, 9.462056316749731),(4.5, -5.5, 6.5),true
25:(-22.25, -6.75, 17.25),(-21.800797898363932, -6.813545103855648, 17.039810819351437),(-15.590120015806336, -8.821360695507018, 23.8600047228574),(-3.4229486497719233, 1.2395076528312945, 20.87495872160634),(-4.25, -1.75, 20.75),true
26:(-7.25, 21.25, 14.75),(-7.333314816337778, 21.622826164293755, 18.368086929173273),(5.25, 14.25, 21.25),true
27:(28.25, 9.75, 7.75),(25.463544095899913, 8.725499485539073, 16.90966322951193),(21.159957806328478, 7.613761423857167, 22.202732797042565),(14.395988693465513, 4.549058449338603, 23.415466278965503),(7.25, 16.25, 19.75),true
28:(-13.75, 15.25, 22.25),(-12.382700079296756, 13.04533417183547, 24.211207519825958),(4.091509716147244, 5.516251280456888, 20.014345650294835),(6.25, 8.75, 21.75),true
29:(23.25, -11.75, 6.25),(23.371625998935414, -11.803194126398598, 7.241149585733481),(23.292944122576408, -9.081866043236033, 8.50138076536815),(18.41111010356051, -3.4407973191159598, 4.181728559550139),(19.561894395731798, -15.624698290923373, 1.7350702988771811),(23.397885795090264, -18.73158416914557, 5.119050400968513),(28.25, -24.25, 19.75),true
30:(21.75, -9.25, 17.75),(20.960882047998048, -9.25223968541228, 18.02598453091821),(12.306077721998474, -14.634839249054892, 21.1887646604064),(9.323533467149538, -14.31213904916206, 21.20592125845887),(15.182142962890154, 2.5960135173802854, 20.430854929703102),(7.25, 5.75, 22.75),true
31:(-20.25, 3.75, 17.75),(-19.80046157478294, 3.7111690112083195, 17.534576327756614),(-14.823017437378384, 9.089902666241292, 27.69508851927193),(-12.8930493630317, 7.426451567004639, 26.111373370499614),(3.14091995403917, -0.09321254466564634, 18.94778966608061),(2.7168157208854904, 0.013688396606552217, 13.117770133429357),(2.8974281551265033, 2.324611855690219, 6.334673959432425),(-17.764000791880935, 4.322562725345137, 5.259312074393824),(-18.932114555993895, 8.226775901119144, 2.6802997263969175),(-19.25, 13.75, 5.75),false
32:(-14.25, 2.75, 16.25),(-14.233320554948422, 3.2102893281297504, 16.444564977636354),(-13.504976717272182, 3.2796611216667486, 14.670838263927635),(-13.39276487865337, 2.653332632375228, 10.782516801392934),(-6.951634094514652, 3.020353587543681, 6.014547976664371),(3.1535725164433455, 7.541386536606605, 9.523071329479732),(8.051228724078669, 11.684350089767499, 7.609242503209742),(8.736565778698028, 13.210303651501075, 9.904989456475622),(10.367105539345243, 14.392026232418246, 12.128696233615761),(9.604681663625136, 14.349413005637102, 19.086921147100178),(4.608863358373214, 7.255636872358005, 23.74302356909875),(-10.139794642306917, -3.1821570972626723, 24.88558990592758),(-14.313181655953334, -12.50327686267381, 22.71768112858452),(-13.0, -25.0, 19.0),false
33:(28.25, 1.25, 24.25),(22.3774274185864, -16.31085805315655, 19.380064284905174),(28.25, -18.75, 6.25),true
34:(-12.25, -16.75, 13.75),(-7.6723022351445485, -20.159422066160058, 15.441598524664649),(-6.158840075196254, -19.02226418208951, 17.768894001629455),(-0.5498467458171179, -16.625153571963086, 21.2029957115093),(14.642473461222943, -11.520510139383145, 21.471934597750305),(21.25, -8.25, 18.75),true
35:(-13.25, -5.75, 19.75),(-13.089824799170971, -6.057337898859691, 19.38960116403644),(-7.079732576615046, 0.5405357586515658, 22.317238706642954),(-4.243535859805744, 17.47257622302372, 22.05775212689076),(1.5, 22.5, 16.5),true
36:(-0.25, -21.25, 16.75),(0.2429409870296353, -21.295516129950425, 16.67973290086687),(28.25, -25.25, 10.75),true
37:(22.75, -27.25, 17.75),(22.135143734902275, -26.80886927488462, 17.44193385242989),(-1.25, -27.25, 20.75),true
38:(-20.75, -5.25, 5.25),(-19.83438171250527, -5.305942662859139, 5.201128860700397),(-18.426494540265594, -5.641923891508158, 5.49346108846044),(-17.28776304796234, 2.3872089596126287, 3.5118472801807634),(-17.837294534975396, 5.014156448634382, 3.5232842822323454),(-16.603897184601923, 18.64432493069011, 11.109771875833513),(-17.75, 18.25, 7.25),true
39:(19.75, -11.25, 5.75),(19.42724998684387, -10.876317637021096, 5.8287014650830535),(20.1261954304428, -13.755727525835784, 8.282218363753437),(20.27355817107418, -20.356878996475572, 14.853412141044677),(14.45678885083424, -19.650300454842032, 18.683025886531084),(8.5, -12.5, 20.5),false
40:(15.25, 19.75, 23.75),(15.197025071099464, 19.2531502777828, 23.76827595252442),(13.39190982776764, 16.02329874391298, 21.808202907576785),(3.814602168223168, 14.767578713170193, 2.042317840974645),(-5.153520824768427, 14.557571185346442, 4.025930355809343),(-5.73332136086797, 9.833322128995391, 2.6534131262454888),(-10.5, 1.5, 8.5),true
41:(27.75, -27.25, 5.25),(25.07542344074014, -24.708210741024505, 4.9092894723403475),(28.25, -6.75, 14.75),true
42:(2.25, -2.25, 10.75),(2.269732203310412, -1.9735779207230741, 9.980616469522626),(3.2412951990951355, -1.4992058532791983, 9.449631193403262),(1.7504553357195474, -0.13815438363264576, 18.089064902709318),(6.560433881410457, -2.420888323076485, 20.27237601536066),(12.085777635330075, -6.29973356234576, 22.123088313590603),(16.255958507898498, -0.7350420651575931, 21.32071680912015),(19.25, 3.75, 20.75),true
43:(25.75, -4.75, 8.75),(25.29509690449334, -4.942873497317297, 8.826570149086013),(21.503929127671974, -4.789186241631421, 7.689530637787063),(8.443142127404702, -7.898397499460904, 6.846556843564586),(1.3158665915945056, 1.449402690455377, 5.128870697725091),(2.554746357628222, 6.4060624994610045, 9.913920380131799),(1.0, 9.0, 7.0),false
44:(-2.75, -27.25, 17.75),(-2.7061783760280402, -25.118569215256066, 16.197516349789108),(-25.5, -26.5, 9.5),true
45:(-15.75, -4.25, 8.75),(-16.019229754444645, -3.502473231928975, 8.142777577539364),(-15.551059074702867, -3.0087681001555064, 7.409925984452017),(-13.55897472636643, -3.1835267791804718, 5.56681865846928),(-10.620690200059261, -0.9796373184365741, 6.239431541308539),(6.651465372546907, 0.32255558396223827, 8.273134811900247),(9.07259203911024, -3.5693826294030018, 7.9291636492033195),(19.885973017537406, -18.039158645875684, 2.980806857996607),(22.34959241262289, -20.96025544411004, -2.884154605773096),(5.729621221557114, -15.093283188162829, -5.968267204362722),(-9.17055407853524, -18.872151499016816, -2.4552948840841564),(-15.827099531178916, -20.034508410434128, -4.2826779986414705),(-19.336894886610402, -22.650390559462743, 1.1797845545834953),(-9.25, -27.25, 6.75),true
46:(-23.75, 8.75, 20.25),(-23.346645079013037, 8.554578895818528, 20.02838005559947),(-21.60998222121496, 6.597189911935834, 20.68824966485849),(-20.901769543763116, 5.918553182066664, 20.88289547747456),(-18.607376578357517, 4.622049558630291, 20.066292238265746),(-5.588964647049082, 5.143889402314962, 23.797111620478955),(-4.157484700224449, 16.998804932965285, 21.852259508718575),(-5.25, 22.25, 18.25),true
47:(-7.75, 3.75, 12.75),(-7.427615108579829, 3.965396683445523, 12.43429087668445),(-4.319871914126804, 2.612294179138864, 9.09003500552736),(-17.130699717785376, 17.010133982785824, 3.7885651468904933),(-17.46063182030419, 17.3024066361931, 4.024619174176163),(-19.50527913208552, 19.990783889174605, 7.365529213374139),(-12.154455896416257, 26.10984917331101, 13.229031297138864),(-10.385076339707252, 24.82024821902244, 18.756931588969028),(1.5, 21.5, 24.5),true
48:(17.75, 20.25, 18.75),(17.256452721351828, 20.322458145890057, 18.784071994851466),(23.8400196878674, 21.887204789048223, 21.81340566486045),(12.911565515589936, 14.656195521443584, 20.274547512765047),(13.049433263643248, 12.289750695237904, 20.633250984602903),(8.25, 4.25, 21.25),true
49:(23.25, 13.25, 12.25),(23.302437603478737, 13.155964549549331, 12.738270039834461),(22.22687151728852, 10.840701695119808, 15.804850277810797),(19.975830438457233, 10.752488659844477, 22.6820398541503),(15.75, 10.25, 22.75),true
50:(-9.25, 20.25, 8.25),(-10.174628569941927, 20.135370810082804, 8.613210898055213),(-12.824347111770201, 14.949872325144387, 1.41780393318589),(-18.75, 10.75, 7.75),false
51:(10.25, 16.25, 12.75),(10.048198124109927, 16.08670016895555, 12.32267206027677),(7.085193508106667, 13.676506624601519, 8.17365942860819),(8.397950172246038, -2.8161861815524203, 6.575631514048789),(23.25, 4.25, 6.75),true
52:(20.25, 10.25, 8.25),(20.300638465826886, 9.765921217140097, 8.36447042309511),(20.955447725130245, 9.930775513463827, 9.838836325101399),(20.22487292472737, 10.328180666943169, 19.530646643503225),(15.151780405341542, 8.610547794318785, 24.958727921129267),(6.022421997171648, 18.77793567291632, 26.039887239557128),(0.75, 16.75, 19.75),true
53:(2.75, 15.75, 19.75),(5.164333343297362, 16.116656802721273, 11.198550011827686),(3.947471393108277, 12.243751862702828, 4.993318783729562),(3.6624136838179413, -1.4836081477500302, 6.688390047769573),(8.5, 0.5, 11.5),true
54:(-20.25, 14.25, 5.25),(-19.971350109497564, 13.906986551532498, 5.483871786869244),(-15.26795860097819, 9.837533605817312, 6.53724585217776),(-13.954867637186771, 1.435505706113391, 8.41890219052772),(-17.30278796060782, 1.128747395051912, 7.684971175467626),(-17.5, 1.5, 5.5),true
55:(10.75, 18.25, 14.75),(10.674187530333754, 17.555243404491648, 14.510126067836458),(10.488050647962217, 15.976329902200062, 13.916172054061825),(10.83777626532884, 15.048457464465583, 13.786770617245184),(-2.359032541483952, 13.77723118144526, 23.967815354242223),(-8.75, 8.75, 22.75),true
56:(-1.25, 6.25, 15.25),(-1.9439736207599567, 6.891120301682672, 15.577666556822077),(0.49454864831419254, 8.999014339591858, 19.760872416964375),(2.7850177744151208, 7.166221787175082, 20.389062389969396),(7.631519539237688, 12.210933833505127, 20.63866409906665),(14.5, 15.5, 18.5),false
57:(23.75, 9.75, 15.75),(21.502450094990536, 9.302724449159696, 7.2445544849411485),(18.294209468916108, 7.692041631706845, 3.5293864774555663),(15.41913920099689, 8.540052573453432, 3.651240477000029),(13.463278823778504, 6.953283487633941, 5.281201842528284),(12.587210627385538, 4.187215602746426, 6.043680020224332),(14.390312350675167, -6.596386214022738, 6.417240142219882),(17.254134741395617, -14.782071164152276, 4.314653790547068),(22.21110544885746, -19.71183530951309, 4.669431011462102),(19.5, -26.5, 20.5),false
58:(11.75, -27.25, 15.75),(11.057450450697083, -25.935331769222394, 15.491423085521117),(-9.231013701740785, -12.636287348446556, 21.974695262387023),(-8.25, -5.25, 19.75),true
59:(15.75, -27.25, 11.25),(12.509526161163532, -14.07674412778179, 21.9329636295233),(6.5, 1.5, 21.5),true
60:(9.5, -25.5, 7.5),(5.779260505580302, -21.839682629752183, 21.468538959499842),(-6.613836218819754, -14.93666100313821, 20.20632648866904),(-15.83458773806155, -12.519621007513463, 17.52448496899337),(-12.5, -18.5, 10.5),true
61:(28.25, -21.25, 12.75),(18.06792369253396, -15.126660166461493, 20.091757589260517),(11.25806693703825, -14.482009862363263, 21.578457611139672),(8.25, -11.75, 20.75),true
62:(21.25, 15.75, 17.75),(20.973595451364723, 15.600860876208422, 17.360952384342983),(15.152421035472944, 16.833327830973538, 19.98873611375983),(12.214160174360991, 10.563895489099185, 21.018707580703225),(10.838977932574325, 6.114836830662084, 20.939368585049447),(10.451437473594272, -0.03804876924540013, 21.521130128481616),(20.098865770844867, -23.71683206475117, 20.91411562934532),(28.25, -12.25, 10.25),true
63:(-18.75, 0.25, 9.25),(-18.41758049852137, 0.0007855093113776079, 8.971810473476246),(-19.768729938322227, 11.97114770192716, 4.9320937058433545),(-21.89417278117446, 15.617548298484007, 4.608124363947079),(-25.724791360006243, 15.87202990296386, -1.797985416647142),(-21.579670745743858, 8.149853245726748, -0.2947494721425117),(-13.502141206547552, 5.931321449602621, -4.823999809869838),(-11.404203815349515, -8.013357771679043, -12.540929799807174),(-19.547518054504316, -22.961390492187768, -1.538997429729152),(-24.25, -27.25, 8.75),true
64:(27.5, -26.5, 18.5),(25.0801280541207, -23.652763276450095, 20.513710073692916),(21.502636937146928, -4.90965169538916, 26.31124881343908),(26.25, -0.25, 19.75),true
65:(-14.75, -27.25, 13.25),(-14.852154496203852, -26.77330549547262, 13.361026160244924),(-26.5, -21.5, 16.5),true
66:(-18.25, 13.25, 6.75),(-21.6451831200449, 18.959007058587833, 9.631395269912645),(-15.655317493975835, 26.32805049845255, 15.296481271765954),(-1.3523449690249114, 23.247767774296147, 21.256240609702644),(-9.75, 10.25, 22.75),true
67:(-25.0, 27.0, 17.0),(-24.122693653502917, 26.040942850823136, 16.59162503134145),(-26.5, 15.5, 23.5),true
68:(-12.75, -19.75, 13.75),(-12.697839244695423, -19.844823889384866, 14.23814719666099),(-7.343189207511867, -17.80193920685018, 20.37921660434293),(17.478540102888502, -18.044737398126237, 20.602693583394515),(18.75, -27.25, 5.25),true
69:(28.25, 8.25, 5.75),(27.62514411152602, 7.638749187278461, 5.455473274288435),(21.77792254756803, 2.2990598813405896, 4.022020396656593),(28.25, -6.25, 6.75),true
70:(28.25, -15.25, 11.75),(24.81890067398267, -9.035472381483634, 21.345110055081264),(28.25, -1.75, 20.75),true
71:(-12.5, 20.5, 23.5),(-6.928060943656015, 18.1341615904844, 18.93071345676381),(-3.25, 17.75, 19.25),true
72:(-19.75, 10.75, 18.75),(-19.889212070735972, 11.696950864189208, 19.03966197571085),(-14.41029111673691, 15.200326398700426, 24.372476409724644),(-5.209320271867569, -11.56356473049767, 26.92877039299209),(-17.014765706594886, -12.906797532281825, 16.321719993911085),(-25.0, -15.0, 11.0),true
73:(-25.5, 9.5, 20.5),(-24.701972914057126, 8.943583025915371, 20.534515994418168),(-23.198102536790913, 8.389715935719272, 19.759311000562434),(-19.083210741953405, 2.5954044418059414, 22.024919360423535),(-20.5, -26.5, 24.5),true
74:(-26.25, -27.25, 18.25),(-16.947961286954232, -24.130475915345876, 15.281712306686028),(2.75, -27.25, 14.25),true
75:(-10.75, 10.75, 10.25),(-8.970150858272413, 9.69501455837859, 7.0823324447483875),(-6.056933322572309, 12.023516237555206, 5.032423412092315),(-1.3820553596435223, 17.13204122867274, 5.373549788597731),(0.759172481610643, 17.496550187190405, 21.494913404709937),(-4.930856492687452, 13.726815396129327, 25.605015987874474),(-13.25, 13.75, 23.75),true
76:(-3.25, 22.75, 11.25),(-3.760663526018689, 22.1733052526746, 10.612312042138594),(-4.872004487255464, 22.284017712979587, 9.252773869115678),(-5.510755267061591, 22.5795009334223, 8.542360533279513),(-6.685115667305148, 21.4660263787441, 7.665721691091777),(-5.658033554957089, 18.44827658550685, 6.517043530507614),(-4.635969357062015, 13.496174715298858, 4.520442428646571),(-6.020278369794714, 10.8718619735279, 4.076966171508024),(-3.848964426586197, 9.234160318674208, 2.810739868780994),(-9.374137079336482, 9.743736195338467, 10.116747954405096),(-6.5, 9.5, 12.5),false
77:(21.5, -6.5, 18.5),(14.232621128006041, -11.272647926907991, 21.6550773485492),(-1.434195402121024, -12.802067386850158, 24.336043873458795),(-11.75, -27.25, 12.75),true
78:(15.5, -22.5, 13.5),(12.802373011458426, -21.18166603556421, 20.513118361559272),(-2.0247046855955064, -0.2757060551044096, 21.99187124240213),(-2.75, -3.75, 20.25),true
79:(-24.5, -1.5, 24.5),(-20.610238821205105, -1.7786858712188358, 21.405959945742456),(-12.5, 1.5, 23.5),true
80:(23.75, 15.75, 13.25),(24.52800419583831, 16.363633835912264, 13.115229874669563),(22.276784623547258, 17.273011181595496, 16.390522879516375),(21.435412916205184, 16.825342812633842, 19.235111897549647),(20.962591578285746, 11.011093303918653, 20.094734600896523),(22.766962387984176, 4.703131543423049, 22.534788782514923),(14.094439438447601, 10.869387816476989, 21.439504372591905),(3.5, 9.5, 23.5),true
81:(16.75, -12.75, 7.25),(16.43286609921499, -13.229187872173084, 6.693173326636172),(16.378980362494715, -13.69591637120474, 4.797894008225578),(20.043394046471242, -19.35731015123087, 6.674244940265492),(27.75, -27.25, 13.25),true
82:(24.25, 11.25, 16.75),(23.448575342793486, 11.022454456733092, 16.53248885668917),(22.015572410020834, 10.829743813739194, 14.267314424714328),(22.25, 9.75, 5.25),true
83:(-19.5, 7.5, 24.5),(-12.460840890428344, 8.335509342324372, 27.10584977638188),(-4.443052569287028, 15.745706865654263, 19.710299191228547),(-7.5, 15.5, 24.5),true
84:(2.25, 22.75, 15.75),(1.3886095489257584, 22.819099111447287, 16.253221426009773),(0.37326674142790833, 21.1439153591073, 15.934177528351851),(2.078973346318934, 19.69210631450336, 17.92987677323754),(6.4288911381599005, 6.548745557647398, 25.22863554416759),(28.25, 6.75, 20.75),true
85:(-0.75, 19.75, 11.75),(-0.6610057377535328, 19.276143223947077, 11.88243782343401),(0.9276357949575758, 15.945259715618148, 8.795251356327062),(2.5516338526867623, 15.129089262643154, 7.150428111685787),(8.287160498251946, -0.8778266172553157, 11.296886910302115),(9.08830685153547, -1.7975165947147627, 11.569814938364525),(11.412862512595213, -0.1608422299825043, 9.560489295518876),(21.25, 0.25, 8.25),false
86:(-13.75, 4.25, 21.75),(-1.3913518967161789, 9.085636859345833, 24.57673996125352),(-2.5, 23.5, 16.5),true
87:(-11.75, -13.25, 17.75),(-11.863152391029637, -12.77328396188094, 17.84969130054495),(-12.122570004794184, -11.96183287902275, 18.373379797456025),(-7.696710341744881, -4.721320163764153, 23.23678973088345),(4.016156139031323, 12.715834525720048, 18.91069131907825),(-0.75, 19.25, 17.75),true
88:(26.5, -11.5, 12.5),(25.76960015664745, -15.317040979968887, 11.668567975340991),(24.318069456005766, -8.410207019139417, 21.01318980028956),(21.20654999684361, -8.397563652736887, 21.631109039067887),(16.5, -2.5, 21.5),false
89:(25.75, -8.75, 11.25),(25.06579463735514, -8.872422439787577, 10.531059273677954),(24.86935933065451, -9.102975737578689, 9.578033383599896),(24.28881871114493, -7.978998116102222, 8.76175860142065),(22.34868339663386, -6.344958834250921, 7.758909501960129),(4.720895650461023, -4.3586922696771975, 8.336408782102879),(1.1702462202822428, 11.318022950245597, 26.697239996141526),(6.053564065483883, 4.159146045769168, 25.261428620739608),(1.5, 1.5, 21.5),false
90:(-19.75, 13.25, 17.25),(-19.25122629714286, 13.215359225409964, 17.254980971188502),(-17.82177954417434, 10.755720362294998, 23.65082795524638),(-18.129986343798326, 0.23268130985235036, 25.19084419293519),(-14.40006945237734, -18.212731984281568, 20.546581788046456),(-7.75, -22.75, 12.75),false
91:(22.25, -7.25, 18.25),(21.400647250408635, -7.639939897828644, 18.507169666810803),(11.017032363637725, -13.776590760953475, 20.991403979001856),(8.706727024647988, -15.60056826602705, 20.412098099848972),(-11.5, -22.5, 24.5),true
92:(-10.5, 12.5, 10.5),(-6.884279594917873, 8.984908758860135, 6.886451741723401),(3.0783988453876776, 7.6522450105100175, 8.718002134252323),(13.792530370319183, 6.800070176405437, 7.152999158724718),(16.9370181385588, 0.4491228906402789, 5.291051434031378),(16.5, -1.5, 8.5),false
93:(1.25, 11.75, 12.75),(0.8571428226452898, 11.206428780074004, 12.038309814746492),(-0.5298527652068348, 8.48235699854153, 8.101539663806161),(8.18286725947183, 14.60194451414325, 5.886836868189929),(10.873392905459832, 13.37710042554622, 19.290472672671847),(11.149858849823062, 11.659193554210189, 23.12366978564297),(28.25, 2.75, 23.25),false
94:(8.75, 17.75, 13.25),(8.257541716494126, 17.834491449378785, 13.268601988826997),(7.8915179578498345, 15.26141373190789, 14.767033724997408),(6.4030705629928715, 11.971214748873631, 27.173377545406524),(-10.657674739587812, 8.03173916522074, 24.907218086865292),(-12.75, 5.25, 21.25),false
95:(-17.25, -27.25, 17.25),(-9.630440472319172, -22.356576334941806, 22.67124713452046),(0.319617337140502, -5.947123054833865, 23.946013673402604),(-5.676001336811367, 11.551625514137287, 24.68793166404291),(-14.25, 5.75, 21.75),true
96:(23.5, -26.5, 10.5),(18.25384760157405, -17.226855082401645, 5.365525254450583),(16.239661618860286, -13.106928117116546, 4.788655441253124),(11.998094609823545, -3.8392983455576113, 10.369032217641134),(-3.9385358471609617, -0.3735968000484483, 3.924338354673042),(-4.909575315828112, -1.4592993587921606, 3.892380590775726),(-8.5, -7.5, 6.5),false
97:(-13.75, 7.75, 20.75),(-13.898236145592792, 7.277452115441563, 20.81873530344109),(-16.31013080993902, 7.1452389135923635, 22.773088624673797),(-24.75, 3.75, 19.75),false
98:(4.25, 1.75, 16.25),(3.8823391699944887, 1.78948713999853, 15.913449439378873),(2.395405293477073, -0.6955658564487572, 16.276190768160554),(8.34123948694154, 11.556752973175206, 22.281250359547975),(21.103043686327847, 20.288670716542388, 19.100975784028925),(25.415154287449244, 17.394329259875555, 13.862421054072302),(28.25, 11.75, 5.75),true
99:(24.75, 7.75, 12.25),(24.973271267989524, 8.164150425591666, 13.373794279702768),(27.80699281619681, 15.93118153348761, 16.28464005853722),(26.150062387539574, 24.90236969753556, 5.2615054341995355),(23.253931261290038, 13.859738871267828, -3.9264627983205025),(15.806106965269555, 0.5846410812079279, -10.010613717850404),(20.531502030579365, -16.41378478909779, -2.8323757103516303),(26.25, -27.25, 11.25),true
100:(17.5, -21.5, 7.5),(17.581144960639744, -21.771285815764745, 8.817844754945279),(14.466440054917932, -22.633351438993607, 13.300487939221258),(8.295115184124693, -23.01937593944129, 16.581605801198016),(4.310915583336568, -15.897245273507098, 20.77955164473721),(-4.741926392783685, -9.64333320422103, 20.112383761108696),(2.75, -2.25, 20.75),true
101:(-26.5, -17.5, 9.5),(-19.94620742709506, -16.422596377474633, 13.309409047440662),(-2.9717636072380333, -12.434030861727654, 21.802106940128116),(4.273644416506653, -13.102008390475374, 21.625683569760913),(7.5, -0.5, 20.5),true
102:(18.75, -27.25, 13.75),(11.854057985704829, -23.27023171462167, 20.024853892795278),(9.5, -15.5, 17.5),true
103:(23.25, -0.75, 8.75),(22.779864151488177, -1.2906159238989312, 8.592366676184428),(13.26966512633252, -7.5504570830676165, 7.210035367444805),(8.545789851531874, -6.766276833047243, 4.533721857055121),(3.046258572252352, -0.05450039401172439, 14.768428167029636),(0.6325035143084279, 1.725214269908875, 21.72116378700588),(0.7434453816947874, 4.611012121700091, 22.53348309654988),(11.25, 4.75, 20.75),true
104:(-14.25, 17.25, 19.25),(-14.389777250675523, 16.77379036795056, 19.310718255384444),(-3.7885182553860712, 20.54106741878067, 22.87090329530333),(11.1626732057877, 11.845173796509526, 21.879137913765994),(-1.25, -3.25, 20.75),false
105:(25.5, 5.5, 20.5),(25.115867284353037, 5.652781273338326, 20.21875288572714),(20.673339733752698, -3.862930885427141, 22.193015176751533),(21.930464108511522, -12.445909237985669, 22.283606745717766),(6.25, -27.25, 16.25),true
106:(7.5, 19.5, 15.5),(6.556852397030681, 19.564366800397778, 15.826082066387865),(5.809494235750637, 18.45715437931485, 15.259509720287982),(3.929254240894431, 11.51036378619558, 20.9639776505356),(-1.0610051552125634, 6.727054668088438, 22.067274999485072),(0.5, 4.5, 24.5),true
107:(-5.5, 14.5, 9.5),(-5.446339015216599, 13.83254397044093, 8.8307449533415),(0.2706293608767747, 15.022771179965163, 3.861630428918742),(11.540220900741463, 15.097524105751514, 11.628204840195473),(8.75, 12.75, 21.25),true
108:(3.75, 17.25, 14.75),(3.3316816823083193, 16.979477909354703, 14.79275024627414),(4.456036648298798, 14.561511804047534, 9.192185715411812),(3.3187501241605197, 4.5680390481569315, 3.9350858494361334),(8.148932733813858, -1.6001987927073928, 11.30422235542953),(11.75704364448146, -7.045626027943418, 7.695403154149392),(17.979749293272462, -15.88016217418173, 3.9749169790292385),(24.049379574823572, -18.79286640121257, 5.89213953551935),(28.25, -4.25, 7.75),false
109:(8.75, 19.25, 17.75),(20.450233355895683, -1.4926336643109077, 24.62917683742687),(18.25, -7.75, 19.25),true
110:(7.75, -9.25, 5.75),(7.50452390950575, -9.28527481875335, 6.184162614877855),(9.364845683099004, -11.077422803605412, 7.501482920348705),(17.92141438830468, -15.502848513392834, 2.0355158545375303),(22.158535311266377, -21.05078382253118, 2.5524492059632435),(28.25, -21.75, 15.75),false
111:(-26.75, -27.25, 20.75),(-20.359724292951693, -22.863521113578173, 19.07820422560247),(-17.75, -27.25, 5.75),true
112:(23.25, 1.25, 5.75),(23.66891080204153, -9.977139372880663, 3.6657773876052393),(26.761608122974206, -10.487347877238497, 2.0579533692467527),(26.91369785087951, -10.348100811538403, -0.9349514019345162),(18.30888455455111, -4.966287751522008, -4.848207688800439),(16.710091449449028, 0.032868730559652226, -8.163296437189501),(19.752767498986913, 19.552875127291237, -7.574179339838785),(25.518435274938554, 15.936327698898674, 8.292182833959117),(26.4329201956369, 13.657795874686755, 14.847486797610905),(19.0, 23.0, 21.0),true
113:(6.75, -19.75, 12.75),(6.1672402014942165, -19.118644280404247, 13.854421120373631),(13.07225750845394, -16.031327571747216, 21.953763071617633),(28.25, -12.25, 14.25),true
114:(20.75, 15.75, 10.75),(20.377566088879167, 15.173030120060952, 10.199617641842012),(19.915328268131038, 13.442019936783563, 8.861977754691967),(24.83195935104773, 9.580420023225537, 5.048455227027653),(23.129155696440225, 3.3362361872644413, 5.443410880644908),(21.234647454543552, -0.8520854938889177, 7.104388765267203),(18.187353528200447, -13.60009263531512, 1.9061013491725365),(20.249911727119386, -16.425965540025057, 3.703401418168464),(28.25, -15.75, 20.75),true
115:(17.25, 12.75, 24.25),(16.767580404062624, 12.629145667241954, 24.301629097505423),(13.888834099683685, 11.960966404468115, 19.134686534662272),(13.471364860242495, 12.888140335430041, 14.966538934328309),(14.443247074233518, 13.483711838957927, 12.191518295429665),(12.773654887142541, 13.552216680848305, 9.69997880839713),(9.0, 15.0, 7.0),false
116:(27.75, -1.75, 16.75),(27.773452222191164, -1.6840909402754667, 17.24508180043355),(27.595358521688613, -1.0006270193593816, 17.95300814027924),(26.219271897175307, -2.2254030131221, 21.70220111105994),(5.369014726506668, -18.07181861412808, 21.29820891754617),(12.167807230210476, -22.477001529393945, 15.590002814555247),(12.75, -21.75, 15.75),true
117:(-15.5, 15.5, 24.5),(-6.418269782848753, 10.469856877512631, 27.047437786654758),(-2.220848961883776, 14.058245684296704, 19.86953280785779),(2.5, 8.5, 20.5),false
118:(16.75, -6.75, 6.25),(16.591301916852792, -6.0378835320745505, 6.171694442751707),(15.557509185796897, -5.5539241543827265, 6.46439119890422),(4.2313563616375305, -1.7205144266309191, 12.249937402622132),(3.7446115254403125, 3.2999051672781596, 17.103643879689855),(4.456945388194881, 0.6662948732066518, 23.521819395024586),(6.999767719821886, 8.633771378203104, 20.258612880192466),(-3.25, 19.25, 18.75),true
119:(-11.75, 11.25, 12.25),(-11.091396295898251, 10.674259332532898, 11.828187796207336),(-8.722582908302229, 9.512531582311247, 10.501723661148313),(-15.8292397739984, 17.223080971358105, 7.0068284861348245),(-23.491978867018865, 18.674820657811278, 6.1678777128821975),(-24.15685147732168, 17.155831007856428, 3.5754525832055646),(-23.25, 9.75, 6.75),true
120:(23.25, -5.75, 10.25),(22.883230003077017, -5.535980116816818, 9.986039285196886),(24.71947655654523, -1.3862668719179887, 8.083152834496886),(27.898837938038028, 2.5746333900006286, 6.763641036670384),(28.203361431716043, 12.837714812897925, 8.813117017278024),(28.25, 18.75, 22.75),true
121:(22.25, 11.25, 12.75),(21.123229641495293, 9.146679686426314, 10.725006910198118),(19.02795474239685, 8.094047108995913, 9.270313397815672),(17.573773142611216, 7.675506218245745, 8.038776869368842),(12.425044572752293, 7.575962754333864, 3.9433272007279294),(7.719862875186289, 9.125202210178964, 2.948040839815853),(4.840890459540501, 9.333325576158778, 3.7654773783213735),(-5.02219230350549, 9.849515016161272, 3.8992267886815433),(-11.743069807629993, 13.359110636054064, 4.608913527442899),(-10.705782295219446, 21.72833005488775, 9.924472236229738),(-10.059133752176562, 22.446715591653355, 13.577357614355668),(1.5, 20.5, 24.5),false
122:(12.75, 20.75, 8.25),(13.206101754145745, 20.755610706558993, 8.454791869558056),(12.996946311446889, 21.046925519329893, 9.388274424643956),(15.832483106924625, 21.6767172123785, 10.13866999023508),(21.607462011992894, 23.738011309090087, 13.59504428304889),(22.883441240578573, 21.515131700183183, 15.672546108143722),(19.264490994855937, 11.9297970644502, 22.766846700731964),(15.26326003330163, 2.7691465482526496, 22.540581809519985),(16.306388581124594, -5.091626592815608, 21.465485675350898),(23.25, -9.25, 18.75),true
123:(14.75, -13.75, 16.75),(14.430237657650755, -14.0267190809907, 17.016793168261458),(19.945325060275962, -13.732453022535026, 21.441299353233646),(-2.484085383760669, -23.805394346467267, 25.83736387440193),(-13.49101768893117, -16.353056810604357, 26.37075418934562),(-22.75, -27.25, 14.75),true
124:(9.75, -27.25, 8.75),(7.340002937149999, -18.823491659773186, 21.740429645274155),(20.25, -11.25, 18.25),true
125:(26.25, -27.25, 5.75),(27.5, -26.5, 16.5),true
126:(-12.25, -16.75, 11.75),(-8.871673843287182, -21.31485395956515, 14.978041936105015),(4.216529683340716, -24.35587933384459, 19.380440593893322),(18.49563511203633, -20.50507122947953, 14.976681567921158),(18.5, -18.5, 11.5),true
127:(-3.25, 26.75, 9.75),(-3.659972315825524, 26.752054281920724, 10.036214046095656),(-3.6787959820379745, 26.758508367285668, 11.442489827639262),(-5.280198615698319, 24.728086527061222, 12.963310907071449),(-7.250038030211576, 13.38658641269098, 23.652649183105794),(7.637009068564424, -3.7769850888827543, 20.105293898447776),(10.199121160600795, -0.8140413083874454, 20.834592717500747),(8.75, 1.25, 20.25),true
128:(-20.5, -26.5, 14.5),(-19.24856344565144, -25.919193774046068, 14.395098119211864),(-3.25, -27.25, 21.25),true
129:(-7.5, 27.5, 24.5),(-7.250293613610333, 26.978582771352144, 22.69558847852344),(3.75, 16.75, 19.25),true
130:(-12.75, -2.25, 10.25),(-12.121180376569884, -1.7891014920491457, 9.623774444343029),(-10.77949569042653, -1.1300413826738644, 8.64578211764123),(-7.03560443427226, -2.5348281833938042, 6.476771334938193),(2.1898869810902717, -1.0232234601145072, 4.174740575419145),(3.9211008921396333, 0.6313184697633287, 18.290962889465103),(1.4708547587494751, -1.5842668907294835, 20.72815818821856),(-4.573234594738339, -4.655859043769402, 21.071395297011087),(-12.45829258249171, -6.34975820541022, 22.057934480305157),(-24.005928125509925, -15.750343892677403, 13.505622073745073),(-26.5, -7.5, 5.5),false
131:(23.75, -4.75, 19.75),(23.251379716262587, -4.0999436902516235, 19.715356454707983),(22.848839455210477, -3.807197925849694, 19.7629091166401),(21.093432649703796, -3.89057054352083, 19.933921481996965),(20.36912557103859, -0.9834368316906157, 19.779154439847304),(15.890051098755222, 2.853734684730138, 20.14017434489119),(9.18445962166134, 4.419057932657985, 21.39906515501831),(6.1200821893549096, 11.255457027662517, 23.81470435932454),(9.25, 15.25, 19.75),false
132:(-20.75, -27.25, 22.75),(-18.75174505096246, -24.46972779956795, 19.753237056506574),(-14.5, -26.5, 12.5),true
133:(-16.75, 11.75, 18.25),(-16.664514763881876, 11.476065946524118, 17.84054620681681),(-16.99025163448867, 12.359456972918315, 14.873205664417346),(-19.829776859690227, 10.935902617758938, 4.79068934191048),(-13.868095046167255, 8.452150502126926, 6.095995351443178),(-12.5, 7.5, 6.5),false
134:(20.75, 10.25, 13.25),(20.39307336390371, 10.171524545935208, 12.35904550248542),(26.30161665973622, 13.5515419816537, 21.28920527432976),(11.554201138328747, 16.852212756164302, 22.74601581703373),(5.575396006021883, 13.608450286404096, 25.6946375997305),(-2.75, 15.25, 19.75),true
135:(-25.25, -2.75, 6.25),(-24.774578287188767, -2.8928874266123294, 6.190356238350188),(-6.306143278720309, -5.787656841962791, 4.988558828856015),(2.860805985186346, -14.105535328057792, 3.4405621459035434),(2.071524922131536, -16.50852227045388, 1.827276939197375),(4.948927974948247, -21.62504062978031, 5.640647043228275),(-2.4514775944084564, -18.24957135642227, 19.640170964410917),(-13.558960455562431, -23.99554280587164, 14.74275223564764),(-15.75, -15.75, 12.25),false
136:(17.75, -20.25, 13.75),(17.818273197724842, -19.767098703400347, 13.860204846603036),(16.968714552938803, -20.36378965023075, 14.363714074884022),(9.64227062276717, -22.525442675486513, 18.70201559659352),(7.75, -25.25, 10.75),true
137:(10.25, -17.75, 8.25),(10.285228855081245, -17.705068335322427, 7.7532706237004225),(9.767574034769956, -15.917172595743057, 7.1511713904443),(9.852687303324434, -15.781358297095506, 5.249625946814591),(8.451859431191544, -17.489349936284853, 1.9428098357583385),(2.328142118862333, -20.87564533370244, 1.7609039257169845),(7.0552480610974495, -20.741639573315986, 16.717218183153207),(1.2517804551206817, -16.41721960592749, 22.89062492229231),(-13.5, -12.5, 24.5),false
138:(-16.75, 15.25, 12.75),(-16.89759369573931, 14.269899282855489, 12.882735395546273),(-16.994647207410235, 13.63946971119065, 11.539993577906245),(-16.857387950986663, 14.812716784072949, 8.384903362495661),(-15.162593579902383, 14.160890343422924, 5.996850948705177),(-9.544577481410315, 15.034640219063029, 6.7458437164962834),(4.5866768165843785, 10.273825189080636, 4.8697067080230045),(4.9279972098582405, 10.088830700917491, 4.554623499196142),(11.199012564510957, 13.638994178581992, 3.6453238849513925),(5.658113453409219, 15.274268265438605, 13.417882035354816),(1.2069703913406937, 17.13683826245783, 22.34573655921229),(1.75, 10.75, 19.25),true
139:(-25.75, -27.25, 8.25),(-23.47342159520268, -25.452208683500974, 8.1466345504587),(-14.5, -24.5, 24.5),true
140:(-9.5, -20.5, 13.5),(-12.059537669200454, -15.467792412136195, 19.385771990537194),(-1.7421809489618025, -4.397568194613286, 20.561090336240376),(-1.9491295753115192, -3.027964431800743, 19.280392784821274),(-5.25, 0.25, 21.25),true
141:(28.25, -16.75, 23.75),(16.90875842585024, -17.798829766083976, 20.861069532460792),(-2.4980160133367986, -22.97680633971767, 23.602826546515292),(-2.75, -24.75, 13.25),true
142:(19.75, 13.25, 12.25),(19.88328450100779, 12.875708520488589, 11.332317522148177),(20.121101773868954, 14.370616391999496, 8.742202968615146),(22.003208328519648, 11.367296574756592, 6.964734565644754),(23.546079372180497, 8.76717292698687, 16.057104258300033),(19.59909211137467, 15.91060741739143, 25.18275089660068),(6.5, 20.5, 23.5),true
143:(21.75, 3.25, 11.25),(21.283993864692583, 3.1482931486266925, 11.100020007202378),(17.451510036943652, 5.131678711760017, 8.556474946602581),(15.133017606655434, 5.420374621790832, 6.674654678291148),(13.80483093851652, 11.063701555230278, 6.62330447885646),(13.918811586694297, 12.972474305079142, 10.834709202204603),(12.60316376291138, 11.417204320498854, 20.396068877218983),(9.192573771876948, 8.246131738935546, 23.433054770960005),(-4.25, 6.75, 22.75),true
144:(16.75, -21.75, 6.75),(16.770211515544755, -21.727900974659036, 5.750448536733419),(17.71475558416577, -22.478498276514664, 9.495639620186182),(12.563287685142404, -23.866036792848767, 14.027429040605135),(2.5, -26.5, 13.5),true
145:(-12.25, 20.25, 21.75),(-8.819377238258511, 18.524356649495036, 21.338271029987865),(-6.3005945482518975, 15.492338379028915, 21.776063564488897),(-6.225482405634534, 12.50047903619675, 21.9837552560399),(-5.5, 11.5, 20.5),true
146:(23.25, 1.25, 8.25),(17.300871428576166, 0.1685661221107595, 7.362539882120421),(3.4382087640094, -0.32764741348856885, 11.801756227898606),(1.932608430532618, -2.4383897282029734, 18.98966844645869),(-4.192727627080247, -4.170552877244727, 21.901689910392196),(-1.5, -11.5, 24.5),false
147:(-17.5, -26.5, 16.5),(-5.63896911007539, -19.592508933570684, 24.050059295018734),(-0.609754473641537, -13.86394665248677, 27.146899921359335),(3.436187309713608, 3.8984468837603226, 27.64426594565565),(-4.75, 1.75, 21.25),true
148:(6.25, -20.75, 5.25),(5.395895512024026, -19.96779205858207, 10.13696478312391),(4.867997102058206, -14.704273295107955, 19.531513778404978),(7.222293573701261, -13.417136591495924, 20.873365942327595),(4.25, -4.75, 20.25),true
149:(15.25, -5.75, 10.25),(12.360525317137155, -3.234857081564812, 9.054791101947727),(1.5, -6.5, 7.5),true
150:(9.75, 24.25, 19.25),(9.815191795140345, 23.866410935795102, 18.93597856813779),(15.771638408712862, 24.209563879256685, 18.74149330408942),(23.27554879533605, 18.77270994392699, 16.603706597237103),(27.375679308378892, 12.393347852149029, 16.60982344500318),(27.5, 7.5, 12.5),true
151:(22.25, -15.75, 12.75),(21.77376742211784, -15.757099617685407, 12.597841769225475),(18.64273141303917, -12.294021249784548, 23.317697804539588),(4.75, 2.75, 20.75),true
152:(-20.25, -27.25, 21.25),(-19.195648370173185, -25.869846287950587, 21.04641856187564),(-10.005515691353335, -10.341888782686905, 21.26328370137282),(-8.897221114767143, 6.988542954201749, 21.272211361875133),(-3.6606214142863465, 8.753140329721175, 21.397674681619737),(1.25, 3.25, 20.75),true
153:(13.75, -14.75, 18.25),(13.876794710212113, -14.318512577125563, 18.031501246311556),(14.967237548361819, -12.494975186045608, 17.54586831744543),(19.321616325364968, -17.96213584989049, 22.104893813489852),(15.75, -27.25, 20.25),true
154:(13.0, -25.0, 17.0),(-1.3964639857457715, -5.664679271818064, 22.94197096287686),(-1.4158472556009345, -5.399818183863959, 22.518328551240003),(-4.25, -5.75, 20.25),true
155:(24.75, -13.25, 14.25),(24.867288814250323, -12.350696579773235, 13.828696436734516),(25.81767416189013, -11.117889907094957, 22.62651823104357),(-6.019406165064969, 8.239851496973843, 22.748356974817145),(-7.19887755271723, 9.812970692891847, 17.27996347059174),(-8.899296931872183, 7.506954373087734, 6.119865478428154),(-8.620751745579797, 6.868791272492361, 5.4021187011927285),(-9.5, 2.5, 8.5),true
156:(-4.25, -27.25, 8.75),(-2.0044615120782856, -27.271599953231867, 23.0806992994493),(19.714965141535643, -19.155115711983136, 15.550988757229172),(19.127624060077785, -14.684215006547582, 2.541951933026022),(18.191093005157065, -13.659002217177767, 1.3966175904247977),(21.25, -0.25, 9.25),false
157:(28.25, 10.75, 24.25),(23.648621750902, 4.603687471958947, 20.929509194773807),(20.25, 2.25, 21.75),true
158:(24.75, -27.25, 11.25),(28.25, -25.25, 23.75),true
159:(-6.75, 25.25, 16.75),(-7.157953754895002, 25.111759910611863, 17.003896458331006),(-8.72851418155678, 18.774752993622705, 23.632878090517323),(-1.9210997473877236, -3.828739137059934, 21.32912257915361),(-6.509093285390951, -15.773146390838994, 21.690712018456896),(-5.25, -12.25, 19.25),true
160:(25.25, -5.75, 9.75),(24.841371240600715, -5.46338767251042, 9.779595788937073),(19.58105347730881, -4.375874524391502, 6.782416759048506),(19.71756952395356, -12.015485297072267, 6.475851510660542),(18.854257750483736, -18.31237660002796, 2.849694182593178),(18.07218299056984, -22.54915658869614, 8.366763549342746),(23.5, -17.5, 24.5),true
161:(-14.25, 14.75, 23.25),(-14.264463776141433, 14.25220759012356, 23.29464880568543),(-10.5, -20.5, 24.5),false
162:(24.25, 6.75, 11.25),(25.152153082678232, 6.9332352119538685, 11.64056967690078),(24.996125880364435, 8.556835768811375, 1.7879780357982642),(18.350780609018294, 8.156734472610486, 6.799787734084052),(13.128432111112437, 11.498601796123427, 1.9480926836407084),(1.1112641700152475, 15.502283602224207, 7.0381813197243925),(1.5, 16.5, 11.5),true
163:(23.25, 0.75, 12.75),(22.619624166477195, 0.2223042080049672, 12.180646454633713),(21.952451069611108, 1.3913691508609296, 10.933983218333179),(18.76861324038205, 2.746847688237244, 8.021296154662013),(6.596595050958605, 10.042085852297491, 5.886864308050583),(8.771981937589857, 13.60113833282317, 10.502565216330932),(9.145531644491452, 14.941491308021602, 15.273379524368972),(5.9114749190186995, 13.266994773091975, 21.25141753453026),(-3.6751431824146694, 3.7460746728704724, 21.817862339762343),(-12.417821576692187, -10.685037301816893, 22.05818383509304),(-9.5, -12.5, 18.5),false
164:(-14.75, -13.75, 12.75),(-14.268286689523519, -13.851271470708808, 12.83772899024989),(-11.329827997709982, -20.721904473470325, 13.7874231576425),(-6.453545762909142, -17.33146226138051, 19.696081468599516),(3.75, 10.75, 22.75),true
165:(23.75, 13.25, 17.75),(23.65312085067639, 12.389128412776813, 17.250485695161625),(17.468845403252043, 8.960402827220392, 21.052579929714756),(9.811356857109196, 7.419058240061801, 24.1496067041341),(7.589066777475297, -17.730177715687585, 20.114601537154723),(17.5, -25.5, 24.5),true
166:(-11.75, -16.75, 13.75),(-12.131170770219507, -17.20911421571796, 14.552448117236217),(-8.620608655276715, -17.317740739900472, 21.10256045986536),(2.9289500552258643, -8.655731711852116, 23.413045779421395),(7.5, -23.5, 13.5),true
167:(-13.25, -23.75, 9.75),(-12.753905557623876, -23.754960154606213, 9.812174762643737),(-13.105835406147786, -24.118504787475647, 12.769197028645426),(3.5, -15.5, 24.5),true
168:(21.25, -27.25, 19.25),(10.116288289666302, -5.464057550196283, 22.742416952962802),(27.0, -1.0, 21.0),false
169:(15.75, 21.75, 10.25),(15.254585279971346, 21.809097956642457, 10.217263373728853),(18.73618438998969, 24.629322125777236, 10.137168734416324),(12.60059364561717, 25.899552952829925, 19.730488146601424),(9.48105261385046, 7.096804275106196, 21.339545937043653),(6.622845278679531, -0.4560136149929801, 24.102089752091835),(9.5, -4.5, 19.5),true
170:(-8.25, -23.75, 12.25),(-7.561322899601607, -23.390057683629106, 12.37724927236673),(-8.649290990915198, -15.885943243921181, 20.197850752512334),(6.789894305003543, 15.203563104966584, 21.883376247498315),(2.75, 12.25, 21.25),true
171:(13.5, -1.5, 8.5),(14.495269309582895, -6.965341617846048, 6.074362079091715),(19.360923863188834, -20.026592642750735, 2.7520365730014067),(20.824434966143162, -24.01807824460808, 8.313167567834645),(7.75, -27.25, 18.75),true
172:(21.75, -5.25, 9.75),(21.377925999360166, -5.158739530854078, 9.428701906605198),(22.86302962243405, -7.672915967219902, 8.040800228340611),(23.40463340591638, -10.058442242152086, 9.777443465544444),(25.8572108715821, -14.808416186202644, 5.539788959585375),(19.47218626454172, -20.682658270697377, 16.357877891290286),(6.5, -20.5, 24.5),true
173:(3.25, -15.25, 15.25),(2.92447327160578, -15.56292922987006, 15.46472691073521),(6.036610458627685, -16.732155429202002, 17.296496803726853),(11.440271752570546, -12.29760830164547, 21.30959365057077),(18.25, 3.25, 20.75),true
174:(-18.25, 5.25, 7.25),(-18.0043861310378, 6.196336997161856, 7.460047887816327),(-20.194716490306032, 8.234222317709008, 7.237615116925137),(-17.815006346105477, 12.989057903374443, 13.364828184995503),(-15.598384416529983, 12.104571055051016, 19.91545232593699),(-14.645706273731902, 15.688619071674099, 21.9955178434054),(-8.535777730372285, 8.89532997946221, 21.90454431104582),(-2.045380676612618, 11.195410331056102, 23.163264478819244),(12.25, 11.25, 21.75),false
175:(-3.5, 19.5, 24.5),(2.432757898358454, 1.756339044199787, 20.861764975694378),(-5.5, -3.5, 21.5),true
176:(20.5, -5.5, 19.5),(11.452898959952803, -18.646213369147592, 24.948460700290415),(28.5, 4.265991835840233, 21.172529531707845),(28.25, 8.75, 13.25),true
177:(18.5, 15.5, 23.5),(3.6437325702502004, 15.054083803470053, 21.05553348260538),(-10.5, 22.5, 14.5),true
178:(20.25, 8.25, 14.75),(19.810861625610148, 8.46791112462886, 14.848347495653028),(17.46689771791632, 9.025459772815497, 22.01929385502067),(21.61931297870538, -1.542534791404585, 22.739361839733295),(24.49918872853562, -21.981975204443046, 15.788525599596746),(28.25, -10.25, 10.75),true
179:(-25.25, 9.75, 14.75),(-25.254231541271047, 9.828391606948022, 14.256201609947361),(-25.51039321744111, 11.221807192147871, -7.490844003242991),(-20.678387668846966, -11.17600954990883, -6.741896786317998),(-22.083584632810194, -18.32615999688754, 0.9516107191833321),(-22.673907896640834, -17.189614496592515, 7.4332502896611405),(-14.5, -26.5, 6.5),true
180:(25.5, -10.5, 5.5),(24.423718850731678, -9.491409543020481, 4.831582364118386),(25.603177614547025, -18.924560594380736, -2.0149622277339305),(20.17092466473229, -3.9085980552313693, -5.223358393335123),(8.14376374293985, -10.709472805991858, -4.49752834031988),(-15.392769307593605, -21.575009861408898, -4.264954636487391),(-16.1412255089525, -25.442597838107908, 1.521372052971187),(-8.75, -27.25, 12.75),true
181:(23.5, -8.5, 8.5),(23.078272319255717, -8.629831551393988, 8.26486273890198),(28.25, -26.25, 5.25),true
182:(-14.25, 14.25, 17.75),(-13.884784799959451, 13.324887257747474, 17.853847348456046),(-14.015288321285954, 11.497218539813156, 25.04206553549758),(14.159416041618487, 13.875084201800863, 27.638756652887245),(19.160197956598253, 14.101502860121364, 26.81568721755404),(20.5, 13.5, 21.5),false
183:(5.25, -24.25, 8.25),(6.003414303618678, -12.640988084189324, 19.353401670102187),(5.674748603795407, -7.747309932488809, 19.25761085910635),(0.26477965104073253, 3.181425760937051, 20.773213320663405),(-2.25, 7.75, 17.75),true
184:(26.25, -0.75, 11.75),(25.82346366080134, -0.6935770511620675, 11.49527818666742),(24.71187104555851, -0.7502998975308601, 10.469799622386704),(22.65551281218049, -0.17662203382101416, 7.256687148618822),(27.53688224149184, 6.953580709035247, 12.134548697229398),(26.69996133660129, 8.576556743565979, 14.51478233918476),(17.068173932598963, 8.635315760918608, 21.64806856589632),(10.46089922387101, 6.555181887118817, 22.65651489093034),(-0.75, 2.25, 20.75),false
185:(-13.25, 7.25, 20.25),(-13.782168239283845, 7.222251630168338, 21.096183782088275),(-12.238032880369481, 6.199848552974402, 21.229705437116944),(-2.131328027759138, 13.840628955618381, 21.606683313151844),(-8.688524434557227, 21.681136166309734, 16.919619602792555),(-6.5, 25.5, 13.5),false
186:(18.75, 7.75, 13.25),(18.56821422418051, 8.121468864461782, 13.531006787187037),(19.22846448703769, 8.503747623089346, 15.26465141059995),(24.804533015693565, 7.463953526980191, 25.096672587396025),(17.214506041237634, 17.344236819813034, 22.413061889560105),(15.5, 19.5, 24.5),true
187:(-16.75, -4.25, 20.25),(-16.680070607526783, -4.104300777204897, 19.77683869923119),(-18.50052353243834, -4.391604663604005, 22.682203832252796),(-7.21913633899294, -1.014299527895545, 22.582336074465964),(-4.4021161108311215, 17.868179545390312, 21.42785373077716),(-15.138268211053521, 23.58082223677223, 20.970425390879093),(-15.522335607121837, 23.43385135300566, 20.058892728489983),(-18.5, 21.5, 12.5),true
188:(19.25, -0.75, 8.25),(9.5, -5.5, 7.5),true
189:(0.75, -27.25, 23.75),(0.13339432794390566, -26.58214700521342, 22.941908735509596),(-21.25, -27.25, 22.75),true
190:(8.25, -27.25, 22.75),(7.125967161376465, -25.88528416338274, 21.790193777053858),(-8.25, -27.25, 18.75),true
191:(-16.25, 11.75, 10.75),(-16.325106610723463, 11.122190468571379, 9.979449377616044),(-16.34068432496332, 12.990254066420201, 7.632090067835971),(-3.8650376397769146, 19.74503938513451, 5.3355267125362325),(-4.776344196419078, 19.718229166608094, 5.746381397313671),(3.320754242994494, 16.214652959401754, 17.581949840625338),(2.009300476832621, 17.04896112058646, 16.923374167742388),(-4.256338349763042, 22.50947792449647, 17.534138024223715),(-5.75, 22.25, 18.25),false
192:(-8.25, -23.75, 12.25),(-7.755542736577591, -23.743936309275163, 12.323994907281627),(-15.174225879427269, -8.510327154895915, 21.42989667145169),(-20.89469542841871, 15.929667791734499, 22.794351518391164),(-20.66086518709325, 18.60556859222993, 17.93110206378712),(-19.50882815840501, 21.861263702887083, 4.2688617541125975),(-19.5, 13.5, 6.5),true
193:(27.5, -11.5, 14.5),(25.710476993385033, -15.803437016163931, 7.257594295308588),(22.412111642797555, -17.667400821020028, -0.3930513292748681),(23.631004370888235, -3.7300434251940437, -7.388688749087058),(21.595013714182564, 16.093949836830205, -9.853716598738725),(28.25, 16.25, 8.75),true
194:(24.75, 0.25, 9.25),(24.39528133194328, 0.9894930539761698, 8.677877032751644),(28.206492115347828, 14.974282791976485, 8.638885136602276),(23.86058944105186, 12.112008929754188, 19.336666914220203),(17.825348644314094, 1.1142201616589658, 24.313228260399967),(15.25, -2.75, 22.25),false
195:(25.5, -14.5, 8.5),(24.397612193333995, -15.397343186181939, 9.73899913082122),(21.715774024348832, -16.515856969998104, 12.015285068175073),(21.542598003890568, -15.155439151621824, 14.68348172985175),(9.02088497410522, -9.681846953178482, 24.2223273473866),(19.5, -6.5, 24.5),true
196:(-1.75, 16.25, 6.75),(-1.6249035329476984, 16.040160318978106, 6.313745278306741),(-11.881793681111612, 6.741649188169509, 3.6800812998009125),(-15.396155389640859, 11.924844116932736, 7.024272306032374),(-17.396895723409454, 21.927657150263595, 9.242525351457157),(-26.5, 25.5, 17.5),true
197:(17.5, 21.5, 8.5),(18.375953732255894, 23.96673726908809, 16.16577895093746),(18.30171537242958, 17.249023480085384, 21.986787740584653),(18.5, 14.5, 23.5),true
198:(23.5, -15.5, 5.5),(23.022173606534356, -16.191410582229818, 12.530291166480295),(20.519507398562588, -12.976618912923842, 18.825175409758963),(18.725326224334648, -8.13250032210563, 20.671338359492665),(12.5, -1.5, 24.5),true
199:(-9.75, 6.75, 6.25),(-9.631201825089828, 7.051782800365539, 5.517378541429021),(-9.2905110599918, 7.387193166681292, 5.370989714174845),(0.08498773641899593, 12.12976359472834, 3.5345774938425145),(3.759088778592594, 9.676655844867998, 8.96442499625674),(15.25, -8.25, 8.25),true
Total path: 200, feasible path: 157 (0.785%)
