ID TP TN FP FN acc pre rec
all:    96241 559714 40521 27795 0.9056761902657983 0.7037115573039294 0.77591183204876
bottom: 40365 195282 10873 18706 0.8884762429022796 0.7877942152308833 0.6833302297235531
top:    42215 286313 23134 5373 0.920156287198734 0.6459930526863457 0.8870933848869463
=== path ===
0:(-26.25, 2.75, 5.25),(-25.64651139435278, 5.967230087835912, 7.466462134895191),(-24.961512963918295, 13.173825401669731, 7.663510029542847),(-24.526351501134034, 15.081000996961787, 3.846294875074667),(-21.362644046258996, 17.916541418665425, -1.7170373689004195),(-7.8068294720978155, 13.953254648973289, -0.5530842954474648),(18.152105516792446, 25.83545743085375, 3.3523449869590527),(12.966555070634207, 25.387474070727244, 10.83454227982136),(-0.25, 27.25, 9.75),true,true
1:(-10.5, -0.5, 7.5),(-8.891594738353517, -3.354693054189391, 7.679711267242377),(-8.136374534869292, -3.9889102719588965, 7.514148696188548),(0.6263802023737484, -9.774720922331966, 7.568941298638551),(9.03986629280082, -9.848284757710223, 4.2777979478256),(11.661406795465407, -10.977743538704487, 6.121514359960863),(13.259658399846584, -12.449388731368423, 8.190294733998215),(20.12987430663827, -11.331268711389233, 8.931874813954659),(26.5, -3.5, 12.5),false,true
2:(12.25, -9.25, 10.75),(11.883455346285505, -9.559077275394959, 10.608168217004264),(12.724677752227212, -10.572042262373081, 8.8786184496607),(11.175219298139213, -20.034017669377988, 5.109323648328029),(2.332403602619859, -19.693551847755504, 5.142471033468967),(-9.252627421731887, -14.721046285210816, 3.6492354685389303),(-16.75, -2.75, 10.25),false,true
3:(-28.25, -21.75, 7.25),(-27.077065271074236, -19.616029900187964, 7.870139357221529),(-25.664225409672927, -7.058520138647216, 12.62320895646992),(-19.75, -3.75, 13.25),true,true
4:(-5.75, 26.75, 6.75),(-5.482192494356907, 24.372954178066745, 8.060853003273667),(-13.75, 20.25, 13.25),true,true
5:(-8.75, -9.75, 8.25),(-8.972558411077113, -9.302275739828051, 8.246722727916186),(-15.401901533436423, -10.121599165042625, 12.089769361410134),(-10.054070308760371, 4.111498674412897, 4.047081984972756),(-12.61890493092996, 9.106426572775296, 8.227072254229514),(-28.25, 20.25, 9.75),false,true
6:(-20.25, 27.25, 13.75),(-18.55674892213268, 25.56812296460337, 11.850204956862534),(-25.5, 10.5, 5.5),true,true
7:(-9.25, -20.25, 5.25),(-10.277365316878722, -14.220514688880108, 3.2840856965765073),(-15.75, -6.75, 9.25),true,true
8:(3.25, -24.25, 12.75),(2.7564963742149002, -24.27416901150793, 12.826616122452716),(2.362603362563197, -23.858507845604308, 13.646417373080935),(2.9618335329613346, -23.291325640231204, 13.944735732534385),(8.537744260694677, -21.32675680696848, 10.738354348253605),(7.646750195116951, -19.66484800292335, 8.405075817485672),(-11.140417818201788, -19.701823480282233, 18.090985870399187),(-17.75, -12.25, 6.25),false,true
9:(-19.75, -0.75, 5.25),(-19.82633908666147, -1.134897115727977, 5.559881516312245),(-17.20012038308305, -3.0852315497475264, 4.785242249088711),(-6.456907048870004, -4.37517884871545, 5.9271098143744645),(-4.5839749723365255, -1.214735123403304, 4.184748560550484),(-4.963790400565383, 5.174491319589593, 7.324604461591351),(-4.937284148439962, 6.130214222368023, 7.031532539184864),(-4.167629663646533, 6.647971900071491, 6.657956628269193),(-2.726428868444274, 7.526800390334266, 7.326319060020553),(4.25, 8.75, 7.75),false,true
10:(7.75, 14.25, 11.25),(12.75, 27.25, 17.25),true,true
11:(-28.25, 3.75, 14.75),(-26.823646425996024, 5.027165163339101, 12.816151614919862),(-20.25, 27.25, 5.25),true,true
12:(13.25, 10.75, 15.75),(13.391799672629215, 11.201683887022194, 15.91085558444384),(14.063093835683208, 11.864654986555701, 16.242266911698916),(14.20943995129418, 4.875160185387074, 9.775838167105528),(24.25, 0.75, 7.75),true,true
13:(19.0, 23.0, 5.0),(21.816579778605043, 14.590451280865377, 8.85620346459967),(19.25, 7.75, 7.25),false,true
14:(-28.25, 25.25, 13.75),(-21.516818834284077, 18.035946429863394, 9.889388930674825),(-25.5, 8.5, 9.5),true,true
15:(-28.25, 26.25, 9.25),(-21.246019269428448, 19.785402032444274, 7.624646501329454),(-15.94157430167693, 14.40183148036536, 5.216086204109674),(-28.25, 1.25, 10.75),false,true
16:(7.25, 27.25, 9.25),(6.559821660378283, 26.329201777390676, 8.651245610652781),(8.5, 13.5, 5.5),true,true
17:(-9.25, 4.25, 12.75),(-9.177983095618597, 3.849270809585332, 12.459776497449079),(-9.027823244904862, 3.858629522925217, 11.639202354454683),(-10.440855681112943, 3.3404422101888893, 4.61672744291381),(-13.89865101759243, -7.6731575058673185, 7.484009583675842),(-13.926466809614096, -23.058336855433623, 12.064815031831635),(-1.75, -21.25, 11.25),false,true
18:(-28.25, -27.75, 8.75),(-27.498753075119808, -26.37888364746309, 8.694414772057549),(-28.25, -6.25, 7.75),true,true
19:(-5.75, -9.75, 7.25),(-5.832209313101615, -9.274063585613415, 7.120670350266454),(-6.29097043944834, -9.07728421810754, 7.149237980148404),(-20.56150702962214, -11.463104422362465, 6.548619151427831),(-16.3991340306563, -19.98253605402884, 12.830625182191989),(-12.5, -17.5, 15.5),false,true
20:(-27.25, 2.25, 6.75),(-26.798668416349653, 2.2794391355691417, 6.536849492384816),(-21.549843343931247, -17.015142204848395, 13.996223593624187),(-23.4212223966209, -17.67293124293693, -4.0939907110020854),(-2.2420374704106725, -9.901702994565339, -3.151306960733252),(5.813497209841428, 4.845846146743195, -0.598746278309425),(19.421258055573478, 22.106198919026973, 1.897377027428103),(19.405840021350723, 18.95408249802035, 8.147490974600675),(4.25, 23.25, 7.25),true,true
21:(9.25, -17.75, 9.25),(6.8618840087265545, -9.771040276995818, 5.150438236631805),(-1.139195367173992, -9.747202750902412, 5.380511878860911),(-2.6888372369778564, -7.303059292459312, 4.243323258804182),(-13.79422023874555, -3.7940012984215086, 8.684269151935936),(-11.5, -0.5, 9.5),false,true
22:(-28.25, 19.75, 9.75),(-19.326450890676828, 10.254393468639277, 8.853620641304788),(-5.894651973678619, 13.538813205776243, 5.729621316912814),(2.921160410182604, 21.295016088869332, 11.259355640448018),(2.25, 27.25, 11.25),false,true
23:(-10.75, -13.75, 11.75),(-10.620935253399786, -13.473608946627419, 11.353830494862846),(-9.835697463812167, -9.739347115807053, 7.596630207727388),(-7.65653205967534, -8.5958104691554, 3.857460282747079),(-6.342089078122027, -5.941915525548694, 4.336084641241294),(2.3127948739196036, -0.953348061836673, 5.0286323102179),(2.7962734773363684, -0.9709039666243536, 4.902377685568897),(5.073341824164787, 0.749333564130733, 4.0556566763468265),(11.337247811398456, 7.9640406833728035, 7.417095874450166),(13.052366107859479, 10.184401705135208, 8.479341685071631),(11.042988806315968, 21.454693669424014, 14.33176030643716),(-2.25, 19.75, 14.25),false,true
24:(-28.25, -20.25, 7.75),(-24.021309306386296, -17.365857233914927, 7.003059398724483),(-21.576533726696198, 3.0402432781621838, 9.965784665417898),(-20.68357520547202, 9.829263707526982, 14.284675932388614),(-17.818004632253572, 12.18984628673827, 8.350355821657422),(-8.5, 9.5, 9.5),true,true
25:(-28.25, 4.75, 13.75),(-25.499920819281602, 4.2944887564433145, 11.743628913388978),(-4.393031289644625, 12.95305842588219, 5.409064492799792),(-4.220856410408385, 15.674322504016162, 6.660095119130599),(2.75, 25.25, 6.75),false,true
26:(11.25, 5.75, 17.25),(13.224214122261113, 3.3064199611626344, 17.68144655297906),(14.198003681793976, 12.507316854488272, 14.64438645833894),(11.90396963102868, 14.35488789429388, 15.21349894880193),(5.42329663911624, 19.105991020986366, 13.07431623521407),(6.5, 15.5, 7.5),true,true
27:(-28.25, -8.25, 16.75),(-28.106323044240174, -7.917326170056494, 16.405493025826313),(-28.25, 15.25, 17.75),true,true
28:(-0.75, -0.25, 9.75),(-1.1435529560219029, -0.14233435233805697, 10.039005500155199),(-2.674864466742128, 0.03627652123622166, 6.559511584145442),(-7.19336471237092, -3.587888994341644, 3.6020460933393945),(-15.036025402066176, -6.7263481569103405, 7.401465187257913),(-19.75, -7.25, 6.75),false,true
29:(4.5, -9.5, 8.5),(2.7419099324242637, -7.707000779777793, 7.946343990560492),(-3.2124753016031535, -7.372212738945426, 10.712376432513368),(-6.9888881214146785, -4.072307541912513, 8.46447500409014),(-10.670116483122836, -7.0095537354413215, 3.2855617447705754),(-14.60794653111014, 0.8802885166138097, 12.47933087027278),(-16.679610124399193, -7.289121895545039, 17.362651628820394),(-13.25, -8.25, 16.75),false,true
30:(13.75, -18.25, 7.25),(17.109186268895602, -17.246221986056504, 9.30178846120285),(22.10744134957182, -5.749052853987042, 7.466604852586272),(21.25, 1.25, 8.75),true,true
31:(3.25, 17.25, 11.25),(2.7544951030295572, 17.316508598927996, 11.242823416763818),(0.9560521645582348, 17.39988573142658, 9.442719276704885),(-10.843988754287723, 8.937229939868075, 6.188092946522138),(-10.763138621563273, 4.769519258365578, 5.681864979557957),(-13.805280476886338, -8.450041652987537, 8.098235619136279),(-13.436068828842396, -10.930538567697454, 9.744691757350491),(-5.25, -19.75, 6.75),false,true
32:(-17.0, -7.0, 11.0),(-18.69931916992987, -5.750414750362159, 13.314455509383478),(-24.321722225165626, 5.9293509149401125, 6.676879891457535),(-22.5, 6.5, 5.5),true,true
33:(22.25, 10.25, 16.25),(21.79788455444193, 10.048749404994625, 16.178657012273042),(21.23410327225388, 9.996432349300711, 15.62950052504934),(16.690080028948067, 6.700320896012311, 13.25980773681045),(22.606058366154663, -2.2669768411145723, 17.614359070006117),(13.740445260384217, -16.549430237924437, 9.660649432061264),(13.75, -13.75, 9.75),false,true
34:(11.5, 2.5, 16.5),(11.668107894537943, 2.842239458761978, 16.176562388302894),(12.036619072263013, 6.11212850847023, 10.808389152522428),(11.076656689674623, 6.390871817067036, 10.780561254151822),(10.462111770349923, 6.685572775227246, 10.048792241831915),(9.182149467953774, 11.21797964863189, 8.898251109867573),(8.812336471409246, 16.79104729546227, 6.402432267396299),(2.384539361440634, 14.421891536348493, 7.880567772961731),(-0.2260829758156837, 15.287785547737966, 6.682703601505633),(-14.794746675834476, 10.71435393829277, 9.23630003270346),(-16.86822715111721, 13.906909724580062, 8.1524365056408),(-25.04218819734018, 7.184812224126217, 11.920611549268106),(-18.721764836489815, -4.921632685872006, 11.328897196899536),(-22.25, -1.75, 13.75),false,true
35:(-10.25, 18.25, 5.75),(-10.4109412233619, 17.80730326091446, 5.917682795258791),(-0.21144342044418218, 16.016187896805476, 9.103878781827268),(1.6434128753505415, 23.664266357636425, 20.948865887160633),(-13.142505774479213, 24.24544423568524, 7.915192546032117),(-18.327734015763514, 23.341306471348098, 13.423966714003829),(-22.75, 14.25, 6.25),false,true
36:(-16.25, 13.75, 9.25),(-14.154884299417288, 12.872131073025221, 8.686594853438299),(-9.133867715172228, 12.643246609064393, 10.041969051029248),(1.546953717982385, 19.25461463765503, 12.96525290401501),(14.154677515895411, 19.144349253310697, 15.206178842052037),(6.5027188160879525, 9.84774842592563, 6.443735667802563),(9.25, 15.25, 10.25),false,true
37:(-28.25, -16.75, 14.25),(-25.675070007216046, -16.110471135780397, 12.540531211670746),(-2.671758748934154, -17.6330780001379, 3.21361921173386),(-0.16076949967944687, -10.678322111179586, 5.241849096516537),(-2.5, -7.5, 13.5),false,true
38:(-12.25, -9.25, 17.25),(-10.731164960241479, -10.934427636555444, 11.367054700045331),(-10.03987780651459, -19.759629592415212, 15.967004977391614),(8.75868621498206, -19.28313690642773, 8.625404318657424),(16.705365889222584, -19.23132384907188, 16.850970302614574),(12.75, -12.25, 17.25),false,true
39:(18.5, 2.5, 17.5),(17.530428723893564, -1.5520134373093453, 15.242951280459339),(16.300540222348076, -1.8668475688398152, 13.937947035755224),(10.877013431548209, -2.139838032662266, 13.825336088680796),(8.394065657120226, -5.86695410945426, 7.553909333445362),(8.598215741813194, -6.477299298495149, 6.788532633294061),(9.180927080341226, -7.280176600014023, 6.662693312505056),(9.312924911131782, -8.107512907762423, 5.56117963335986),(3.228533269298078, -11.407159850433453, 5.7218567693974975),(-0.909927628702119, -16.22861916991412, 11.267095992524531),(-8.677924914281837, -22.11203729993253, 11.44272456376985),(-20.491448339556193, -14.030753165815355, 16.34547969305555),(-14.25, -0.25, 13.75),true,true
40:(7.5, -13.5, 6.5),(17.672579881341644, -18.67186258409415, 12.93929371631246),(21.44257698148159, -1.192556205102136, 16.246824135338578),(17.627108759613495, 4.067934270391891, 18.84863931039451),(13.5, 6.5, 12.5),true,true
41:(-14.25, 27.25, 11.75),(4.35866543811779, 20.15973214088895, 6.362329093638399),(19.25, 10.25, 16.25),true,true
42:(-18.75, -4.75, 8.25),(-20.367221469332282, -23.677142458953696, 1.4015555377559776),(-16.123318550257387, -22.832607400875485, -4.100812002598305),(9.31163205686358, -18.200832574260524, -0.7139979040395872),(13.055798382877882, -14.001034870883155, -2.07346724893737),(19.590954177681745, 2.873024768073096, -1.3114456755944928),(22.563782958043884, 18.13766187942877, -0.8508727915399634),(21.95943359532064, 13.477126022925486, 15.826602180135776),(11.269584780858645, 4.7848096832875475, 14.988623333526549),(13.75, 8.75, 11.25),false,true
43:(-19.75, -4.25, 12.75),(-20.148195750947753, -2.73506719828634, 12.096389827910556),(-28.25, 0.25, 8.75),true,true
44:(8.25, 4.25, 9.25),(8.212589342503854, 4.679660769506632, 8.99703346890809),(9.686760079557637, 7.082799604710928, 8.831840507850313),(8.521838474590858, 14.394409371989067, 10.330023288616024),(16.25, 27.25, 16.25),false,true
45:(1.75, 5.25, 12.25),(2.073648220916192, 5.540909497037591, 12.003781613945831),(-1.2125249459770155, 9.342391079055654, 4.629268872113889),(4.968351702544325, 15.981159951512318, 5.919662605726334),(14.11226644759133, 16.063059112881476, 9.627623183237652),(14.5, 7.5, 11.5),false,true
46:(12.25, 21.25, 6.25),(14.795023810229408, 4.064929819819126, 8.797707533791462),(16.25, 6.25, 12.25),true,true
47:(-21.75, -3.25, 7.75),(-16.738369818652778, -17.74863404472672, 12.572237524120823),(-11.5, -15.5, 14.5),true,true
48:(-17.0, 25.0, 7.0),(-9.412348152088798, 27.396041276767917, 7.766131688550227),(9.75, 27.25, 11.25),true,true
49:(-24.25, -4.75, 17.25),(-23.75599775539848, -4.81429531016011, 17.292753893624713),(-22.323237744570655, -5.055234363071121, 16.13997998342674),(-17.0, -15.0, 17.0),false,true
50:(-2.75, 27.25, 8.75),(2.1016437519074707, 19.986830477562293, 5.8350377482304046),(13.25, 15.25, 9.25),true,true
51:(3.5, 1.5, 6.5),(2.1504091495728668, 1.3021440746123474, 6.3468973611201935),(1.1814706511255129, -1.5176122431947958, 6.015035199352253),(-3.9083988173167707, 0.7807650135415266, 8.680453121264312),(-7.588968493968416, -5.850571018390214, 4.260322943790465),(-6.870620465231325, -8.719081398843052, 3.7547299188743244),(-13.091045232921488, -11.6921392837003, 4.966027785955299),(-24.25, 2.75, 11.75),false,true
52:(8.5, 23.5, 5.5),(8.110597399546009, 23.48479049199237, 5.813263923275304),(4.5, 13.5, 6.5),true,true
53:(11.75, 27.25, 6.25),(8.85874365589664, 24.640928478099053, 6.420568060021786),(4.75, 14.75, 15.25),false,true
54:(11.5, -16.5, 5.5),(11.696418004545107, -14.3821349249408, 6.441016530084328),(2.9739137491725627, -17.51917894556104, 4.90838249638103),(-3.418109116018176, -18.276232450851033, 7.659548373060753),(-19.469497572097616, -22.908297724314913, 8.461744623714694),(-15.32530021840379, -7.285577651646804, 4.321327666891841),(-12.66246645459419, -9.597115152157503, 17.704483857986535),(-15.5, 1.5, 17.5),false,true
55:(-3.5, 16.5, 15.5),(-2.6239673432288124, 16.82936296861926, 15.852259590604318),(-0.5743846011981438, 18.525700798491023, 16.459013668414208),(-1.5, 26.5, 12.5),true,true
56:(2.5, 20.5, 8.5),(-21.25, 27.25, 12.25),true,true
57:(4.25, 19.25, 9.25),(0.7871238741879587, 18.116275784633725, 8.690123908400524),(-14.064860900430194, 8.640255252350663, 9.638752406991046),(-17.48310748497758, 7.556903406185433, 7.813824078814679),(-17.82913722312162, 8.070156781303485, 7.028436026161791),(-23.595941394346646, 3.1429775190825393, 10.067236965467693),(-22.25, -1.75, 12.75),false,true
58:(3.25, 4.75, 12.75),(2.8759758944996716, 4.423785694303153, 12.810746977401378),(3.4894280426717685, 5.509588933086751, 13.354730406970328),(-0.5325736183639032, 7.406974803632341, 8.349471116754554),(-1.8519722850392037, 12.736566679470798, 9.579460651652305),(-1.2507960560982476, 22.316646619400967, 6.5178186936877),(11.25, 27.25, 17.25),false,true
59:(3.25, 3.25, 8.25),(3.4275720005883197, 2.8782063787062087, 7.966737422569958),(2.076740905083617, 6.14199814805759, 9.830716450154714),(-1.1575568592168006, 7.872877796849062, 7.471241597658928),(-1.0233729576632211, 9.328545357483106, 4.851503703616551),(-2.5170557585122535, 12.177733909408913, 5.069781365607513),(-0.75, 22.75, 8.75),false,true
60:(-6.25, 5.75, 14.75),(-6.664820498485584, 5.771416149396811, 15.028325892760959),(-6.1317357625578515, 5.2769003193933175, 14.860409521111553),(-5.895608022630397, 4.3367055383626845, 14.614894828761965),(-6.00304640232701, 3.342753923319912, 14.59215320344558),(-4.034157561496746, 2.2818360268832603, 11.844895529537386),(-4.02347191503173, -0.6803063971062047, 5.5025301918292655),(-5.065317441104023, -0.5065969015165499, 5.507597121974116),(-4.846070369168249, -8.567034307685653, 3.705746569872564),(-9.708622451871292, -8.922148788096296, 6.136650368319586),(-14.696754315460122, -20.594385961052954, 15.50564730597593),(-8.030130650645155, -18.17636298082648, 24.739526859844798),(3.215659214670886, -19.970165291762928, 12.608844865981112),(8.25, -18.75, 8.25),false,true
61:(12.75, -22.75, 7.75),(16.94291263202811, -28.0, 10.682806050079876),(11.483055249457998, -20.588828821847393, -2.3123927248268545),(6.99276646872312, 7.19044142270818, -15.943472731983066),(11.474514851334735, 18.968377962605356, -20.55058874520767),(19.972587509091042, 20.60253134811791, 7.167988825812168),(14.75, 16.25, 8.25),true,true
62:(-11.25, -5.75, 16.25),(-11.298061725661233, -5.9573907398454695, 15.797585199675328),(-17.670925963642077, -9.86558987752257, 16.230791308424994),(-13.958233733627647, -20.35004473727564, 7.922012206634042),(-11.221906021399537, -20.162877148934996, 6.7064962893515006),(9.791221000029523, -19.903816324795528, 6.827982523324004),(10.595395101012802, -19.370554993169492, 7.780729274037101),(13.75, -15.75, 9.75),false,true
63:(-3.75, -10.75, 13.25),(-3.785279651438768, -11.10938741822008, 12.904173410768543),(-4.279824466403322, -11.049635330664135, 12.861102376135255),(-4.948189523455902, -11.144865793752519, 12.123390162998538),(-6.087613739310879, -10.77347186240122, 11.234873839639356),(-3.547703361803603, -7.772402905266938, 13.554945260024919),(0.35386317649625454, -6.679403701568989, 4.225202968872964),(1.2911553777310347, 0.2576446041082483, 4.598593779378405),(2.9413882044903867, 2.7405893280431823, 4.264352675727893),(2.44870791006653, 4.0365590849145985, 4.4625961575276305),(11.950343898963375, 8.7013395708593, 9.203597828455848),(13.664466075055994, 10.154114897452429, 11.191367688341478),(16.25, 9.75, 17.25),false,true
64:(-19.25, 27.25, 5.25),(-19.572553732362575, 25.945512616738224, 7.020912002103294),(-28.25, 2.75, 12.25),true,true
65:(16.75, -4.25, 13.75),(16.87840093529777, -3.774305265673197, 13.83501599583849),(20.059292807660324, -4.727283729908313, 14.248242352707779),(20.55207970666021, 1.0901789959465686, 9.1338063876368),(19.69041240949499, 7.945503278132731, 8.010392637024513),(17.56740142180812, 9.798168388835688, 5.728561203089555),(16.748032476445715, 10.143008125961572, 5.27060914547364),(-3.25, 27.25, 14.75),false,true
66:(-1.25, -17.75, 16.75),(1.2953541886050806, -19.058889753874812, 12.4671965278819),(6.588459328695148, -19.81476957538226, 11.016610938649151),(17.28602150370408, -12.924870202527496, 13.218079746600537),(23.25, 3.25, 7.25),true,true
67:(-5.25, 11.75, 13.75),(-4.761220283033128, 11.780240156495248, 13.649104404372997),(-2.0128188131413416, 12.135594535029405, 8.67864662079267),(-0.530227590218682, 9.39612309398409, 6.319735303700068),(-2.006737295006537, 3.847723987969567, 3.7963760068505645),(-4.24052043095308, -0.6893542620363832, 5.753035384770628),(-9.198039269366, -5.82183686625838, 6.530005337002573),(-27.155440605152826, -5.147359441239372, 12.31902641614874),(-28.25, 13.25, 11.75),false,true
68:(-12.5, 26.5, 9.5),(-10.283336398980081, 25.368130857638675, 9.249743440930214),(10.75, 27.25, 10.25),true,true
69:(-13.75, 27.25, 11.25),(-1.141001123134206, 24.412585739192505, 15.190033261607196),(19.02219344000974, 12.142594363424099, 14.29306783963817),(14.25, 9.75, 11.75),true,true
70:(-28.25, -25.75, 5.75),(-27.403791331367447, -25.258272253330734, 5.780654676126664),(-25.25, 4.75, 10.25),true,true
71:(10.25, -20.25, 7.25),(12.585593030951868, -9.880175024382506, 6.1130331279721695),(7.915884244136501, -7.476279077113968, 6.255393899729202),(10.607937350461276, -2.4402188715400173, 5.467089881158642),(11.81505326470241, -0.43802857148700447, 7.347011467810441),(11.82669010412895, -0.3251353389672398, 8.340550446421446),(11.845370579064522, 1.4202020234986648, 10.780519407502045),(15.599658795451246, 11.908490123751626, 22.411153046178196),(18.25, 10.25, 17.75),false,true
72:(-21.75, 1.75, 10.25),(-20.25, 16.25, 6.25),true,true
73:(-4.5, 23.5, 8.5),(9.152267481428714, 21.19336523049506, 19.632492405562637),(20.5, 2.5, 14.5),true,true
74:(-28.25, 13.25, 7.25),(-26.465411423403207, 2.6327319542188112, 24.816793463276763),(-16.750431317509488, -7.245238660888706, 23.143142821642584),(-14.25, -3.25, 14.25),true,true
75:(13.75, -2.25, 12.25),(13.524726494584696, -2.1127311962912243, 11.825254048534584),(12.29650442602018, 0.819914452060175, 12.06275526626331),(14.945840937057442, 13.075744896953239, 17.8422423239607),(-0.242468416984031, 24.90451097070587, 13.745736681499281),(-1.2215764730863525, 22.151270073976566, 7.384839576604976),(-4.5, 17.5, 5.5),false,true
76:(20.75, 1.25, 5.75),(20.445883640425986, 1.5546169985048728, 6.004404646304526),(15.72637387641478, 5.947248247546699, 6.56342443004649),(7.376705112612703, 21.62994336379577, 8.84498488956347),(4.75, 21.25, 8.75),false,true
77:(11.25, 18.25, 8.25),(-6.4240250575615505, 22.51727252553095, 9.277613062327262),(-11.2323059885783, 20.997436648191105, 15.291523115123764),(-17.530983031848837, 17.778298531279898, 6.425311159274807),(-28.25, 18.75, 13.25),false,true
78:(-28.25, -12.25, 12.75),(-20.86671509371301, -5.653758184405139, 8.88592076355265),(-25.621944133493052, 8.20738514118641, 13.158591594137972),(-21.5, 26.5, 9.5),true,true
79:(19.75, 3.75, 14.75),(21.44585638742227, -4.393611923902425, 17.859888554001223),(11.852943653844006, -20.01077869354022, 6.371871527118657),(-21.954837641511048, -18.636775502035263, 10.471193936267188),(-15.75, -3.75, 14.75),true,true
80:(-28.25, 24.75, 12.25),(-24.016637719796325, 21.638445458353633, 8.683507128367271),(-15.75, 12.25, 10.25),true,true
81:(19.75, -17.25, 15.75),(19.617711158791423, -16.837447971205663, 15.500399346897154),(18.764459666242203, -16.039538281256032, 13.271178914340542),(18.62722504983147, -15.239470029377252, 12.687177670853655),(18.863913109763445, -4.8005025858529295, 10.036551403484994),(18.440633958970917, 0.6322329058909304, 7.418640020661819),(20.045057458467753, 3.5660394767478234, 6.780489969738275),(21.933650643878845, 12.187584072268558, 12.515167009854613),(17.5, 11.5, 12.5),false,true
82:(-19.25, 8.25, 14.25),(-19.311581675215134, 7.958286023096496, 13.848614084755283),(-19.552680350854484, 7.4151991067628416, 13.044295721224925),(-19.130036846170846, 7.324368636558903, 10.262180476208286),(-18.270676084031965, 6.961807326387191, 9.901558268263944),(-11.469056551158458, 10.239134782346369, 10.324619876915726),(-8.5, 9.5, 5.5),false,true
83:(7.75, -11.75, 17.25),(7.507849919744505, -11.631362663362486, 16.82894356555467),(7.4066741623139345, -11.320355822463705, 9.167574514372584),(6.833333031487511, -11.318241881407868, 8.389090059334567),(6.280308446180643, -10.491611935923796, 8.284942369609027),(1.1744448640105514, -7.083736355062614, 4.7684124826193255),(-13.84765283278022, -5.128374955032773, 10.420068216910781),(-22.90499508025104, -14.043165740087547, 16.48673478971355),(-28.25, -3.75, 14.75),false,true
84:(-21.5, 4.5, 12.5),(-21.05348826290244, 2.690060311490807, 8.033445263871032),(-20.208930648195537, -4.344030340502273, 6.328070992749781),(-28.25, -11.75, 8.75),false,true
85:(-20.25, 5.75, 9.25),(-19.246364105955355, 6.305783293471986, 7.563022497601986),(-13.960263466055146, 9.424519147133417, 5.9045588980922314),(-8.185003606944676, 12.890259009771622, 11.075865251785311),(3.75, 23.25, 7.25),false,true
86:(4.75, -19.75, 15.25),(4.687169131672734, -19.860353915212457, 14.766394483713716),(-8.318676445920339, -18.160499601645846, 8.27341041365223),(-14.660734484055375, -15.680400309367684, 6.652482487627102),(-17.58639721430827, -11.889769109492363, 11.758519375012558),(-13.75, -9.75, 10.75),true,true
87:(0.25, 27.25, 17.75),(-1.8187040890761446, 16.05430346040218, 10.065334872716619),(-5.5, 18.5, 7.5),true,true
88:(19.25, -17.75, 16.25),(18.874242838895533, -17.420696117070435, 16.23088172167216),(17.30588669875712, -16.78018105131061, 15.990205798723496),(21.05650455897984, -0.509521060834146, 13.192877383428744),(16.565044674430816, 5.058550074849017, 6.6272437381076035),(14.351789323879558, 6.159231412005543, 4.927243341845429),(12.59109262185509, 21.43061556390172, 10.344840291065593),(16.75, 18.25, 6.25),true,true
89:(-28.25, 2.75, 10.75),(-27.951686294011964, 2.6363657599676946, 10.36516731906975),(-26.566618442545053, 0.9458592451077787, 10.053535658041854),(-28.25, -12.25, 10.25),true,true
90:(14.75, 12.25, 9.75),(2.3830794063994882, 14.198985775120358, 6.134366295102944),(-2.256493366194686, 17.8312687989079, 6.991025484322725),(-11.102425458086206, 8.171499108434059, 8.29589083108043),(-21.5, 19.5, 7.5),false,true
91:(16.25, 12.25, 8.25),(14.532120530187852, 10.077284633633012, 6.828190134922264),(14.548723826176172, 5.4897826718200236, 7.880734122592707),(22.467202797458015, 0.8035218230816281, 7.943150336126134),(18.30187279614414, -10.695282982310442, 8.522553052098479),(14.22377311046219, -14.951312109803718, 12.726812608408743),(7.5, -18.5, 11.5),true,true
92:(-28.25, -14.25, 13.75),(-25.22369233164101, -12.787519325737193, 12.299703540974594),(-13.75, -7.75, 10.75),true,true
93:(2.75, 23.25, 7.75),(-4.715534680182734, 14.018671189336239, 6.152799877587252),(-14.75, 7.75, 7.25),true,true
94:(15.75, 16.75, 5.25),(15.827810386480323, 16.284857551593376, 5.416096497392547),(17.287827453847438, 15.73843130494164, 10.787655611054209),(3.2080307403344346, 22.17568498004327, 22.348243246786357),(2.5, 19.5, 16.5),true,true
95:(0.5, -8.5, 7.5),(-0.35392450229070527, -2.6787404721629873, 5.427461345489343),(-1.6168608321471836, 4.864236972505001, 4.529450375643066),(-0.17438625294022403, 9.800561951114327, 4.923747175054538),(2.7685929711211985, 13.03441728788687, 4.640781933729574),(9.430538610340001, 13.546299047546821, 6.727994755705568),(17.5, 15.5, 9.5),false,true
96:(-28.25, 10.75, 8.25),(-25.96498862893942, 9.812353572843822, 7.754929896491594),(-23.5, 0.5, 7.5),true,true
97:(-0.25, -24.75, 12.25),(-0.7324120765527481, -24.796936058485965, 12.127217286192773),(-3.202066399266606, -23.703747368328077, 13.433259404201085),(-12.585353605140881, -22.380095317989042, 2.308330617871733),(-28.25, -8.25, 7.75),true,true
98:(24.75, 27.25, 15.75),(22.973285844931016, 26.053255957002165, 15.216983034157424),(4.75, 21.75, 8.75),true,true
99:(7.75, -16.25, 15.75),(7.991800803653892, -15.856929844566656, 15.557572807898836),(21.080291016318075, -9.347758376674467, 10.058059271171308),(21.272046026102696, 0.3898838754023777, 7.524146796718013),(15.208008637044774, 3.6088707955741444, 5.8276515977040475),(13.028088256732078, 10.683109283663647, 9.103816221586898),(11.754336266050874, 13.727381944414903, 10.137036757859583),(0.37619462084817745, 22.548703383337465, 12.68565764998035),(-10.72927180970056, 24.909264842808174, 23.388107752722124),(-5.342769819547019, 14.910532302277446, 15.485135376549852),(-0.5, 9.5, 9.5),false,true
100:(17.75, -0.75, 15.75),(17.270889447383716, -1.2630230782137033, 15.16132420629532),(21.75, -8.75, 8.75),true,true
101:(-14.25, 18.25, 8.25),(-14.669749777341675, 18.543751496776025, 7.500724482210022),(-12.124862382384359, 8.802994426047274, 4.4637449329421495),(1.4995302484036974, 19.180717821184622, 10.96767363273949),(-4.25, 27.25, 6.25),false,true
102:(8.75, -5.25, 10.75),(9.009497629175689, -4.8934265886936466, 10.514380852217936),(9.460891133570623, -3.858172067701897, 5.97575482721442),(9.762337327245186, -3.4592865788876224, 5.971220609253799),(10.871131079191064, -1.793623058653466, 4.904657873865296),(13.774837317488593, -1.148809535450488, 5.295433515335665),(13.666551167295916, 13.169185782220932, 6.694457844890394),(10.836063690504245, 16.34892488646617, 13.459982263568769),(12.25, 27.25, 13.25),true,true
103:(-16.25, -10.75, 15.75),(-15.765064312102082, -10.684486909543937, 15.85269086415971),(-18.399014599901307, -11.608996182327852, 13.841109796725542),(-12.178425064475306, -16.95591384544271, 5.792859225992049),(-5.227810259942707, -17.784424264747475, 5.843101878347658),(10.25, -20.75, 7.25),false,true
104:(-25.25, 27.25, 9.75),(-19.422656263704408, 20.977016755533473, 4.284453644314301),(-6.094744590118354, 19.027638400570915, 2.500730869883141),(6.62428767946192, 20.72315013797507, -4.978075244679756),(20.859197528905664, 22.178929268371984, 3.9464661160470236),(13.71308581589307, 22.34902097706139, 14.196097029192655),(9.75, 25.75, 5.25),true,true
105:(1.25, -1.25, 15.25),(1.1948172910648964, -1.288662667748872, 14.754560733533237),(0.9041884207954483, -1.9119371534347813, 14.02856915282526),(0.4662163233501105, -2.3512811189709044, 13.244249497451046),(-0.26159182492451555, -2.586996682904371, 5.162199199530088),(0.04568850732715557, -2.5725899914578783, 4.7680276066255916),(-5.214607394163432, 3.7811013895497014, 4.72782712761847),(-8.001729565324437, 3.5479745319701452, 6.782137130673714),(-15.093299361077198, 11.137982818902046, 6.018631952567737),(-21.498885250735306, 12.73402241340843, 5.886309967805718),(-22.18072616053342, 0.8304210389714235, 6.2491633116513565),(-22.25, -2.25, 7.75),false,true
106:(11.25, -9.25, 14.25),(10.876770002068389, -8.918185301966922, 14.274461700946299),(11.768385270471915, -10.063960399918532, 14.512193018065359),(9.693904059815344, -6.177676233543259, 13.973732240225395),(12.561492653599872, 3.4529061991781624, 12.387699199409647),(12.32033309730129, 3.7206043854951134, 12.041029688998815),(18.45938278188366, 4.077478393478179, 8.669527389393345),(18.797104866870374, 1.2565609389422243, 7.7060085737978135),(18.25, -3.25, 6.75),false,true
107:(6.25, 7.75, 11.75),(6.008308878345986, 7.3146644838671735, 11.704520442977206),(6.441978235336777, 6.416907455197435, 11.627298643715097),(7.547147580097889, 5.802673774261438, 9.315800985915548),(17.41335323287007, 3.747874821149102, 7.365393672397401),(21.052915248791045, -0.735874875869666, 8.951249822688167),(20.555274207081716, -2.802178082915223, 11.068499087692102),(17.25, -12.25, 10.75),false,true
108:(21.25, 4.75, 5.25),(20.790757988401538, 4.573802047719679, 5.3397276790918955),(19.218407620959624, 2.9227619098951747, 6.017872395991326),(18.606395658623846, -1.5410176482933717, 6.480085934691077),(19.744204434303466, -3.623994405007892, 8.314915360270879),(16.397265900496265, -16.835404509603165, 6.830153302265188),(3.541882780944314, -19.552764624560247, 11.333087575236581),(-3.0168256533405335, -18.244104781536027, 9.635115976610045),(2.901829740699936, -11.551698707201744, 7.893333784574944),(-3.25, -7.75, 6.25),false,true
109:(-25.25, 0.75, 5.75),(-24.583045036057232, 2.8630784004868377, 6.504501475111144),(-19.0, 23.0, 7.0),true,true
110:(-14.75, 12.25, 11.25),(-9.607905033042474, 4.4749021128585404, 4.6104988910125195),(-12.949165522667968, -1.6399543981451359, 5.27721336535934),(-19.75, -5.75, 7.25),false,true
111:(-28.25, -18.75, 5.75),(-23.936730447397252, -15.907378808693682, 6.029307060871975),(-15.05773625966808, -10.56121987465498, 7.087939058576363),(-12.358370440884038, -11.222611984361103, 5.958344151718669),(-11.75, -12.75, 10.25),false,true
112:(19.25, 4.25, 10.75),(17.024353837911725, 3.011945616712321, 8.320580484175123),(25.994302264480112, 14.013363177827836, 10.659714492147575),(20.75, 15.25, 5.25),true,true
113:(-3.0, -19.0, 13.0),(-9.887458453497667, -21.026772548239663, 14.102841233137976),(-21.446014567548293, -12.908339980711926, 20.103064637492185),(-13.75, -7.25, 15.75),true,true
114:(-3.75, -14.25, 6.75),(-4.195346319542962, -14.399494891442352, 6.578775197175824),(-8.426500311650548, -13.005845689918253, 2.8896492740843636),(-9.713522805866596, -10.998015220004207, 4.709591554341253),(-9.585957443427791, -8.400966256659398, 2.847442866906765),(-10.872470426976031, -6.040509875647721, 4.1790321491192115),(-16.758787719122523, -4.43952827218062, 7.612416287478489),(-28.25, 1.75, 13.75),false,true
115:(16.25, -13.75, 11.75),(15.896493355412192, -13.996292900985805, 12.003718070220206),(8.472656724996025, -27.818623942950445, 7.199867135337422),(-3.680051017770758, -25.50458928411254, 13.337065063534714),(-5.25, -19.75, 6.75),true,true
116:(-15.75, 20.75, 6.25),(-15.786528264805062, 20.28640453623591, 6.433697936427411),(-15.519597596696565, 18.538383151051967, 6.322034692943283),(-15.43733902673538, 10.250194301474803, 6.0109403495890135),(0.31677017358551357, 15.740619830074225, 8.146051111329975),(3.25, 14.25, 12.75),false,true
117:(8.75, -0.75, 16.25),(9.044591527455388, -1.0439264460365085, 15.972830239254264),(11.185616271755615, -2.422102841921588, 12.844456986355034),(12.02467001110214, 4.028777379081542, 14.894272399695003),(13.733758262933039, 9.709609139242415, 7.140918308377394),(18.75, 11.25, 8.75),false,true
118:(14.25, -4.25, 15.25),(14.34312836239132, -4.126027630405568, 14.774649645318895),(13.0700686499688, -1.5762945233634045, 13.351699665089056),(12.1160640045507, -1.2779882046683844, 13.321892338014804),(11.523854102198284, -0.6948693641492761, 12.765780973819293),(13.785459157980751, 13.162165003193094, 8.382500144297188),(-5.992998222453914, 23.14689151531943, 10.996749884118488),(-15.610544806021412, 24.457288724733505, 10.06179528560357),(-17.75, 16.25, 8.25),false,true
119:(-5.25, 26.25, 6.25),(-5.169634812017352, 25.77084627508242, 6.131876571087184),(-4.695154787576934, 25.750164755587345, 6.288212687062972),(16.25, 12.75, 8.75),true,true
120:(14.75, 27.25, 12.25),(7.6424273966322875, 18.366769812540205, 9.474051021411793),(-12.5, 25.5, 17.5),true,true
121:(-0.25, 19.25, 9.25),(-8.511536914129962, 12.791447829719424, 5.94456718985638),(-15.022352400998683, 11.20414758841756, 7.398167498957374),(-19.39728056353982, 13.399920493223934, 7.9658990686265945),(-28.108029463543378, 18.5853369267584, 4.995625017914788),(-21.21609126738429, 7.395625574966688, -0.5310860133069655),(-23.155501610582885, -19.879284749986315, -1.0972440460515962),(-17.391625137312957, -22.287199636727568, 6.040416356246322),(-11.5, -14.5, 10.5),true,true
122:(-10.25, 3.25, 14.75),(-10.027533848867558, 3.3370458772282023, 14.310759943928279),(-10.240181692241991, 2.939181365347399, 13.418300014915188),(-10.508157061191268, 5.108936784689473, 7.680522978643559),(-12.536940446921164, 12.511453791573981, 9.343772458270742),(-12.017840409004707, 11.375706395794912, 6.587618651429629),(7.867756611775032, 20.981940528197626, 6.573169092564411),(9.29045323597372, 20.601264204532463, 9.647174313958534),(11.0, 17.0, 11.0),false,true
123:(-1.75, -20.25, 13.25),(-8.26525901912074, -19.598869282030368, 2.3798697652625265),(6.675131761377943, -19.351947529662407, 6.44020424293258),(14.5, -20.5, 7.5),true,true
124:(21.25, 6.25, 9.25),(20.80532479494809, 6.46222409808618, 9.165000622334354),(20.334749919949136, 7.222788650156151, 8.167879756346172),(18.741777032287995, 8.564545404858718, 5.6961320284753025),(0.75, 27.25, 11.25),false,true
125:(-10.75, 21.25, 17.75),(-10.746153929834145, 20.88724165937052, 17.405919204185956),(11.75, 27.25, 6.25),false,true
126:(-4.75, 27.25, 8.75),(-5.320443522103123, 26.840434770143837, 8.386479020481165),(-22.534594446407816, 13.980204268255457, 14.975165896787248),(-22.261750272184546, 1.7918539742710178, 21.337585165259288),(-21.033742321936693, -7.303327260412372, 23.923544324657332),(-17.77642574304107, -7.964058626376468, 17.401378001184828),(-13.5, -4.5, 13.5),true,true
127:(-28.25, -14.25, 16.25),(-18.740462534947895, -9.653716768619127, 9.671931458040312),(-19.25, -10.25, 5.75),true,true
128:(24.25, 6.75, 17.75),(24.091142093049832, 6.994393657058131, 17.343753885201146),(23.938381426390073, 6.483036174236463, 15.57655297154951),(23.252238991405758, -0.5224144878547281, 15.196820427401727),(16.259894761889154, -15.872838696336412, 16.0627808923571),(10.662184733276577, -13.630127548203063, 14.086109654459325),(10.25, -15.25, 9.75),false,true
129:(-7.75, 9.25, 6.75),(-7.962808530908688, 9.284389434728384, 7.201142877536095),(-10.3755036475157, 9.487364419118633, 8.972499258960358),(-11.488873221882598, 6.930667666147743, 10.078713480629101),(-9.995785049050902, 4.336705610964993, 9.873656014483165),(-12.346575576479063, -0.45567255384541294, 5.345202037505759),(-28.25, -9.75, 17.25),false,true
130:(-4.25, -14.75, 7.25),(-4.440019848154912, -14.35418893731695, 7.010780310248302),(-13.677798238761733, -17.88021764491001, 3.8707833834495498),(-16.58289067566048, -27.210769911293166, 1.7903143507849848),(-11.231155320088483, -19.8444353677444, -9.012706127364954),(0.5035161615956509, -19.922586906783078, -8.931737047207218),(15.115325252944857, -21.462678278814245, -1.3101938120338046),(21.538346504171535, -22.9553064927584, 7.233914021810711),(23.274870985161556, -7.548925380502718, 9.546495681536708),(26.5, -2.5, 10.5),false,true
131:(7.25, -2.75, 14.75),(7.73194204043063, -2.6360768340043643, 14.818944774385677),(7.693474130981136, -2.9880399431008695, 12.985992210995168),(8.090114816822847, -3.3867737115469883, 9.357206523109909),(7.695981947056982, -6.158897526749353, 4.715541627671303),(16.90919290834806, -17.153027143017965, 12.191633695259071),(22.0822209893999, -20.264653879919553, 5.432277601937634),(15.389295854050848, -16.503449109027468, -0.1635273753626607),(11.759307277770976, -6.009711110906544, -3.7574725994953777),(15.349320945923427, 12.136436071807557, -0.9327539442329389),(16.934572303387757, 21.83506924818063, 1.0317594949852582),(16.86443333091734, 22.343022174705084, 3.9876120537195456),(16.01241065371987, 22.465554969501927, 10.946948013193898),(1.5, 26.5, 14.5),false,true
132:(2.25, 27.25, 5.75),(1.969130037320327, 26.840208029220115, 5.806414579220769),(1.7487481921360524, 26.39236004904968, 5.83580894892719),(1.8731409976610731, 25.439894256872748, 6.113901280116633),(0.834685353075385, 22.799863315980975, 5.819239579226536),(-11.614674496385046, 9.597268935704793, 11.401792808190006),(-17.88699330031236, 14.470497841385408, 10.978445651776738),(-24.958061587119726, 4.541606602152303, 16.095242535444076),(-22.25, -0.25, 16.25),true,true
133:(-13.25, -9.75, 13.25),(-13.413404059789906, -9.671966799974054, 12.783942135633474),(-17.832541678208347, -4.035563625715775, 10.24787588694901),(-16.892803131599756, -13.939677735336339, 14.308438557434599),(-22.851229880561338, 3.4818846140020847, 10.423206729768342),(-28.25, 24.75, 10.25),true,true
134:(-2.25, 17.75, 10.25),(13.082989521513, 18.99165039750766, 8.055864411368162),(20.327900347049436, 16.87384903366246, 11.147192800813007),(18.48337555276793, 9.274643183428918, 14.506233444405579),(18.384876098841428, -3.8577732125682633, 13.44925332235486),(23.25, -5.25, 7.25),true,true
135:(20.75, 27.25, 15.25),(18.82211014079298, 22.123137220329713, 13.859549132362744),(-5.5, 22.5, 6.5),false,true
136:(19.75, 7.25, 13.25),(19.779534040814873, 7.421334930872804, 12.781201448492045),(19.756813519009114, 7.381658296686756, 12.283296294282389),(19.557111244544497, 8.500606731092274, 10.73259718588987),(18.99322979362963, 10.12284542087356, 7.5684302989668435),(16.044456210184812, 9.898741737613324, 7.063938581763078),(4.5, 26.5, 11.5),true,true
137:(12.5, -16.5, 9.5),(24.727331024926364, -25.465309070964338, 4.160213948230362),(19.954546232135698, -9.483596116691338, -10.96023014573152),(24.360791163381883, 5.444249838177038, -4.148112431310854),(26.5, 12.5, 7.5),true,true
138:(-17.5, 26.5, 7.5),(-18.98459272433649, 19.793650342558067, 11.859656068676118),(-21.75, 2.25, 12.75),true,true
139:(-18.75, 20.75, 6.75),(-18.40110718413444, 20.39237749848889, 6.769492292074946),(-21.099617001360798, 15.914893711230418, 10.832772359826917),(-21.771858602928997, 6.105757249823619, 10.806033126629705),(-22.147244981055472, -2.8807763558494406, 7.906354115506273),(-28.25, -11.25, 6.25),true,true
140:(7.75, -25.75, 13.25),(7.86006805789024, -25.321855145435606, 13.016382778583631),(7.016161839453028, -20.86412777970569, 10.121284921449357),(6.272665362450817, -19.771317012029513, 9.02619117893538),(4.623601852065486, -18.686415730867754, 6.488981792220235),(-7.146106854525413, -21.598192959253005, 3.738363699182016),(-6.5, -18.5, 7.5),true,true
141:(-3.75, 8.25, 7.25),(-4.023177347138574, 8.478669044746107, 6.8991658440441785),(-1.888127693727696, 7.008296820988291, 5.41912832460967),(-1.9681716200615953, 3.54637115028221, 4.202313557513486),(-2.52411183013674, 2.618535293163705, 4.394549064554953),(-7.649158621114259, -7.976661166500208, 4.0836252509112745),(-12.565943130121562, -16.467890305836228, 3.6860115584364372),(-28.25, -15.25, 14.75),false,true
142:(1.25, 5.75, 12.75),(1.2734866818501935, 5.8439818208329095, 12.259473962843359),(4.989143224223619, 9.105833343121356, 11.319766457480764),(7.421878860210528, 9.847491432507251, 10.071826513985659),(10.529403124740702, 12.775787274070964, 6.4385549357340555),(12.994761657714214, 13.418498622757296, 8.022514981367936),(15.25, 7.75, 15.75),false,true
143:(-3.25, 20.75, 8.25),(-2.788958290188861, 20.867244136848303, 8.403929705349935),(25.0, 15.0, 7.0),true,true
144:(-1.5, 26.5, 7.5),(10.834491090483997, 18.68188789253581, 19.5333506270363),(14.400938937296534, 9.50750848028359, 18.191193885084843),(14.257781243439867, 8.555226047622307, 18.460756573775893),(11.25, -2.75, 15.25),true,true
145:(19.25, 27.25, 6.75),(12.558097317787995, 8.49790358529805, 6.9789566742963105),(16.25, 5.75, 11.75),true,true
146:(-17.5, -12.5, 10.5),(-18.508459614732566, -27.019354375820004, 2.654861614045327),(-7.967481333364781, -18.71268896364777, -9.564174626126949),(7.314121193236168, -17.359544549387657, -8.57553040282246),(11.276074676432003, -26.82161268435314, 1.5433406945097121),(9.839199878642907, -20.785132746666147, 13.040730462253592),(9.25, -19.75, 7.75),true,true
147:(-0.5, -15.5, 16.5),(-0.27099393312635267, -14.990040064421084, 14.60135330201416),(0.2151136594851516, -11.393372660471769, 10.108685691673093),(-3.4152047401026433, -6.531369793094495, 5.380740501844563),(-23.193389605654154, -1.6561751092329144, 9.84993959259579),(-25.25, 8.75, 7.75),false,true
148:(9.75, 21.75, 5.75),(9.451268793477427, 21.36159113825744, 5.849489810379847),(11.697107607543462, 21.525916387026683, 7.699372278926904),(13.16750031517212, 7.668792757740127, 8.500934920344243),(12.661090854792564, 6.296993841935116, 11.120422884247548),(13.75, 8.25, 11.75),false,true
149:(-28.25, 25.75, 8.75),(-26.508640279837405, 24.419292976313926, 7.562074292835202),(-23.83105295115736, 10.008389318578626, 10.013208381137915),(-28.25, -0.75, 9.25),true,true
150:(14.75, 6.75, 13.75),(13.73058792914705, 7.1930800910713995, 10.557651216100902),(10.50564807148505, 8.252551249042133, 8.779608946516012),(7.15965957778823, 15.36211507075848, 7.327957003670582),(-0.9452636685314599, 14.96500034271829, 5.332461662675649),(-8.462944147455872, 12.406236814255344, 7.3543245462067945),(-20.850125025792554, 12.513533869408512, 13.35743020958437),(-22.978089468658077, -8.235438396293183, 14.352053170852635),(-16.714960744384296, -8.775052073465005, 13.911617027359563),(-13.5, -9.5, 17.5),false,true
151:(-24.75, 3.75, 11.25),(-24.755183923061175, 3.2541109435666917, 11.313774372998713),(-16.5, -11.5, 14.5),true,true
152:(8.75, -4.25, 14.75),(8.267922490654511, -4.380414283616036, 14.77435958973723),(10.670648709810473, -6.372790971187451, 15.647143815755538),(9.32561012224732, -4.264878010946178, 4.8263051052785135),(-0.7923811700260712, -6.9224238330617816, 4.994596206465403),(-21.25, -3.25, 7.75),false,true
153:(-18.5, 15.5, 8.5),(-18.620789233414886, 15.972182143604655, 8.611597420901903),(-24.25, 27.25, 8.25),true,true
154:(-9.5, -3.5, 5.5),(-22.87143813795035, -7.4323185871445565, 8.443957517474383),(-28.25, -8.75, 9.75),true,true
155:(-1.25, 4.75, 14.25),(-1.3226117456616275, 4.486152221964634, 13.831536280643386),(-2.465718031420245, 5.640983354892714, 13.481240249828236),(-3.221957160166195, 6.28701975566733, 13.584871080316777),(6.9615002664891845, 9.465378964240223, 10.425535747459886),(8.36569395229495, 11.207399506501098, 8.427135256295928),(23.21916197753974, 17.887918376470314, 7.792523378149907),(19.25, 11.25, 7.25),false,true
156:(-5.5, 26.5, 11.5),(-2.3389226252935296, 19.61624475502062, 8.983836206636836),(-2.4750752931923388, 11.653518835976165, 6.717018392940985),(-0.7745704677158678, 9.599894364117578, 5.341914808800949),(-2.6183502620312575, 1.7804677017382353, 3.981864876099964),(-4.001821734522673, -1.005495822136376, 6.196347204060059),(-6.5265322539420625, -2.6210512968787754, 6.322114056461392),(-5.8315958103007475, -5.459144664398257, 5.642195402105527),(-1.0, -11.0, 5.0),false,true
157:(3.75, -23.75, 12.25),(3.9335307872249046, -23.535776400722995, 11.83717473472011),(4.431979543541586, -22.67057820228122, 11.782576980741934),(4.798745489204224, -21.83644605222013, 12.1945312225415),(16.422354016680828, -22.942704031655275, 5.103286319894124),(19.78178205880355, -21.40837606505343, 0.3868194824382397),(7.594551886207278, -8.408810300046746, -0.21501211091537265),(21.75053835898764, 14.625703204040292, -3.276751098996958),(22.904666847643277, 17.21329036266113, 9.215228807965524),(23.25, 8.75, 6.25),true,true
158:(-28.25, -23.75, 6.25),(-27.470706793696507, -23.20577489807699, 5.955921878843645),(-23.5, -8.5, 5.5),true,true
159:(13.5, 26.5, 16.5),(12.003243670281384, 25.009572612692757, 15.19760739551497),(-4.497801853950578, 22.144681500621438, 10.65206372583081),(-11.799994643265011, 23.4031002489227, 8.911618027645765),(-20.22171479631531, 23.605708799191646, 8.570227241631066),(-17.47209268644923, 19.326712110271075, 7.999083790486359),(-20.75, 11.25, 7.75),true,true
160:(15.75, -6.75, 15.75),(15.414025930376786, -5.382437669173858, 15.19115533393726),(16.938031105393993, -1.9698348473011547, 15.397068257425683),(19.33578782585413, 0.1471729873987846, 16.202981414420506),(15.25, 27.25, 15.25),true,true
161:(-28.25, -18.25, 13.75),(-16.910001936259686, -18.394384281736503, 15.526998039116425),(-14.07611348295036, -19.30382120738296, 15.150168220138678),(-1.25, -20.75, 15.25),true,true
162:(6.75, -22.75, 10.75),(7.568234906108631, -20.073974146511905, 9.809929844582333),(18.25, -13.25, 12.75),true,true
163:(-9.75, 27.25, 17.75),(-8.133696522187948, 25.381502895818873, 16.03671977876595),(-2.711392883390405, 20.54725406158668, 8.169704592510367),(-2.4790614798061625, 17.765125690529242, 7.071622698539856),(-13.030274859705921, 4.94722800539064, 6.546515936766591),(-14.724339568015205, 3.4744868502932524, 10.533936867999358),(-16.885521165065835, -3.741168589806714, 13.006150472119465),(-22.599901294028548, -7.521953829471899, 11.57383670996888),(-22.75, -4.75, 15.25),false,true
164:(-28.25, 12.75, 6.25),(-26.893767076453702, 11.503187849277634, 5.88445217027081),(-17.5, 13.5, 11.5),true,true
165:(-14.25, 11.25, 12.75),(-14.330943968865494, 11.434078112079604, 12.292219132599985),(-14.82735032180944, 12.286898602723902, 6.805929685666493),(-24.199796351965308, 8.881216102734179, 16.008368953943805),(-28.25, -8.25, 8.75),true,true
166:(-9.25, 2.25, 12.25),(-9.097343146574108, 2.655494084096774, 12.499540443344609),(-8.939844947128371, 3.489457949987763, 11.814545127530652),(-10.441899749125323, 3.367202257725623, 4.370463016003839),(-11.140978251086086, 11.535008296019763, 9.203991967205594),(-2.3024140868804643, 15.676833364072648, 10.153581280131341),(9.759708021500156, 20.84436136594668, 9.162923472843964),(12.525762043054815, 14.619049411385939, 17.048532989659385),(9.5, 13.5, 13.5),false,true
167:(-23.25, 27.25, 10.75),(-21.382172962838123, 17.369829736351573, 7.5111889848899205),(-22.925571095919704, -3.024219123511539, 7.0208561502424764),(-20.25, -3.75, 10.25),true,true
168:(-28.25, 11.25, 10.75),(-21.175305515915635, 24.975499859946748, 17.690062000612684),(-7.801627939553362, 24.681379149730272, 21.593266133372868),(9.465597986209628, 21.59150299665649, 15.012537523825912),(10.75, 13.75, 10.75),true,true
169:(-28.25, -4.25, 9.25),(-22.440416422632158, -5.814079074143555, 9.213494051330372),(-17.275340284302565, -15.69661896697443, 6.745102443592046),(-15.5, -13.5, 10.5),true,true
170:(20.25, 27.25, 6.25),(20.08509977567078, 26.785079019711358, 6.331586752010495),(23.451310022403824, 17.179267572486474, 18.12417243025585),(17.572784030092652, 5.883229371856052, 13.617562823672738),(16.25, 6.75, 12.25),true,true
171:(-27.0, 9.0, 11.0),(-21.32746675242852, 9.385662065668456, 8.826335229713278),(-15.5, 12.5, 8.5),false,true
172:(21.25, 27.25, 9.75),(17.893658355164064, 24.671191600833136, 9.002299695692525),(2.9919526311524662, 22.367823469802584, 9.560437748709294),(-5.75, 11.75, 16.75),true,true
173:(26.5, 13.5, 6.5),(23.940436800845458, 12.881732684558003, 6.273588554154735),(5.5, 26.5, 8.5),true,true
174:(-26.25, 27.25, 17.25),(-23.17424165707003, 22.72218696396055, 14.30384280277435),(-12.812954809032487, 10.993955313036146, 6.714308697243746),(-11.5, 12.5, 8.5),true,true
175:(-2.25, 27.25, 9.25),(-2.5921760288965294, 26.40076694812133, 9.1732385701293),(-28.25, 24.25, 13.25),true,true
176:(20.75, 11.25, 16.25),(20.41718660081262, 11.514387810209445, 15.986685877450533),(19.43037337828885, 10.781445509910949, 11.093500816911506),(13.25, 14.25, 9.75),true,true
177:(9.75, 1.25, 15.75),(10.032992312712834, 1.1990649276777605, 15.34095114062869),(10.428753014381765, 0.8936848803222397, 15.351744364968756),(14.324489520123356, 7.0602906725336965, 9.329948829094967),(21.75, -0.75, 8.75),true,true
178:(-28.25, -11.75, 16.25),(-27.014853713702873, -11.688837008103448, 16.30992692927294),(-8.640741437521768, -21.206293602061464, 22.05529168116364),(-1.75, -19.25, 17.25),true,true
179:(-25.25, 27.25, 12.75),(-24.162865608778993, 24.89206213297071, 11.11506875134006),(-22.25, -1.75, 8.25),true,true
180:(9.75, 6.75, 11.25),(9.962157732995829, 6.879245714914474, 10.816082218033973),(10.172267839795573, 7.3209596703531705, 10.91972836890945),(13.834453113287438, 9.313395609321777, 9.075627875564422),(16.355551344180583, 12.719977061120055, 13.527060595146423),(0.9494712640074375, 21.941517876140427, 21.098366779066414),(-1.6033546648539536, 15.754530249989834, 19.047936606933643),(-12.991331932962577, 10.693760117133678, 4.552873876334391),(-13.75, 9.75, 12.75),false,true
181:(-27.5, 7.5, 7.5),(-20.846770819146805, 12.04835443672738, 9.382497396727848),(-13.093738724029397, 10.493078790271564, 9.07117282788662),(0.8822640694469017, 15.457713146966228, 5.095182957243312),(-1.25, 18.25, 17.75),false,true
182:(19.25, -18.25, 5.75),(18.790888364495085, -18.345062486872642, 5.9237228532277495),(15.7145974817947, -17.391075816712444, 6.676845205987579),(10.5, -8.5, 8.5),false,true
183:(-21.5, 3.5, 9.5),(-21.11918403301544, 3.760012200490371, 9.693320601296834),(-28.25, 22.25, 5.75),true,true
184:(23.75, -1.25, 8.25),(18.13852944128486, -10.968610692659006, 8.780045158862936),(4.28873377184236, -20.991335218979835, 4.985461526267511),(-15.113334872414837, -15.578333131419928, 10.121453772044276),(-18.79078217105734, -13.651455531963999, 13.848555634016442),(-14.25, -3.25, 15.75),false,true
185:(0.75, 5.75, 9.25),(1.0215514682824145, 6.058048553225989, 8.964752933531228),(1.171052653431386, 6.132531963363681, 8.49347635098833),(0.08153659786692602, 6.361581785702267, 9.673230905542),(-2.372873188143968, 13.16968631656724, 8.611626851404584),(-2.9152025437109375, 17.262029965850783, 7.545208054731592),(3.8816326122111913, 20.107651468246626, 6.744038587279183),(18.75, 27.25, 14.25),false,true
186:(24.75, 4.75, 6.25),(22.261260982076866, 0.3663183611697867, 14.938644446163892),(19.25, 3.75, 17.25),true,true
187:(16.75, -13.25, 11.75),(13.926259763470844, -12.823411878456017, 10.326638614424152),(10.756977028608562, -8.480945702189132, 6.186946019294908),(7.73834476798979, -9.935206544038454, 5.817339736621152),(5.473239245223356, -8.543051941060932, 4.427662604283752),(-5.2192340914324715, -4.559167011143807, 4.966954269424811),(-5.585407334667658, -2.2113778367420514, 4.934020800454696),(-1.27707743887874, 3.434193581953426, 6.373823341683404),(-1.4310699116213468, 5.017105701488144, 6.174967319694782),(-1.166395370767157, 9.604740988966606, 5.1296372245179604),(1.2339122307575279, 11.401378550778038, 5.0265989328439895),(5.479398048892438, 16.165176577094044, 7.904458994153963),(9.301032006496449, 15.885537176508736, 6.846005936721535),(14.25, 10.25, 10.75),false,true
188:(-20.25, 27.25, 11.75),(-19.963107690207327, 26.846274598242744, 11.681453646648645),(12.75, 23.25, 6.75),true,true
189:(-19.75, 9.25, 7.25),(-19.45745542609336, 9.136769087920017, 6.860646134182133),(-19.556773008813437, 9.478225473821585, 6.509158503831248),(-15.271868028159512, 24.220008859373856, 8.652647353907874),(7.281196430286418, 21.22218197634795, 15.035907157551701),(5.0, 19.0, 11.0),false,true
190:(-16.75, -12.75, 11.75),(-16.570856537233315, -12.886315780404985, 11.303541012230081),(-14.1063479267614, -17.229346814713953, 3.3838143537067165),(-8.5, -18.5, 7.5),true,true
191:(-28.25, 14.25, 16.75),(-24.55461830406651, 13.257641033744441, 13.721992756003017),(-18.25, 20.25, 6.75),true,true
192:(-27.5, 4.5, 11.5),(-25.978880561118864, 3.2184665577572678, 9.985657726462303),(-4.129725150246329, 14.103477686392281, 7.310893947139928),(-3.2404029727244406, 14.213142189889565, 7.754830610686004),(-7.5, 18.5, 17.5),false,true
193:(3.75, -4.25, 15.25),(3.473082352779808, -3.9221730728974356, 14.99339500682075),(3.6559643750796464, -3.223157790754578, 14.030854838703352),(4.22030643337529, -2.855876265534068, 11.602486493494522),(3.789917520777806, -3.4570179536762913, 10.929141073453165),(4.620620285645357, -3.0678175291849743, 8.072839978327305),(3.607517472969053, 0.919173183879054, 4.006338717761053),(-4.367700903707916, 3.1652565717205006, 3.9570759953669663),(-5.541342060457393, 4.193915858887638, 4.666067058772245),(-8.869300791809374, 3.9237047212871823, 3.641353994447194),(-10.545697294112701, 5.484746714425959, 5.578579500866745),(-12.39771887121584, -1.818188452211587, 5.533688172399337),(-15.757984026135084, -6.9426956551864425, 8.917183999985708),(-13.75, -3.25, 11.25),false,true
194:(-4.5, -1.5, 5.5),(-4.860440204583863, -1.3481460531078215, 5.811485533745646),(-6.709684276470343, -3.73469945708065, 6.974784050520767),(-15.242106859734873, -6.252849699016752, 7.138072189617477),(-23.944286789794894, -11.117626464733252, 14.827822837628759),(-22.716647385658074, 0.630452240236294, 15.248279930950215),(-22.75, 2.75, 12.75),false,true
195:(-5.25, 11.75, 15.75),(-5.048231337260814, 11.93215374460712, 16.169653928924827),(-1.9420101817552589, 16.374235692927616, 18.430357813936023),(3.346139733996699, 22.230328695590092, 19.822715380684404),(18.09480201696855, 14.181071747310249, 17.807371130022883),(13.017950067252977, 9.486866752327792, 16.716493618222895),(14.25, 6.25, 13.25),true,true
196:(16.25, -2.25, 7.25),(15.84426261149622, -2.42617588541878, 7.016892237437187),(13.379178400432167, -1.618165828357652, 4.774327270039615),(11.501083533734015, -1.1487822847653233, 5.027210006729869),(7.887252272390135, -7.4733472475055525, 5.489869506889634),(7.454622914118734, -9.854887835540108, 5.684767705170552),(7.37810680955648, -12.28513657776925, 7.442048655000798),(11.457932262336303, -16.88462455012168, 10.78864911920851),(9.25, -22.25, 5.25),false,true
197:(-17.75, -4.75, 8.75),(-18.791299508652465, -12.012457792445314, 11.578833357383122),(-11.5, -19.5, 7.5),true,true
198:(4.75, 17.75, 16.25),(4.873459170209787, 17.286264150235517, 16.109618751486096),(5.014034490410227, 20.72104659312343, 15.928802351559856),(-4.477526412906898, 15.915015074866131, 5.689483116390227),(-7.949581461077003, 12.416329518582952, 8.900129416707935),(-21.763635901134393, 11.242765044727316, 12.292949669459793),(-23.04729912926739, 18.412033960196354, 12.647408383308344),(-28.25, 23.75, 11.25),false,true
Total path: 199, feasible path: 107 (0.5376884422110553%)
