ID TP TN FP FN acc pre rec
all:    123576 328117 45557 12800 0.8855857268895206 0.7306439311074716 0.9061418431395554
bottom: 35873 97268 15061 4813 0.870117308760579 0.7043036085915105 0.8817037801700831
top:    58586 175992 15962 4485 0.9198235467111068 0.7858829210709878 0.9288896640294272
=== path ===
0:(-13.75, -3.25, 9.75),(-13.471607015997185, -3.2078315225023633, 9.336818241008222),(-14.201407386881812, -2.650937453226151, 10.41132853871685),(-13.944424599294072, 0.39832886023581304, 6.666195269972391),(-15.170529450928214, 4.73037782846782, 7.008240066616017),(-14.938756182258366, 9.164740617293742, 7.538245745058538),(-17.068380251412723, 13.960461863779583, 9.33487026919221),(-17.25, 19.75, 6.25),true,true
1:(23.75, 8.75, 5.75),(23.319297634437962, 8.898615204053945, 5.544065560375956),(28.204687832208958, 10.945883157743697, 2.171783979798264),(23.01301588396673, 19.954316920653962, 7.516048391031793),(28.25, 24.25, 5.75),true,true
2:(-23.0, 15.0, 7.0),(-22.824205209868516, 14.602726388595588, 6.7524724875002295),(-15.532520066147368, 14.347491316669522, 7.490416200321675),(-14.74134665939658, 5.992276798236792, 4.953133491554089),(-12.511706353971185, 4.2078124825617405, 4.0342258713305315),(-9.88501726174571, 4.16866066124003, 5.483008652727006),(4.267658542247739, 7.5253809339334765, 9.212385246659695),(4.5, 8.5, 10.5),false,true
3:(6.5, 10.5, 6.5),(-0.6641504175464812, 10.020431193250356, 3.0384408615094927),(-2.665352076269284, 7.788698199594769, 2.9177770054706165),(-7.357622869090933, 0.10570044600557171, 7.339294344665916),(-17.48910053208053, 12.439686853682879, 6.978520724007411),(-18.25, 13.75, 8.25),true,true
4:(-14.25, -27.25, 11.75),(-6.317711848736728, -25.03605122930181, 15.837277952526097),(2.69387510932132, -27.5, 13.862765950365242),(8.5, -24.5, 5.5),true,true
5:(-1.75, 18.25, 8.25),(-1.6001971189316164, 17.865717055481266, 7.9673593883115466),(-0.7729939253846259, 17.519110772298937, 7.525093675143329),(-1.330838728506469, 16.1361346769509, 5.555141890453659),(-12.17757531324024, 6.838642773875061, 5.345863446726515),(-17.410677716139595, 11.162938257150994, 7.053232128086332),(-17.25, 11.75, 10.25),true,true
6:(8.25, -25.25, 10.75),(0.19096882451867137, -23.268487671350755, 17.58086788818617),(-17.5, -26.5, 8.5),true,true
7:(28.25, 3.75, 12.25),(26.509666787185306, 3.856534437734657, 11.189013883954305),(25.64229381485492, 3.865405271988918, 10.69143430723277),(24.860356731743373, 3.879013345334828, 10.068225499211882),(24.123140981708737, 4.390871234539147, 9.627187587961423),(13.358540346900437, 0.40876318298720715, 6.197833712722458),(6.481395088895809, 0.6710774129329564, 7.52654876366498),(-6.85109348085218, 9.600458714410234, 4.783402166916907),(-7.5, 7.5, 10.5),true,true
8:(7.5, 10.5, 7.5),(9.644707802767599, 12.875227263372384, 4.727458230248758),(1.8956199095491013, 16.83718518986489, 9.523150721443072),(7.0300160128371285, 14.731124019930688, 18.504483251549857),(13.743244458404707, 22.63112765300053, 21.06705645581289),(21.94297314443811, 21.30019153313106, 17.27520449675734),(24.119800233648643, 22.58452326009623, 10.747424181919081),(18.0, 26.0, 6.0),true,true
9:(-12.75, 22.75, 10.25),(-12.95283963282193, 22.37231222349333, 9.992690795279081),(-12.503832541959577, 19.55471875588367, 6.31194776326608),(-12.167765805027765, 15.261097233135573, 3.0624125070299897),(-17.75, 11.75, 7.75),true,true
10:(-11.5, 14.5, 7.5),(-11.478587426220738, 13.68832617874459, 7.15841514482933),(-16.899464920393182, 20.006268925655807, 6.181361449643625),(-18.677109310809414, 22.099024272916978, 1.9248364906439388),(-20.7189295481444, 19.824224271417506, -3.5790661596271427),(-17.354046800205303, 15.979770380727436, -0.6674164535889999),(-23.04311326941372, 4.200209537993057, -11.859870502795378),(-23.808825896695136, -12.081256309986156, -4.534936156725671),(-26.6792714620801, -16.02553390420384, 10.30009323521449),(-23.25, -10.75, 6.75),true,true
11:(28.25, -7.75, 6.25),(23.153781594254223, -2.238471453814439, 4.540488507458502),(12.135570009520325, 4.427260004945308, 4.047673682817844),(11.94675631244459, 5.8124642974368435, 5.31028917312791),(5.992412533104314, 9.260934391015757, 6.8630056880739705),(1.0, 13.0, 5.0),false,true
12:(22.75, 5.25, 6.25),(22.332878394129537, 5.114078674276145, 6.010135540086666),(16.463145985415206, -1.0307118510902367, 7.4213042459481295),(16.802275321383856, -4.045951026862502, 8.743522959596627),(18.75, -3.75, 9.25),true,true
13:(-13.75, 9.75, 9.25),(-13.33186740830867, 9.619940757600206, 9.008650193221783),(-13.51077286976925, 8.716206218531347, 9.353969538821536),(-9.80433205698515, 0.740673287430325, 7.626389397691005),(-3.834502836777776, -11.637339765818574, 5.586102748886129),(-4.220050212113996, -12.179390274117022, 7.757617656586373),(-1.5, -8.5, 9.5),true,true
14:(19.25, -16.75, 11.25),(19.495895306419573, -16.405791697167274, 10.983436419325823),(26.248091039587877, -18.102211304466774, 10.255416298069823),(15.783477398934568, -20.376723382007093, 16.131608194714687),(8.940812303308615, -21.384262669547077, 17.20993976392969),(10.25, -27.25, 7.75),true,true
15:(-8.5, 16.5, 5.5),(-3.3850676369198363, 12.179408597799148, 8.1024900440611),(5.25, 11.75, 6.25),true,true
16:(-11.75, -27.25, 5.25),(-12.277893577239627, -26.320291640901615, 5.355285648896374),(-7.328148791369888, -22.961866748156794, 19.31315695254754),(-0.19887025824410087, -22.995705993871564, 23.344281713357052),(7.75, -23.25, 11.75),true,true
17:(18.5, -26.5, 6.5),(10.939614277993801, -26.21368164685263, 11.207851615770162),(-0.49961930156097595, -19.94049633611493, 18.066802108955276),(-10.964405419452618, -26.038954535776604, 10.929605749453636),(-8.75, -27.25, 7.25),true,true
18:(23.75, -4.25, 5.25),(21.81263487760508, -4.3808727811277794, 5.787947813422787),(17.75990329425921, -3.681050631592871, 6.4260250434387975),(15.492494479630123, -12.955138268306298, 6.326580100436437),(16.43298667585885, -14.293900632761929, 5.299992041564266),(18.73568138864801, -16.20697079883131, 5.4943103355772065),(23.75, -27.25, 5.75),false,true
19:(7.25, -27.25, 10.75),(5.616543081699513, -17.409402761186556, 1.7712575854663917),(8.679895196299515, -17.388684334448513, 1.7561266179766444),(8.840489750279959, -16.42898667584543, 1.5254974929651186),(9.585338265078155, -14.66341844556416, 1.7029198698212524),(6.5, -11.5, 5.5),true,true
20:(-18.25, 9.75, 5.25),(-17.96880291455079, 9.91210438400403, 4.869670711328271),(-16.343741389216756, 18.49667329749979, 7.811442346337118),(-17.863897842221956, 25.314408575464267, 7.355799901008233),(-21.101548981328527, 22.90584152051224, 12.518200007597484),(-23.448846513345906, 13.471593920906765, 23.838003479252187),(-23.6779084062369, 6.182996404656476, 24.03202191965433),(-19.60405133423469, -10.569608754102596, 25.032971666674406),(-16.563249915619775, -26.54869636312928, 17.646887027465347),(-24.5, -26.5, 5.5),true,true
21:(-11.75, 0.25, 7.75),(-11.31751451262199, 0.05026919645933961, 7.598131934481251),(-6.561913214660916, 5.585783328058064, 6.002265837928234),(-15.75, 15.25, 6.25),true,true
22:(5.75, -23.25, 7.75),(-2.763862183996485, -17.17607305428596, 21.206791797993205),(-9.179009117169873, -19.132641227229563, 20.25351875236879),(-13.25, -27.25, 7.75),true,true
23:(17.5, 15.5, 10.5),(16.962482966600472, 14.477523617635027, 9.961436047058136),(16.152305578415458, 13.891378760901658, 9.954594512235857),(15.32775600243512, 12.64353032224762, 9.945360964088355),(14.04148924174514, 11.615602814743776, 9.41804942096501),(13.162657243051207, 6.384604309298343, 6.642926614941762),(24.75, 0.75, 6.75),false,true
24:(-10.75, 10.75, 10.25),(-6.636223315186206, 6.2255757061126085, 5.924273735567247),(2.1298177486452667, 14.54349282010415, 3.7550652097215584),(12.36854665106045, 14.103090747773447, 15.15642966221003),(11.879778635769277, 15.447017799049721, 15.547674136215676),(7.995781772635151, 11.724960162690067, 20.02660875493708),(4.008008088425687, 1.9351936451601992, 23.84017835740219),(-7.5830866505552965, -11.342407817168098, 22.398822111224035),(-9.991723520773403, -20.190093859931153, 22.468306860506964),(-22.5, -26.5, 11.5),true,true
25:(-14.75, 16.25, 7.25),(-13.534621535229563, 15.552650233802378, 6.871614930859748),(0.3085229024370544, 13.838271701153978, 5.051720272672286),(8.395369312938378, 7.574193535518736, 2.9776389986418534),(13.129983249683928, 7.704765101882732, 4.480264455177535),(13.102105027420942, 0.7113737195040191, 9.204936957872347),(20.5, -0.5, 6.5),true,true
26:(-24.75, 1.25, 6.75),(-24.314763446459658, 1.4696197328375527, 6.638931033088962),(-24.519481123443615, 0.4700171490284196, 7.331797043427884),(-24.132789033040297, -2.7592381785606355, 5.834850401148077),(-17.39902044999382, 5.135779870770473, 6.0446901671352515),(-18.045879143890097, 13.848478647704296, 4.892965614286661),(-21.5, 14.5, 8.5),true,true
27:(24.25, -4.25, 6.25),(23.090824214727853, -4.730638339324313, 5.289134061241124),(26.300401870843746, -17.9808281120154, 8.756816655591525),(17.02434056893638, -21.86068135579655, 14.615914056777346),(12.097320543709998, -21.63180234888009, 16.92958809313034),(8.357588663681437, -23.282295155707637, 11.247134489262681),(5.75, -24.25, 5.25),true,true
28:(-25.0, 23.0, 11.0),(-20.963451924820305, 19.418413880031036, 9.162056715601025),(-18.5, 12.5, 5.5),true,true
29:(17.75, -5.25, 12.25),(17.78654392270632, -4.9799155674594155, 11.830811568608501),(18.219087719733974, -4.345961845595449, 11.825072041695654),(18.371616523382727, -4.3021843014556165, 11.350921758888013),(17.83416858979321, -4.049831061837729, 10.54626806869905),(13.414833602603412, -0.23806482839237608, 5.519115848019978),(-0.8280856640268806, 1.6083955915437804, 6.332107689703821),(-5.188179140432, -1.5000350218408884, 8.24992686168887),(-2.8618789243486145, -6.76602224482627, 3.4616089980256035),(-4.5, -12.5, 8.5),true,true
30:(20.75, 2.75, 8.25),(18.70760854248399, 2.304474135533682, 5.647211836295474),(9.5, -1.5, 9.5),true,true
31:(28.25, 3.75, 7.25),(21.921377563453195, -7.942946293422453, 5.095620600644111),(26.260945832521017, -11.880399824365742, 1.7086636766048007),(24.4434020115061, -17.145009132903, 0.8234729484410998),(19.5, -26.5, 10.5),true,true
32:(-23.25, 11.25, 8.25),(-22.839214425830832, 11.278352752158968, 7.966360557221815),(-21.96204001504506, 11.60651866249033, 7.1688756664184945),(-16.27600564441226, 12.838760702200112, 3.7707094715477014),(-11.710911077984932, 2.919273145930383, 8.308658961100704),(-9.5, 0.5, 12.5),true,true
33:(3.5, -24.5, 9.5),(3.147068017666747, -24.17328272394397, 9.3632709344256),(17.343263180559692, -26.567084145420857, -1.6925328932403036),(5.8214167173500035, -23.602420705761297, -11.140186784736677),(-9.399667641513226, -17.34588957448771, -12.336161338574232),(-15.964682231067204, -24.679567578681606, 0.7827732833100614),(-15.25, -27.25, 7.75),true,true
34:(17.75, -10.75, 6.75),(17.7585526780249, -10.280578938201753, 6.921961386476175),(20.20527710982386, -4.7424765425519535, 6.543451147502829),(28.418336423880813, 13.082992284744753, 6.697855230159401),(28.25, 27.75, 7.25),true,true
35:(24.75, 10.25, 6.25),(24.302171035772666, 10.094003548249853, 6.0915249993202805),(22.873551128982893, 7.369878530068499, 4.194887056767973),(23.693538085521553, -3.759259731271817, 7.593715158572399),(28.161341441638182, -13.025675359518146, 6.191307559051536),(19.334328393051095, -24.62932951181287, 10.316750861348686),(12.634109249930297, -25.929720698230042, 8.762387262815144),(9.25, -23.25, 8.75),false,true
36:(-22.75, 2.75, 8.75),(-22.48295026725276, 2.3901481535893807, 8.52820935800964),(-21.954460427783225, 0.9282932125132987, 7.967229685901264),(-16.100234682707768, 3.4303886882531494, 7.088227526301452),(-7.121627236763453, 2.950813293505977, 6.736546820729533),(-1.5307950144490636, 5.626397394609904, 6.4367457509548425),(4.5, 8.5, 10.5),false,true
37:(-20.25, 6.25, 7.75),(-19.846879618581454, 6.48001375228045, 7.935977503604156),(-17.519435044027162, 8.178623224603205, 4.927955084141672),(-16.954346565453733, 9.416102135091494, 3.7121036925718935),(-16.25, 16.25, 5.25),true,true
38:(19.25, 1.25, 5.75),(18.81947838844821, 1.2648037138982418, 5.496165423864934),(6.53004500967008, 0.6248310041643603, 6.584378895618598),(4.235934675188839, 1.8138942732115473, 5.060178674050189),(2.996287467090996, -0.18983534865586127, 3.2032073759665822),(3.967151618474606, 1.0962562393596937, 17.41731466202382),(-4.216600790511458, -11.977091538652022, 24.135734808037242),(-9.90945500957617, -19.879143406225595, 18.832345742617036),(-7.25, -27.25, 11.25),true,true
39:(16.25, 13.75, 10.25),(16.076488992006226, 13.499759181640549, 10.646577184078682),(13.831070479961076, 11.590908712457146, 9.080258715096681),(15.200769855596425, 2.642113375324768, 3.97033126319789),(15.820859073241648, 2.232048203555568, 4.6391630186207555),(27.5, 3.5, 5.5),false,true
40:(13.75, -5.25, 6.25),(14.122691296389146, -4.945134195808078, 6.384751768189476),(14.227795922936455, -4.352134767512052, 5.586438110834838),(20.463336333107918, 2.890073466633001, 9.140814868047649),(4.412948487909754, 10.90391125387503, 3.367660517162125),(1.981978953090585, 9.634889795375368, 2.151119659381975),(-12.5, 10.5, 8.5),false,true
41:(-9.75, -27.25, 10.25),(-11.40408911627074, -18.621999159455317, 15.668650320622953),(-15.25, -16.25, 10.75),true,true
42:(-22.25, -3.25, 6.25),(-22.09841562317875, -2.785398626595862, 6.3556775308885545),(-21.191394625415747, -2.477511944122456, 6.642938214541097),(-20.4232694546394, -1.946168567470699, 6.285645703972913),(-19.45024395502952, 8.231584619466751, 4.376878769506779),(-21.960863582850195, 14.321730992563253, 6.744769442376014),(-25.77581317646764, 12.2112993711663, -0.08624833494885575),(-22.029632367945002, -5.608300644088155, -1.3151095452306354),(-21.680888591694995, -13.94055831044042, -2.6965704478183796),(-21.936948427512924, -16.513542685528172, -1.1753259684413224),(-19.219776360617796, -22.704335236972284, 8.606234548948086),(-2.589595552711387, -23.621977915366934, 18.51995518246677),(7.75, -22.25, 12.25),true,true
43:(-25.25, 4.25, 10.75),(-24.978474915476017, 4.007823632280459, 10.407035372972063),(-24.25359464178532, 4.458438015972417, 9.282914850691904),(-23.888801579388534, 4.431409422002871, 6.305299113774999),(-24.93657579230461, 7.147232966937146, 5.579715437326355),(-22.88945082002386, 8.215144418794894, 3.6642926435662875),(-25.842006373386063, 13.5819922829711, 8.182419417335753),(-26.5, 14.5, 7.5),true,true
44:(-25.0, 17.0, 9.0),(-22.34804790822534, 25.100163975013576, -1.801297132450257),(-21.13151291245767, 15.995308419598084, -5.6103748507057105),(-16.641400299952135, 1.3197348057353453, -6.570303300038557),(-20.145054201869783, -20.510068182136873, -1.763628674933833),(-19.5, -19.5, 6.5),true,true
45:(-19.75, -13.75, 11.75),(-19.508182027909967, -13.442156539661777, 11.438942975804673),(-8.978393188828434, -17.778617526269933, 19.484868443479577),(-4.0830684159738695, -5.529442737710328, 21.641676716346623),(1.2944806657446248, -14.623427400901225, 22.390276331416448),(3.75, -24.25, 10.75),true,true
46:(17.75, 9.75, 7.75),(17.867300785732482, 9.338207262020372, 7.491799948462857),(18.14606745647337, 8.178228243855996, 5.474991804213534),(10.29069596631293, 7.40474816775008, 4.011501830638072),(3.5872019887436934, 11.970451546337838, 6.007668053423133),(2.49037322329109, -0.7135689352807523, 7.127345152534313),(1.7067253678688323, -6.035729196289943, 7.3454210886429046),(3.5, -6.5, 7.5),true,true
47:(21.75, 4.75, 9.75),(21.564935978195297, 4.362519207530268, 9.493855620205133),(21.257748017260926, 3.3799012095622256, 8.795905891033717),(19.245426239501096, -12.823073094604515, 6.429850053127797),(19.750767124537425, -13.808309195880767, 4.822724045747229),(19.54988412857331, -13.969504775012048, 3.856462172753675),(19.982460061046584, -14.384617445370518, 3.0561125406848273),(22.10637579383715, -17.041962569196052, 15.032133854558268),(28.25, -20.25, 10.25),true,true
48:(5.75, 16.25, 5.75),(5.66914436061308, 15.858476554870725, 5.449713873957794),(5.368721509778619, 15.19753505177791, 4.766685743461668),(7.428270128289018, 15.00849934194019, 11.086135072475791),(8.107196227633564, 15.462442909697224, 11.663191905830026),(9.638875496469508, 14.213698805842618, 14.276807946521805),(7.674218150617129, 13.98112061556175, 17.489744457108493),(14.530315173568217, 23.63337248209757, 21.6967944243572),(22.712243051669898, 24.600329732589643, 15.229996634285937),(28.25, 18.25, 12.25),true,true
49:(-8.75, -25.75, 11.75),(-8.80981222385117, -25.27982760943672, 11.90924955582351),(-10.844724455948114, -23.93245016549438, 13.372610254803078),(-12.692362908250953, -26.12213770048109, 5.446330974776741),(-12.27287519442253, -25.772641073904133, 1.1097505723796837),(-3.822698532997348, -23.209329632488558, -13.647265447607305),(16.546591797471045, -18.413047626075993, -10.702839226701755),(23.44868987630006, -17.270454869350928, -10.938474331268555),(22.675212422081927, -19.219490990620564, 5.140949626171917),(15.75, -27.25, 10.75),true,true
50:(2.75, 17.25, 5.25),(2.443310869284457, 17.039218689055584, 4.91606435341896),(0.9217199098466431, 16.072681884422554, 5.268882923781975),(1.698969216038484, -1.2430679581894366, 3.795595668549023),(5.815179237626678, -3.994114521627848, 5.512319143889972),(7.62727368180848, -7.168567485310459, 6.799266990549865),(11.03358886142717, -7.699235580440296, 5.540623198514477),(13.97243707278503, -10.16321190547739, 3.969799041541886),(14.5, -10.5, 8.5),true,true
51:(6.25, -21.25, 5.25),(9.742291442175567, -27.308372935866696, 6.894212539773953),(25.32066217264626, -20.684242970688395, 2.892460079774003),(19.25, -13.75, 5.75),true,true
52:(-10.25, 23.25, 10.25),(-10.375878596373317, 22.94749659648019, 10.627685411200927),(-10.776880125806791, 21.753719424254818, 9.895332409981972),(-12.156710582819633, 20.52037247511491, 5.833226009442949),(-11.389659815177913, 10.916005995327112, 6.718126072784772),(-7.0, 7.0, 5.0),true,true
53:(20.75, 8.25, 11.25),(20.366444062263458, 7.961835999644533, 11.109122920508069),(20.854519694202374, 8.962931391813692, 10.079606741706527),(20.35795783505139, 8.964093219091854, 8.755708994453752),(19.979505355549183, 8.108241523591069, 7.1499984918456745),(19.00214218377592, 8.067395823020032, 6.9424102956346),(16.054401053584243, -5.33721612106343, 8.419529597584777),(19.554088546083072, -10.084416650608471, 4.649082066172286),(19.171398586505436, -10.352018826005711, 4.470371488530303),(17.860790998098132, -13.023333362156624, 1.8318104911646227),(25.25, -27.25, 7.75),false,true
54:(24.75, -1.75, 5.25),(23.48966058469318, 0.18024527053744155, 3.5907584322289834),(17.819579347140905, -0.25356619180663387, 4.613642597212214),(16.109938556979007, -2.105135649525037, 6.2411618480534985),(9.15294869591587, -5.4109735856189385, 8.83871751179783),(3.7909246197152733, -0.9182486100444356, 9.091936982009411),(2.0142392380904965, -1.3538483393587826, 2.3351891007767476),(-10.75, 4.25, 6.75),true,true
55:(22.75, 12.25, 8.75),(23.19970227528859, 9.744454610552694, 19.45591292565886),(23.521380163737067, 3.2963528342359565, 22.161186815368417),(8.771150200549753, -16.697465574287964, 25.45938766469795),(23.75, -27.25, 9.75),true,true
56:(4.75, 18.25, 8.25),(5.100216551802022, 18.25492703864192, 7.893174985274123),(5.855361758253003, 18.16085967470486, 8.54194848058357),(5.9909317170453305, 17.267016029876153, 8.969340952291224),(5.67158100999757, 16.369946612086263, 9.274761294728009),(5.617665371443498, 15.425833476833947, 9.599943538651857),(-1.750572907173744, 18.186538649811105, 15.677960209943189),(-6.627015938377148, 22.164170779005175, 18.075964766285306),(-18.613804915374917, 26.795616682658718, 18.87082099964771),(-17.176996746341928, 19.97748466618446, 6.037698395023377),(-17.1293972708913, 13.030113812037627, 4.582171678848145),(-18.5, 10.5, 9.5),true,true
57:(3.75, -25.75, 10.25),(3.461577842809911, -25.606548668524088, 9.867593966130759),(3.274493226138997, -21.475587362892185, 5.571402580946459),(1.8231509620151471, -15.016781588304585, 1.5885842538701938),(0.8838023140098584, -3.1667094462124177, 7.134870195054535),(0.7939549943273754, 1.945717950095191, 8.484442405899877),(8.235329281448001, 7.9587542923229595, 2.401778680708134),(10.5, 11.5, 5.5),true,true
58:(23.25, -6.25, 7.75),(20.480414508831714, -5.710200806814353, 7.149214047893216),(13.5, -0.5, 9.5),true,true
59:(-10.75, -25.75, 5.75),(-10.924138037443425, -25.31299642809074, 5.580577976479145),(-15.90956165474182, -27.5, 3.1663276074892637),(-1.6929951011558906, -19.91548997715536, -9.382356888683672),(15.09082817998966, -24.047894112860693, 0.04921432510107654),(17.035996498745195, -25.48163851200379, 9.708854899789612),(6.5, -26.5, 8.5),true,true
60:(-26.75, 4.25, 9.25),(-26.599918787418936, 3.77677704971279, 9.30946149133402),(-25.617278085451282, 3.597550248878693, 9.261555284019185),(-24.91443283405997, 3.1097651107667037, 8.743796448620166),(-24.9036591808059, 2.759852662440983, 7.807075995708915),(-20.06632186820014, 11.098776174215804, 4.124268298049678),(-14.933350900542528, 16.246699377233867, 8.001438180045344),(-6.265242648777143, 17.59804136560439, 5.295764736158984),(-3.3045385022371168, 17.955936887784745, 4.969970703273253),(1.5559171444454436, 11.022000732645665, 2.893154501246652),(6.5, 9.5, 6.5),true,true
61:(-6.25, -21.25, 5.25),(-5.781448899756383, -21.076766780484736, 5.228784012705686),(-6.042698183070447, -16.11795853468387, 5.097294177997611),(-4.215500042021854, -13.259270872937286, 4.212518688425072),(-0.6522413468897549, 7.803764576060402, 8.696433580873954),(0.8919195446287198, 6.850938344184625, 8.342172926894332),(7.043142460008543, 10.45630496784035, 3.835147069003141),(9.464084784251842, 9.394773506190443, 13.950966947643456),(9.765617981808527, 9.539060522422936, 21.333863795804664),(9.56592987248252, 2.8233001109575584, 21.718713584698556),(14.497775863756717, -8.759805142554404, 24.205380936637795),(13.86817032426835, -26.48862937224493, 14.376578150650204),(5.5, -21.5, 11.5),false,true
62:(15.75, -27.25, 11.25),(7.834021386635065, -22.870620156602975, 8.187037278201716),(4.082396089684771, -19.082763208024538, 4.40704515721797),(2.064341032442425, -16.902883507212707, 3.9880245420603075),(-1.1311162478033445, -7.85788785173889, 4.290356245076586),(-7.441873981238459, -14.318138330972658, 6.934326967582166),(-8.5, -9.5, 5.5),true,true
63:(0.75, 3.25, 7.25),(1.1788284314942867, 3.349883273654864, 7.486916668865104),(1.1721502496721572, 0.7782158875040327, 8.309789100727663),(15.013202195582226, -0.5056478615049196, 6.33525632350906),(20.59814947202559, 3.361268427011431, 8.702187766380524),(20.65475146106032, 2.6571422550543504, 9.410003101621559),(21.75, 0.25, 7.75),true,true
64:(-9.25, -7.75, 7.25),(-9.024537717696361, -7.602629091417624, 6.82875354652883),(-0.909342214947994, 4.034827855025622, 8.298723407929119),(10.346730705654274, 7.051208502968593, 4.8599963063928815),(14.576439007910347, 7.955531355992036, 4.80875067708024),(13.960567397334641, 10.820963231602079, 6.718733647490978),(16.5, 12.5, 6.5),false,true
65:(8.75, 25.75, 11.75),(8.91939346918723, 25.5958403679453, 11.305544534917756),(9.238994136376181, 27.6566722501341, 2.9224343122587655),(14.98427209869524, 25.03859854346891, -0.8422759377156126),(20.164818657510867, 10.294115250657313, -1.9096692850113022),(22.306089517638995, 3.7479143472265006, -0.6597841560943409),(24.781795537878512, -8.552891680703558, -4.487904814056638),(28.41125336631586, -9.802223154993147, 1.3658296126955909),(24.190843274758333, -8.930157426059687, 8.38975647279482),(23.5, -9.5, 9.5),true,true
66:(3.75, -22.75, 10.25),(10.599231314776926, -20.720996917281056, 16.204330320368364),(15.9440577102032, -17.831907169488577, 19.680821544570573),(21.015301662212657, -20.030881189430882, 12.112233081514928),(25.18013843346769, -14.804164858419263, -0.5341465871544007),(28.25, -10.25, 5.25),true,true
67:(-25.5, -26.5, 5.5),(-23.598751159936526, -24.144034297117635, 4.946740326310163),(-26.5, -14.5, 6.5),true,true
68:(18.75, 18.25, 7.25),(18.857093407706216, 17.979102900787453, 7.656381303290515),(19.83931733417265, 20.805375043704657, 8.38289281553129),(22.3670292779697, 19.398088071643535, 17.119431511799807),(21.185325579443454, 10.989119761772596, 22.845990453375876),(24.00729890892868, -8.074764035380161, 22.837264108594916),(28.25, -19.25, 11.25),true,true
69:(28.25, 4.75, 7.75),(23.8788885594698, 2.377276703234533, 7.513563192455235),(7.541488959281858, -6.443505029200706, 9.444545957636116),(1.2833864580632763, -4.934657969508627, 5.152061640795168),(-5.396988390329971, -1.3941961972698307, 5.9233907653365705),(-5.660372024649294, -1.0438789724795088, 6.164029297554402),(-1.75, 14.25, 6.25),false,true
70:(21.75, 4.25, 9.75),(21.363235261356508, 4.248820193045246, 9.433122034534462),(20.8089495790327, -4.957629464814677, 7.364106975175575),(13.5, -6.5, 10.5),true,true
71:(14.5, -7.5, 10.5),(11.373908498100626, -2.53640752886422, 9.809201507502289),(2.0301873980541734, -2.512599572889869, 8.375746210735652),(-1.6871140096445973, 0.9153121104005574, 3.383195363376377),(-3.6333103219433673, 2.7514544610530987, 2.9050884292798393),(-5.06276612910552, 5.506047222363553, 4.196883975496741),(0.5, 6.5, 5.5),false,true
72:(-19.75, 4.25, 6.25),(-16.35309889548013, 3.7733658883695735, 5.543202302980301),(-4.494317049203977, -8.649812583890881, 6.762970358930243),(1.039710343682751, -12.21363193306255, 4.172763527104101),(1.5, -10.5, 7.5),true,true
73:(27.5, -26.5, 8.5),(18.719625202666055, -17.177257707163037, 5.108606559163603),(15.20718383083554, -12.167454904692722, 4.914241117270409),(15.204691828276335, -10.083312234686497, 7.0720972572812695),(10.253079240829113, -8.696763391880621, 7.792878736410467),(7.857101063352154, -7.49037575585748, 6.449778797945466),(2.6560592946920516, -2.3558590042854517, 8.558886728626838),(1.6366631504813602, -2.3968556557912026, 6.671190150450014),(0.5, -6.5, 6.5),false,true
74:(-13.75, -12.25, 5.25),(-13.489314833292543, -11.865504849169337, 5.065049404309123),(-6.027546678562088, -3.7898922976695784, 5.418085038160091),(-5.973007092902331, -1.8559785061359904, 2.547046030322777),(-0.039757315637570345, 4.566870367567015, 4.668763508469812),(1.7126953037197497, 5.282517454781374, 6.996156699030719),(5.000968489316131, 9.313960872032393, 8.269522004349847),(13.345685608001471, 14.076927983674032, 2.306322987541108),(3.889407253713936, 15.422067652711094, 15.935413473327415),(-6.738358064306388, 20.602198758779465, 16.933246266857747),(-10.5, 20.5, 9.5),false,true
75:(17.75, -19.25, 10.25),(17.628495732395812, -18.9796254019863, 9.847340975882945),(21.116632002292025, -19.078648077572936, 17.353784462249955),(10.129536697277816, -20.441661957736738, 18.83429794284478),(6.463031509148207, -19.491103724003754, 18.143204435023826),(4.75, -24.75, 9.75),true,true
76:(28.25, -14.75, 7.25),(27.075879854382556, -14.168581768870586, 7.296538082855074),(20.24140071652365, -1.3773049143243323, 7.113938693639213),(14.937377934917793, 3.2442532566324687, 4.757146466112562),(13.906556258766582, 7.5414805504722935, 3.2191310145921683),(1.7087472119823843, 4.866056603869325, 9.027960280070149),(6.109377590235098, 10.257241486202595, 8.273256471612429),(9.0, 7.0, 7.0),false,true
77:(1.75, -22.25, 11.75),(2.1703256155726196, -22.18246737835469, 11.487767809170556),(2.721165486437837, -21.749178492331517, 11.593235519927472),(-4.750474157163999, -17.030094601563817, 24.330669121001147),(-18.896592671023004, -13.600073215414914, 21.54006215383042),(-19.75, -27.25, 5.75),false,true
78:(-25.25, 7.25, 9.25),(-24.767842578012996, 7.367210631918091, 9.188470428343711),(-24.497255407531323, 6.75486176088199, 8.515300218312479),(-21.334228479481286, 4.99929102394347, 4.914472418674941),(-20.60590775708126, 4.394057873272116, 4.59315986266269),(-18.80874153674076, 2.6959592185877104, 4.784061639707095),(-10.5, 3.5, 9.5),true,true
79:(-0.75, 20.75, 11.75),(-0.8837035498559959, 20.291517682162954, 11.601954989997386),(-1.4567443066684143, 19.86044147822871, 11.490132833955299),(1.4118526852797992, 15.334918606649289, 4.696234538775421),(-3.966275434874719, 13.561950944459856, 2.6814086638646204),(-9.0, 11.0, 5.0),true,true
80:(23.5, 8.5, 8.5),(21.744255057861594, 9.934123586792193, 9.597034986642521),(22.639297620190735, 10.627121928809322, 2.7635488941666444),(16.3401137878823, -3.114268496111915, 7.040231524714051),(9.570159049633771, -3.1135751877013598, 8.820038357319701),(-3.4218545302759455, 0.35638535904677837, 5.483356515847795),(-14.107329582452817, -0.7803655948069382, 4.5269951705302205),(-13.25, 5.25, 10.75),true,true
81:(23.5, 17.5, 11.5),(22.176921478450737, 20.8940270120452, 5.158114638207889),(18.36006916094239, 21.534581362081354, -3.2012299833560496),(-10.148066161398049, 21.103132193588447, -3.496074053872773),(-23.142921051799124, 22.749264041235175, 1.7044485535657548),(-20.6180532013975, 24.07401597510802, 8.097419275515641),(-10.5, 25.5, 11.5),true,true
82:(4.75, 18.75, 7.25),(5.194030212138907, 18.716880619410922, 7.022535107462112),(6.103670143544503, 18.487435334672988, 9.040268166413268),(5.943895859976469, 17.348625087489282, 9.866263284430744),(5.3779231347429794, 16.539677193586684, 9.707272154985333),(5.7044704370898724, 15.61083146507238, 9.882236356897318),(0.8957550690138381, 16.002441164216947, 13.44895047423843),(6.95473950836382, 13.140518228860094, 23.569094870695903),(22.57255083856216, 16.945803932363866, 22.30213026836765),(26.147189218581627, 18.86596809888282, 15.181514273087586),(28.25, 9.25, 7.25),true,true
83:(20.25, 10.25, 7.75),(19.806518007664497, 10.38046987141595, 7.940529092599628),(19.43965430705046, 10.323492732334277, 8.275438977186278),(18.16401278175039, 10.326886449387683, 7.25934964593405),(17.692375871522025, 8.634407685079395, 4.827668281676854),(13.970396812662882, 9.185289206990385, 2.0834753716509558),(13.844425951461991, 14.577745222031055, 12.975736143650217),(9.679838208639215, 13.392561463705881, 18.299907006995923),(11.132325963792061, 7.381029885318767, 22.096644894697164),(16.16332110171295, -9.286732758648835, 22.74449930679209),(18.30825453780597, -14.230471723260592, 18.276982591153562),(28.25, -27.25, 8.75),false,true
84:(20.75, -14.25, 5.75),(20.432087502897346, -13.97112908970151, 5.483236697472748),(18.607852706148623, -12.950319260385918, 4.80733697409774),(18.878586301368674, -10.788349277844162, 2.270648844734518),(16.5, -3.5, 7.5),false,true
85:(16.25, 20.25, 11.25),(15.754463833342948, 20.257905648925977, 11.18380779313323),(15.890513578644766, 24.826290512697145, 5.881794005592708),(15.33855525943284, 24.426570031584376, -1.1214072384826708),(8.142629874150881, 21.837716184093146, -8.91455685452662),(-9.452440811411652, 23.685990912352512, -4.151519588008915),(-19.880033360926408, 22.369221798947315, -2.0479824232320345),(-19.136520812006246, 21.09294854442645, 6.676708970651854),(-23.0, 17.0, 9.0),true,true
86:(-16.75, 11.75, 12.25),(-16.368741152683842, 11.785676206195433, 11.928489658557217),(-16.447932300105894, 10.874957920148168, 10.402763404231715),(-18.176358213375067, 13.734814073993357, 5.871082160818743),(-21.641929068885872, 20.559214921403296, 8.446411447596946),(-26.5, 21.5, 8.5),true,true
87:(28.25, -18.75, 6.25),(24.424256215095173, -17.16672072387518, 4.977678897090503),(19.616495077212942, -13.71289967800292, 2.2130132120927506),(18.01984770585119, -11.213433300372525, 1.7620309523321218),(19.829654709099657, -4.694493917520662, 3.5587023006025227),(14.798727470801456, -5.172730874752142, 8.402364193807621),(8.57007790883027, -2.0027165598590457, 8.008747784687024),(11.5, -1.5, 11.5),true,true
88:(-11.25, 9.75, 6.75),(-11.105183627490266, 9.416976435832485, 6.406308970203924),(-8.01643511187801, 4.88161774952647, 4.890110421854783),(-4.5, -2.5, 8.5),true,true
89:(27.75, -0.75, 9.75),(27.262611812742175, -0.8088302787876565, 9.844824855493151),(26.78591210601155, -0.7839634579035534, 9.993616759916925),(25.817947562261587, -0.6270758068842526, 8.642966527892746),(24.936996337771614, -0.7788995376682344, 8.19477628386634),(24.65477705148349, -0.34058063178975917, 7.341413048663113),(3.4006027385573088, -0.07409047902621291, 9.254333485174767),(2.066942753683483, -1.7218710706825722, 7.5463047075161445),(-7.5, 2.5, 5.5),false,true
90:(-3.25, -6.75, 7.75),(-3.023841369548169, -6.304071450698006, 7.7500528163880205),(0.30791444462775386, -2.8932937667875303, 4.89755406824077),(0.9348454606215522, -2.3970988283872816, 4.296930988188931),(5.547323362995915, 15.679106658760858, 8.491827105041388),(4.280192622833405, 16.30982282890744, 16.06678971061991),(0.11755720186188601, 11.03579756043181, 22.744374648702482),(-8.39439412398969, 0.12313779354679588, 22.525972610338606),(-11.719762392500044, -11.654064758421217, 21.112882840281245),(-9.114977842438007, -18.81790381688979, 18.192938994294895),(-15.25, -27.25, 8.75),true,true
91:(-9.75, -25.75, 6.75),(-10.015849100408946, -25.758977232712986, 7.173371781185958),(-12.639617820486869, -26.026134836531185, -0.7046732819206545),(-10.865078664057005, -24.035583878386905, -3.771192218363211),(13.580428849621729, -12.75736312243086, -1.6717359223852546),(24.18056408737587, -23.794967703215328, -1.445783707231618),(28.25, -21.25, 11.25),true,true
92:(22.25, 8.75, 9.25),(22.270682977027338, 8.79268881425003, 8.752255206356498),(22.501870744720485, 9.710099184845433, 9.371534699625597),(21.52775955374307, 9.972735429286638, 5.743244070677082),(20.896195204866803, 8.930770765152763, 3.929550379256313),(20.51987617249897, 8.05521875996677, 3.6265773241960915),(21.266955223114955, 0.7324291660153857, 5.659486299748865),(21.332407884854618, 1.512328083712676, 6.281960096181926),(18.064735980494962, -15.999200473510893, 1.5831143043799472),(18.360111151090965, -17.26791686872143, 2.4509067629917096),(22.25, -15.75, 7.25),false,true
93:(27.75, -27.25, 8.25),(21.57626291470796, -19.188331537092797, 6.755634276274177),(16.22023634984221, 1.0666702095914165, 4.9574083902970605),(28.25, -2.25, 7.25),false,true
94:(15.25, -4.75, 8.75),(15.50226193559604, -4.980750872539029, 9.114853327615105),(6.642336890644783, -5.516783102347697, 5.975012768860964),(-6.049784936094239, -6.16362734987557, 8.761311455673264),(-9.678691877111621, 2.409164340146316, 6.631549070369282),(-7.5, 4.5, 7.5),true,true
95:(28.25, -21.25, 5.25),(28.163576847322357, -12.189296157906881, 4.470021511614807),(23.75, -3.25, 8.25),true,true
96:(-13.75, -17.25, 12.25),(-2.3280568473633476, -21.977492652251872, 22.452546185937425),(6.50335576337317, -21.24393602514734, 8.351624805315485),(5.75, -24.75, 7.75),true,true
97:(-6.5, -0.5, 6.5),(0.30554823212580295, 0.04848053959446799, 10.049007950495874),(2.854246358598577, -1.4404165988844406, 10.58503329611256),(3.99164164600643, 0.48379976274056924, 15.136410571675102),(1.2900380300579237, 6.381210076486797, 20.05439944740051),(7.753281418191522, 17.073239436510573, 22.161521915335545),(13.963726046235996, 23.795623312196433, 19.135495602928252),(15.33796031033198, 24.053793786319194, 15.397476747835126),(18.90371495863774, 23.276957791018706, 6.185595043231304),(28.25, 12.75, 5.25),true,true
98:(27.75, -0.75, 9.75),(27.28895126787512, -0.9362596622092282, 9.802358426635491),(25.580629352379063, -2.698657834941071, 8.554751080259667),(22.456055742455472, 1.019759374439866, 3.8909416793725122),(18.47967867611587, -12.302434375690705, 4.373201174965812),(19.617075492481344, -18.687563212626934, 7.006916842582025),(16.738256153646233, -26.18783133379342, 10.92951296003051),(4.5, -22.5, 7.5),false,true
99:(28.25, -14.25, 11.75),(26.672631418891957, -13.119556758600835, 9.616521410804895),(16.283615997996975, -2.6177028116791, 5.917939015770521),(15.5, -2.5, 10.5),true,true
100:(14.25, 3.25, 12.25),(14.058815258602275, 2.979319361419424, 11.875593287247282),(13.827316526829032, 2.846836516802911, 10.776304569784994),(12.891077899267696, 3.953117609506406, 8.703622026699405),(14.377488164489591, 12.680360180486641, 3.2110374334159055),(13.985712172206727, 12.469116643950587, 3.438826239423835),(1.1742419236424069, 15.111143029458782, 2.7783691417890126),(-1.5379771821178623, 16.384609103213073, 2.927203550934872),(-3.475955242076796, 2.8550435844513, 3.887883472216637),(-5.0, 9.0, 5.0),true,true
101:(-12.25, -3.25, 8.75),(-12.420718033691568, -2.95020688989115, 8.388089176586625),(-8.882564832543009, -0.1464831209220261, 5.178627936014033),(-3.7249601853228094, 3.658045530823321, 6.246975845626809),(0.2903183842628332, 7.316098907737189, 6.114475016492719),(10.325685327876162, 7.514005304524886, 6.640100427732336),(7.398523949914573, 11.983874741094487, 24.426680338326744),(6.216404661801249, 8.753317384433206, 24.910537558518268),(6.96802574972422, -8.5862001425747, 22.210543787529197),(8.657746844472975, -24.12078578801904, 17.988559748205542),(4.75, -20.25, 10.75),false,true
102:(23.75, 1.75, 10.75),(23.791363791085868, 1.9430327851284301, 10.290622833988708),(23.833992489252577, 1.7710611371083875, 9.306443710876517),(21.449448286820683, 1.3993893596549194, 6.418935241964775),(20.015595463241805, 1.942192842941024, 5.663415976016665),(6.389921642830928, 0.060794597871811185, 8.459735003411865),(-2.210056546347832, 1.3359213908292178, 6.0854760966594945),(-3.106424168601278, -3.0446161403378684, 4.911887790172321),(-14.364930926356553, -2.2962648132014856, 8.449768478475255),(-12.5, -2.5, 6.5),true,true
103:(-18.5, 2.5, 10.5),(-18.358815078672166, 2.170228672665375, 9.680297993045556),(-15.746976943701583, -0.6071697311083049, 6.702096635826147),(-11.619985071448669, -0.7563368499324211, 2.176078260681239),(-7.906697023466109, -2.802775866813207, 5.859788799535013),(-5.2838967671886055, -6.4502438886435725, 5.299995614350295),(-2.6518939418466734, -6.637887573812328, 3.8726375741906525),(0.35312466741623405, -12.772017127081785, 5.4031008314072),(-5.5, -12.5, 6.5),true,true
104:(25.25, -4.75, 10.25),(24.906410178120723, -5.0789063542779935, 10.09583565776573),(15.345815200391769, -8.26624411434467, 5.868187557075084),(13.19587170968875, -0.281574743627365, 6.6568658585599305),(7.332004178119775, 1.64181665430744, 9.960745865848569),(7.244952644946723, 3.226787463970597, 9.886472878384355),(1.8898903035735448, 0.7599553472397544, 6.617681481579279),(4.855464399680202, 9.352099110940834, 7.617130994004649),(0.5, 11.5, 8.5),false,true
105:(6.25, 3.75, 7.25),(5.934450772712987, 3.380677930962093, 7.368447855531995),(6.570601685135629, 2.7113865410283866, 9.041280732984411),(7.369312724867921, 2.3750204290001573, 9.540198074523843),(8.663248929881942, 0.485422329135614, 11.7031898801273),(9.505396880649563, 0.08471194025187476, 10.688611524082006),(11.032431311575026, -1.9958785465712008, 9.15913152326164),(15.952862862248612, 2.6822576587051836, 7.454902958773237),(16.230431784225058, 3.0933860756600353, 7.517584043041392),(16.825968448877838, 3.8646620874372584, 7.292930098693065),(16.990942387432337, 4.2370228864882735, 7.002876595132246),(28.25, 6.25, 7.25),false,true
106:(-26.75, 1.25, 8.25),(-26.619896796414423, 1.6966409878172959, 8.06673793513561),(-25.710418003627378, 10.109770540361662, 0.9235595910401511),(-27.0, 7.855674467659406, -4.359474336622084),(-21.163302542698936, -2.6108474949769516, -3.79441862121914),(-21.096104749064228, -20.76482246928583, -1.2729914811455592),(-26.5, -17.5, 12.5),true,true
107:(-18.25, -3.25, 6.75),(-17.815207355139457, -3.437256961813628, 6.910904276597928),(-13.88067387765575, -2.4355924419006603, 6.664277408142905),(-13.732686088443293, -0.39715086094551033, 8.860377482200796),(-9.974802603078196, 11.57259465778777, 6.398314060241533),(-9.273538501630675, 9.79532278902553, 7.786496645569567),(-8.337661183302005, 9.71902711036972, 11.947129446532841),(-10.5, 8.5, 10.5),true,true
108:(-11.25, -27.25, 7.25),(-23.0, -19.0, 11.0),true,true
109:(-10.25, 24.75, 11.75),(-10.39911552069626, 24.299861716852053, 11.591443740167403),(-10.292587811156292, 21.151282694413943, 10.246578854163092),(-9.803682253220673, 20.36378999567881, 9.871310143958631),(-9.169838146226835, 19.637960208912403, 9.604078467932352),(-8.288267402152893, 19.266531641697334, 9.312747311600798),(-1.2220834930928806, 16.99082675810953, 3.976592501177201),(-2.0640027056684462, 14.251039390350279, 2.4743249902112945),(-15.79091732725942, 2.866586354671597, 7.236643863253113),(-17.064874750634484, -7.580706502537897, 5.695457726499693),(-16.75, -7.25, 5.75),true,true
110:(6.25, 11.25, 10.25),(5.909287720184134, 11.161312771568117, 9.89496518776922),(6.316144679174389, 10.291640268549713, 10.527797599974244),(7.094063355452317, 8.690272453828067, 10.160210142344742),(6.067126170331917, 2.2244331046814514, 8.531330606235853),(2.3515307441910664, -0.745271750687693, 10.156346873265278),(3.3152253393069397, -10.191162443830871, 5.2035677513324305),(9.292360088513517, -12.957180482844398, 5.132164636575633),(17.470096611348545, -9.86539727165109, 7.189471519671103),(21.75, -7.25, 5.75),true,true
111:(21.75, -27.25, 12.25),(20.46038649755288, -26.03118576962408, 10.97378288595423),(10.25, -27.25, 8.75),true,true
112:(25.5, -10.5, 6.5),(25.083295845235966, -10.270721693243217, 6.345762827265487),(25.290202354451207, 7.726969140400091, 6.711338134500248),(28.5, 14.421972121518127, 8.825590789433836),(28.25, 18.75, 6.25),true,true
113:(22.25, -27.25, 8.25),(18.983639461295247, -21.951819777782838, 1.8858882563385369),(15.469820402941359, -10.909287528298414, 5.890454583589231),(15.012357587660835, -4.8962874898818285, 6.037580094233767),(23.5, -5.5, 8.5),true,true
114:(3.5, -19.5, 9.5),(3.7126799443918186, -18.528609520280373, 3.7376173125393786),(1.604257741278214, -15.670697241537974, 1.9409888585880781),(0.8207377608285178, -11.274827521375958, 2.738202498306184),(2.6126675638799015, -9.309389879461772, 4.126021815322284),(3.267835579183577, -7.066001171095573, 6.006968910510791),(1.5, -5.5, 5.5),true,true
115:(-2.75, -11.25, 10.25),(-2.809357744108407, -11.45216631165527, 9.796562638674244),(-7.066774971590172, -4.946970767903939, 6.107845706291025),(-8.706252941817091, 3.4471203448275176, 3.593983286271365),(-24.413870325934784, 7.690962914922373, 7.069919976003348),(-23.75, 9.75, 5.25),true,true
116:(-26.5, -20.5, 12.5),(-24.676852676512837, -19.390147408659633, 12.201284919008282),(-9.75, -27.25, 5.75),true,true
117:(17.75, -2.25, 9.25),(17.413012718402356, -1.9309792056156172, 9.436186209993615),(1.955746273534498, -6.554141004916048, 7.385318278927967),(1.318968518918685, -7.314782122108248, 7.259067805411848),(1.5, -7.5, 7.5),true,true
118:(23.25, -14.75, 5.75),(23.263118032037855, -14.939939843237475, 5.287668113595464),(21.543461458426435, -14.743602412625842, 5.088768700057637),(20.179176590984785, -13.515353194213308, 5.442290138081199),(19.339128378287175, -13.083955630723302, 5.113329437452024),(18.590915780368036, -9.60593828686071, 4.167626969069848),(17.629614020776078, -7.034898334233557, 2.956985614662865),(20.25, -4.75, 7.25),false,true
119:(25.5, -26.5, 10.5),(18.789462705602716, -17.280860852652008, 6.065039442843764),(15.767110465327285, -13.263535625817692, 3.937769584614495),(13.31626997396317, -12.027115887574784, 5.147995644808806),(10.882031986598683, -12.850120649304513, 3.599722870701517),(9.962220134978473, -1.6079170432990548, 11.444740477812141),(3.5614730219976822, -3.504898400981355, 5.6841004524331025),(-5.5, -6.5, 7.5),true,true
120:(-18.75, -8.25, 7.25),(-18.86278923600356, -7.766470912296774, 7.3089763476880245),(-18.06397893256606, -6.3035156666336, 6.722647491097973),(-16.321657530312518, -6.489319123838616, 6.63946266838676),(4.69987443873544, -5.260739646147775, 6.119935795235621),(4.450220340335167, 0.1391541467837829, 10.567274309022398),(3.093889347939915, 0.29071763526609606, 17.816282756842067),(-4.159293869186504, -4.082738260534771, 23.95830604491641),(-16.221594768025383, -13.475151670120745, 20.02773569643161),(-15.5, -21.5, 12.5),false,true
121:(-16.75, 19.25, 5.25),(-16.311564462781437, 19.01101695947042, 5.275717426836819),(-19.935568860715993, 16.351423972460534, 7.859531467415595),(-26.343782742555348, 15.807193018269608, 2.5511712898578716),(-20.853250468297098, 13.586040499067693, -2.8107921123898327),(-15.164744961248712, -8.28178005382162, -10.47244468307892),(-16.26273958524639, -22.015211004970904, -5.5470824012876285),(-18.896929296988105, -22.804361317753106, 5.52046409612379),(-14.5, -16.5, 12.5),true,true
122:(-0.75, 10.75, 8.75),(-1.1301373414318339, 10.763927403573492, 8.425497875078085),(0.9495990788488677, 6.329331774917004, 6.009045963216544),(1.2517071820841372, 5.6776722766843095, 5.313294145164518),(4.5017236544826, -2.2375583688679566, 9.55348345098186),(9.529401514851976, -5.166472883718859, 9.85368092827775),(13.656097246146004, -9.847399151255543, 6.682039142198381),(18.205267479684714, -17.293725759240182, 4.169650811286695),(23.250390230714654, -20.127514826299382, 12.700806070398048),(5.92956820225316, -21.192762357773294, 19.30594206952609),(4.25, -24.25, 9.25),true,true
123:(16.75, 22.75, 11.25),(16.81288603104774, 22.26128958720663, 11.334896875834124),(16.59264968052346, 22.108627918865263, 10.91277086985134),(15.057003654576055, 25.22294915811279, -1.2568158768443978),(8.85451420691227, 18.759708595198468, -10.095470266507533),(11.038775993356966, 8.725733932289176, -12.916087711586785),(19.61020430271871, -10.881922081794043, -13.006946346871242),(17.243307377282957, -26.264082770151997, 3.850806360389168),(28.25, -14.25, 8.25),true,true
124:(-23.75, 13.25, 10.25),(-23.768364027123496, 13.247854185416038, 9.750341958948344),(-25.238966432200446, 13.444772941750424, 9.48394796803029),(-27.0, 12.537476029057823, 16.19778242274405),(-26.02391999821723, 4.649973663172442, 25.61711744884056),(-20.455935625140814, -7.557194285121229, 24.241259715439707),(-16.25570954265015, -18.290482431385982, 16.826102858847026),(-15.25, -16.75, 10.75),true,true
125:(23.25, 5.75, 5.25),(17.644759839221987, -14.213556686235574, 2.693380710147446),(19.363892717441075, -25.007874914033543, 3.443259961974244),(9.25, -27.25, 5.25),true,true
126:(-22.75, 11.25, 7.25),(-21.515425147136273, 11.279841468569654, 6.200633112734751),(-13.210314709125408, 11.005236002795147, 7.800846746153758),(-11.138812491689716, 11.916185878960201, 5.831316628010375),(-9.5, 12.5, 9.5),true,true
127:(-1.75, 5.25, 10.25),(-1.872435862014513, 5.543529950654624, 10.635810352066216),(-2.732770484922198, 7.617489717935166, 10.23213178617262),(1.4247610280295127, 3.284203853097857, 5.55506413220923),(3.8243958612120252, 2.4114655597717825, 4.074834733301902),(-0.968752167326479, -7.82795400843913, 6.929531031349936),(-3.412930812011739, -10.36717576438205, 5.080088881538389),(-6.5, -6.5, 6.5),true,true
128:(16.25, -13.75, 6.25),(15.891522406409196, -13.88861974657363, 5.930190086530751),(13.088703941520796, 2.9801242413759446, 7.359837816907893),(13.151569003129847, 6.401217135169534, 7.6127584082633435),(9.5, 5.5, 6.5),true,true
129:(23.25, 12.25, 10.75),(24.388718084599144, 7.180371502186234, 18.800650043482168),(21.98868100920998, 2.296358053994565, 26.40012051246365),(21.33595372677845, -9.555099815642329, 22.11631380756954),(25.875315065692035, -17.275970201216257, 16.72216081995853),(28.25, -10.25, 11.75),true,true
130:(24.75, -3.25, 6.25),(23.882286896838618, -4.410586130626408, 8.022378499039121),(7.350932015412658, -5.199084840750988, 9.04495012842234),(1.6369431497369993, 0.5764632414986988, 3.663700593385397),(0.5, 4.5, 7.5),true,true
131:(6.25, -3.75, 12.25),(6.242582639645277, -3.4935292806917926, 11.820852294771488),(5.984390486965964, -3.0705145305777966, 11.88714960603534),(4.59561062059996, 2.423446983984628, 4.883276578705592),(2.780706009686804, -2.322638998524714, 19.650365617276137),(-1.735165636244485, -10.842898007782434, 22.2959471297039),(1.786076960286233, -21.731648150625176, 17.706424982776788),(8.75, -27.25, 11.25),true,true
132:(14.5, -12.5, 6.5),(17.220283093129048, -14.942314450637713, 3.637606149755708),(22.569816573130183, -19.431424929688838, 8.062291074026906),(27.20878045504203, -10.43139602402396, -4.635789230821318),(22.054853620493265, 4.0052498962668395, -6.52267990597419),(19.476372008290724, 16.368802850665798, -4.198042731792335),(28.25, 24.25, 8.25),true,true
133:(-13.25, 20.75, 5.75),(-12.796622704009964, 20.960349029729414, 5.735776316487726),(-12.172894051686923, 9.808993067463353, 7.651571284558299),(-6.564226908911489, 6.77061301356728, 4.76867351848373),(-2.302085331632184, 1.9567883243825497, 7.536568212474566),(-2.4581767857594543, 1.1068099355280445, 7.943242847756662),(-2.2403538759162585, -7.323296213993622, 6.796484757983137),(-1.9678089728891472, -7.717305565538044, 6.939578806529843),(-1.591049088462405, -8.541733378679993, 8.71480925655953),(-1.5, -8.5, 8.5),false,true
134:(25.75, -0.75, 9.75),(25.27223747460212, -0.6162950359222825, 9.687823220520704),(25.53157683971348, -0.38376768513722226, 6.234385910671232),(13.407917485755974, 0.42082916783192564, 3.201170788276748),(9.5, -3.5, 12.5),false,true
135:(-17.25, -27.25, 6.75),(-14.616337003054324, -25.493175014936558, 9.629256755206884),(0.78285499170567, -20.24522757139914, 17.658531435545115),(1.2692980299998866, -20.17011707319415, 17.74646085925805),(8.25, -27.25, 9.25),true,true
136:(-3.25, -1.75, 5.25),(-3.052591393033986, -1.5945816042770977, 5.682290370198848),(-3.2671613696374044, -0.18076437236951132, 5.858022067550041),(-4.670273206395724, 1.6678729839007653, 5.021803474280262),(-4.271053807521794, 5.925163138562329, 3.6974587240203216),(-6.0201527504619, 12.11161617858843, 3.231059450721668),(-4.707606747169573, 14.055812510961895, 6.8807825911758815),(-15.124497620093829, 16.41724249908044, 6.572585208486101),(-16.25, 15.75, 6.75),true,true
137:(28.25, -11.25, 11.75),(26.192126292198655, -9.726697136323843, 9.884348489189486),(21.979684233374012, -7.035723613802124, 6.949643024150249),(24.5, -3.5, 5.5),true,true
138:(2.25, -13.25, 6.75),(2.5098334444586725, -12.836285586834057, 6.643571782503411),(3.4770486858561895, -13.002319882764043, 5.910691458801966),(-5.742993260002659, -6.95786232990909, 4.43047814369775),(-4.077657436442687, -4.478153747451261, 4.709228822356679),(-5.506019549953734, 0.9068385394364582, 3.9251905184895906),(0.05361330594367786, -0.46164355738088947, 5.183121268416203),(4.284566934063443, 5.710102837260773, 7.042315677065746),(11.476299515915562, 7.173688323709188, 3.459498187904167),(12.61643676612891, 4.970999469866589, 5.147173768053838),(15.75, -0.25, 5.25),false,true
139:(-12.75, 21.25, 7.75),(-12.40804220440631, 21.373394683074658, 7.406723699883593),(-10.642450198678812, 20.217795958781338, 7.2028888783367115),(-16.70333117146312, 14.330142293493823, 6.195839569202368),(-17.06317658723939, 13.042338484105885, 4.72970712578062),(-18.830384539892595, 9.309589920213035, 3.2672394487135237),(-20.168287727162156, 3.2947942140507003, 6.588722201133758),(-20.5, -2.5, 5.5),false,true
140:(-3.75, 18.75, 10.25),(-3.3710811587316813, 18.807852931322458, 9.928949302960929),(-3.54110049336497, 19.052438509471635, 8.108815907378524),(-8.747567576321186, 17.31544999129035, 4.579741322186075),(-9.48306584195549, 17.187086175950345, 5.244996936337725),(-13.572013774859172, 10.411045125040994, 5.910504460886471),(-15.909042225237624, 3.9627012794148495, 4.511519231980493),(-18.289986227657963, 2.388398323870497, 6.534746891009983),(-22.25, 0.25, 6.75),false,true
141:(-19.0, -21.0, 5.0),(-18.18351795065042, -20.194587024647067, 7.95465604625486),(-6.929096593974021, -22.931610369822618, 22.038681605208946),(0.3843279554619752, -20.896185825603304, 17.63242115481894),(6.25, -19.75, 8.25),true,true
142:(16.25, -11.25, 6.25),(15.865541363563533, -10.95655171302351, 6.123194401779828),(15.692069487971096, -11.548925370759068, 4.987495717287568),(22.655341683406913, -19.659992743793605, 2.5016677947580894),(28.199178747940618, -9.495819886523279, 4.43106239657658),(27.5, -10.5, 10.5),false,true
143:(20.75, -7.25, 9.75),(20.951274897096866, -6.5015479239665925, 10.381908146552906),(20.366181503096744, -6.07006131999062, 14.825981459905744),(21.027112373787197, -6.166094308478572, 17.75069478761676),(16.761731009287413, -17.517689681472103, 18.984896792292243),(11.407820795614645, -19.35451683883292, 19.013123322308296),(7.25, -22.25, 11.75),true,true
144:(9.25, -17.25, 6.25),(9.46387935170969, -16.798240912599983, 6.263013449340803),(9.687709259652223, -16.986393461434204, 4.522417596255532),(10.23332711105321, -12.79734057268281, 8.744949050504118),(14.804968174140647, -1.1348283127680725, 8.402963461646635),(16.142870893982764, 1.4379125933790582, 9.171742065716954),(22.75, 4.25, 8.25),true,true
145:(-14.25, 17.25, 9.75),(-14.357384409524462, 17.110095026063046, 9.282137641117837),(-12.763613908071427, 15.443684290436444, 6.66330337052942),(-11.135360680511386, 5.625404054304979, 7.229990221589943),(-20.265706871045374, -2.816970721867692, 5.147822941375284),(-18.5, -6.5, 7.5),true,true
146:(-24.25, -27.25, 10.75),(-14.929545773823014, -24.56696265154821, 20.068671581642597),(5.811044762178597, -22.61076303114746, 15.995843405509381),(8.5, -24.5, 7.5),true,true
147:(28.25, -12.25, 9.75),(26.416988577314896, -12.45067757273045, 8.38618335004672),(24.75, -27.25, 9.75),true,true
148:(-21.5, 18.5, 12.5),(-20.45520344726339, 17.797991851291766, 10.018071951344723),(-19.999618843670195, 16.447250219286488, 8.876794720140285),(-19.490609250316194, 15.645883808437254, 8.56259556445044),(-10.787925635202852, 11.45952198979683, 3.8793633557874942),(-5.813805757117644, 8.487960622016415, 3.5643362830246637),(3.0444764767892245, 10.640599225632549, 4.705426441544091),(5.051424407006969, 8.970781101533243, 6.1832178469271994),(1.5, 5.5, 10.5),false,true
149:(7.25, -27.25, 8.25),(15.928976803553143, -20.90010485245958, 19.634483835063698),(26.0, -18.0, 10.0),true,true
150:(-8.25, 15.25, 11.25),(-8.00452674032627, 15.025133312489945, 10.876934520984038),(-7.5549589522707725, 14.549635482952217, 10.290603931479176),(-6.498859073084543, 14.382276367890046, 9.31091413658172),(-5.424654174671897, 14.182651923689408, 7.682252598256567),(-8.816558595468141, 10.74945268301248, 10.657556773471276),(-19.75, 11.25, 5.25),true,true
151:(12.75, 23.75, 7.75),(13.028105612991318, 23.655611549056307, 8.154657989357894),(13.996664066937011, 22.993362383887522, 6.930404638193338),(14.10746410604588, 22.448174618731485, 6.0994451614090375),(20.50144847725014, 26.225050682436567, -2.61498846823444),(8.013067756300075, 18.00627552505015, -4.694675508074328),(-22.306651191373817, 19.749457132173013, -3.2360154117961697),(-25.0, 17.0, 11.0),true,true
152:(-19.75, -18.75, 8.25),(-19.834706826817495, -18.452001474789935, 8.642455898749319),(-19.94261153968317, -18.63402150331867, 9.095473869867213),(-16.931310706215335, -26.59938201071491, 7.925421065178569),(2.2563040436948123, -21.677452160122044, 18.858626722892033),(5.25, -20.75, 6.75),true,true
153:(28.25, -21.75, 12.25),(19.82535343167226, -14.577409981855904, 6.323410104737645),(18.03408853076862, -6.361129091037071, 7.3214622940257374),(24.5, -5.5, 7.5),true,true
154:(-12.25, 19.75, 9.25),(-11.83574269352166, 19.6871534858972, 8.977160853808629),(-11.453469686339778, 19.455437664478495, 8.753162804521637),(-13.04146612213054, 15.255495860356696, 2.1346539350774036),(-23.70257308479625, 8.216848396476164, 6.309306434331395),(-23.75, 9.75, 9.25),true,true
155:(12.75, 22.75, 8.75),(12.753223379309977, 22.787292578620633, 8.25140309527069),(19.439428185539143, 23.577229525808498, 10.638714341065137),(18.97846757181191, 22.632237936738324, -0.5192728787183425),(2.9218435254379838, 18.18486777870948, -3.8236953490078336),(-9.576080504749513, 14.905843990746787, -7.459344455593931),(-24.310083789569664, 13.72031422008281, -1.3281286958561718),(-25.22013439834955, 12.992237860899907, 6.352878772484943),(-22.395303141605467, 6.858974550016612, 8.479612487886584),(-17.25, 7.75, 8.25),true,true
156:(-13.75, -17.75, 11.25),(-0.7406067259757965, -22.023609761337894, 26.03760567715204),(14.741617269824207, -17.60265099953572, 20.256211305613345),(7.25, -25.25, 11.25),true,true
157:(-15.75, -7.75, 7.25),(-15.574683819931854, -7.3590771289855645, 6.992233543834454),(-14.3408683462994, -6.81496390372282, 6.381506603285752),(-10.567631398589727, 1.8373887950366057, 9.232075976543141),(-15.48544117181458, 7.042431918162986, 6.682714967495592),(-14.031203183155519, 7.520284518922484, 7.80731424533946),(-18.66666304343287, 7.51117303424448, 6.923770560297289),(-21.25, 6.75, 6.25),true,true
158:(25.75, -12.25, 11.75),(25.804563121627943, -12.737082671325524, 11.651139810577737),(25.786588895223232, -13.158790065846794, 12.557693615153743),(22.695076645233847, -22.805456429817227, 11.75099928913415),(17.25, -27.25, 9.75),true,true
159:(-20.25, 13.25, 5.25),(-19.852636050986018, 12.961192157515224, 5.156769521382211),(-18.584451298652493, 12.665436438678652, 4.798812266904978),(-4.7855227777251494, 12.074479910658424, 4.856328311848773),(-4.226681899708285, 12.569247226250013, 5.521837272329121),(-1.8570766073376292, 10.822647682843227, 7.93180577545447),(2.6860639614229997, 7.220222280017961, 7.087679719569165),(11.659775658989247, 14.426125158048812, 6.2512076923285),(7.5, 14.5, 10.5),true,true
160:(-2.25, -10.25, 10.75),(-1.9678401614882988, -9.980678134159485, 10.43718766310896),(-1.1894138860650587, -8.381872256258376, 8.10208734915272),(5.449070450617526, -10.620471368811268, 3.9634833586949645),(6.362843956917552, -10.681136522179822, 4.365152026070111),(7.559534203039194, -11.872360302028907, 4.759476443845996),(12.040974327204058, -12.722993175607604, 8.462176599479067),(22.05197455414957, -6.971506186669319, 5.232458109305878),(19.91979594062432, -6.581595885529042, 15.949918866236398),(21.74992241512888, -5.890064557615012, 18.224214693482928),(20.948302191112127, -12.285083702402776, 20.955722547076856),(25.037691431938807, -23.000041242307297, 17.574437177749488),(20.25, -27.25, 8.25),false,true
161:(-17.75, 8.25, 10.75),(-17.819120472846006, 7.758321993688003, 10.691050035262066),(-17.430249923116904, 7.577124038493624, 9.99377529571053),(-17.8797283804384, 10.797839115129435, 7.33128198490792),(-19.5, 17.5, 5.5),true,true
162:(-26.25, 3.25, 8.75),(-25.947404223640294, 3.0001858910381944, 8.440115009894178),(-24.61189544724912, 2.394039663801567, 8.009521836442769),(-23.029095615969016, 2.05414147229743, 8.417907535301516),(-20.856982786987643, 0.8180639671479618, 7.594212184452819),(-18.80153327602153, -2.1658244989213515, 2.7024065021397385),(-16.5, -4.5, 6.5),true,true
163:(10.75, -3.25, 11.75),(10.782175275166928, -2.9410247218107815, 11.358210478527274),(11.546455583487184, -0.042710629885548634, 5.271041096071551),(28.25, 4.25, 7.75),true,true
164:(8.5, -21.5, 12.5),(10.736644252098788, -22.247607820537183, 14.354320640079566),(16.897684354652977, -23.71459288580443, 17.335853747895396),(18.223898128171744, -23.742865886904198, 10.46269161796292),(26.75, -27.25, 6.75),true,true
165:(11.75, 4.75, 6.25),(12.077924613153813, 4.765165212008491, 5.8728588269193365),(14.583143802369442, -1.7944987250425797, 5.65907738963862),(14.750334443837716, -12.26157216680749, 7.353912411205893),(17.769301063784262, -16.30781328698777, 2.1749103455302783),(19.406102693903897, -19.40491599031396, 6.815335101270028),(20.5, -15.5, 9.5),true,true
166:(-8.25, 15.25, 10.75),(-7.941107990628809, 14.895442843337335, 10.91992630522057),(-7.417879635022494, 13.726646163519641, 9.86295453283782),(-6.47551227513497, 13.976041095909174, 10.085992481889182),(12.454589978421376, 7.50527567271245, 3.4867428616045113),(14.667469173531398, 4.586606591600575, 5.607771848518189),(17.6093574362519, 0.49729979550452974, 7.480650954186024),(18.75, 2.25, 8.25),true,true
167:(14.75, 24.25, 10.25),(15.241181620632371, 24.25704340332007, 10.156774434715429),(25.1528859077311, 17.269108462625322, 0.8673923866569282),(26.574882133103557, 10.993031458286131, 3.622167181559643),(20.76686575071529, -5.821976051657233, 7.971291550352703),(22.5, -6.5, 5.5),true,true
168:(24.5, -26.5, 12.5),(19.234035688768955, -15.30226122951444, 5.642806077297573),(16.59152515598492, -14.488684641209018, 4.47866209174993),(13.439200410202861, -7.750582053643592, 7.096020079854528),(14.5, -10.5, 8.5),true,true
169:(-12.25, -24.75, 8.25),(-11.967858890690485, -24.81387108473917, 8.657819664768434),(-12.34208400338917, -24.806894803790403, 8.9893417553292),(-5.41207602144885, -26.389793792156706, 18.366550055906966),(7.587510538108223, -19.95826714767853, 15.636121015415082),(4.25, -19.25, 8.75),true,true
170:(23.25, -14.75, 10.75),(23.424159585000535, -15.215793414569461, 10.697991021004418),(20.39722740229177, -15.424846268315212, 11.387393928356765),(16.01262230790099, -12.975280874924227, 21.88354313414718),(4.626935112743283, -17.79614733768183, 23.060985751980763),(7.75, -23.25, 12.25),true,true
171:(28.25, -22.25, 9.25),(16.636965619199135, -13.934745921653475, 2.653824848524527),(13.40892900934139, -12.63735469872303, 6.171989629917929),(14.56177297611079, -7.583788601916721, 8.372133290312433),(12.703289874150563, -5.899915167135736, 10.018526565130811),(2.2926325656074575, 4.493381762738126, 4.626018775960522),(-4.030101687088737, -4.313390894029546, 6.645721052504783),(-5.5, -5.5, 8.5),true,true
172:(-6.25, 23.25, 12.25),(-6.012077703370948, 22.836156101767013, 12.101251189375908),(-6.8672438891940475, 23.409928765997346, 19.79718677922363),(4.3445171127502284, 14.799463835493599, 11.212330195023096),(5.23043201585095, 14.992645911739553, 8.35263869594818),(3.3180772210699954, 4.969022299552513, 2.8706483563734495),(4.436520029121216, -0.7568404952506529, 9.47890464392235),(7.5, -5.5, 10.5),true,true
173:(18.75, -6.75, 10.75),(18.830933233505274, -6.257000297642561, 10.729972389312323),(18.997774941083144, -5.315456216455798, 9.671117992569812),(17.949906419681856, -5.81757431101396, 7.373214340706513),(2.1692625881315895, -1.1563846968238747, 10.438879415762107),(-0.9427866856839917, -1.0852164357352236, 4.169103949610426),(-7.056832134524881, -3.1861744707831408, 8.616647338167443),(-7.070304835627021, -5.3147605832261435, 6.080761735716278),(-2.982312191855195, -8.968377338207365, 6.201052953863231),(2.3237011975289033, -14.910270772072996, 1.322290661595984),(3.584669896882006, -20.636688830226245, 5.145652292740511),(4.75, -23.25, 9.25),true,true
174:(-21.75, 8.25, 6.25),(-21.42873057824023, 8.562909317660473, 6.471074009244416),(-16.688425848857634, 11.928603561039052, 7.593248439444532),(-17.0, 21.0, 9.0),true,true
175:(-21.75, 8.25, 11.75),(-21.7930490364658, 8.610424914114947, 11.406138600967484),(-21.449465231163547, 8.690565006121204, 9.747077827797565),(-19.98248617534406, 8.394453056979419, 7.7966067254371),(-19.606577614945298, 7.666641211351729, 7.223036615003385),(-19.744053158187967, 17.278959968516812, 7.925926388356596),(-25.0, 15.0, 5.0),true,true
176:(13.5, 25.5, 6.5),(15.334370157513806, 27.56897176776537, 7.7838252142887026),(21.4881564470463, 18.828377754153934, 21.386481339670578),(21.156545999394748, 11.049916937403427, 21.55371342795964),(20.312110492652042, -11.125128903476114, 21.552884883665868),(24.939370759344957, -17.4077408626273, 12.626544134158397),(28.25, -6.75, 8.25),true,true
177:(-1.25, 16.75, 6.25),(-0.8816375940199954, 16.43406023676986, 6.129620583691795),(0.5670692399730537, 11.641417601622798, 2.8305363607838663),(-2.2153538841244407, -1.3864182075888984, 2.856386224109902),(5.5, 1.5, 6.5),true,true
178:(28.25, -4.25, 6.75),(24.68055860882299, -19.20194840123804, 5.282580587671343),(17.25, -27.25, 8.75),true,true
179:(-4.75, -23.25, 10.75),(-4.415664286622796, -22.889729976359604, 10.841788565882164),(-3.516555010703196, -23.113378955374234, 18.200926612816623),(3.709892228433978, -21.158702129937932, 19.74834269883779),(5.75, -19.75, 12.25),true,true
180:(21.75, 2.75, 11.25),(20.32467525081005, 2.6500922343679, 8.975462777143184),(17.0725840516759, 1.996815357442418, 5.589168255135307),(5.0, -1.0, 9.0),true,true
181:(3.25, -25.25, 8.75),(3.366493730082323, -25.151411278726417, 8.27385981592692),(2.58800069290252, -24.429724121017546, 7.287039567892991),(2.8971261486730393, -22.43763261830826, 5.454577101892721),(3.16040496163494, -19.587375860804602, 3.2882476986769156),(-4.227160225118001, -2.889394548603078, 5.301731277977954),(-9.5, 2.5, 9.5),true,true
182:(25.25, -27.25, 6.25),(19.09987070661268, -24.07807267230832, 16.33062122597972),(3.5, -25.5, 11.5),true,true
183:(17.5, -26.5, 5.5),(-0.09479018423240859, -22.306222215441494, -14.147349646214124),(-10.133984870606923, -20.499206149836592, -18.6802015045419),(-18.25, -27.25, 10.25),true,true
184:(-10.25, -13.75, 6.25),(-9.810580585781251, -13.84495635697628, 6.031153321529788),(-9.234941610296378, -13.316285929626662, 5.59345113367642),(-7.1902001895242575, -3.0641205510563427, 7.641302017456234),(0.8997512259871034, 4.879313477267378, 6.525358302172426),(1.5453038673460842, 5.0239607550601155, 7.44526652473828),(0.6210197058603775, 7.531839939515497, 9.863856758717898),(-9.876926365398601, 8.481157316229503, 4.422390470483739),(-15.5, 1.5, 7.5),false,true
185:(17.75, 3.25, 7.75),(18.03037815763922, 3.324962494267688, 8.157147041217302),(18.164999987096504, 3.7794629569522966, 7.010105421073223),(5.139116403943024, 10.862558302538226, 5.803275913801267),(3.2764117963918364, 11.872019927723672, 6.876267374851349),(-9.342729770243766, 11.8843890527022, 3.142089096109207),(-11.92558085077958, 12.32333556135964, 4.6036657305394435),(-13.192723839647734, 14.4697424562647, 6.273182453206903),(-20.25, 9.75, 9.25),true,true
186:(28.25, -20.75, 7.75),(19.642131474457333, -14.343524137580868, 2.7750443942018883),(17.987748141082456, -5.201292655976957, 6.213883406641764),(21.75, -4.75, 6.25),true,true
187:(-22.75, 2.25, 9.75),(-22.561366985761534, 1.8208799963643887, 9.923993127505321),(-22.24919681373994, 1.0987553766707006, 10.031638829597929),(-20.45933907576074, 1.3256189360130253, 10.153407021653333),(-19.899704287018903, 1.367097095325929, 9.325706311535303),(-19.272431354832946, 3.2470623691621636, 7.073538636224096),(-16.0060458682933, -2.477636001030705, 7.254405925453749),(-16.812375697765983, -4.0241221287324, 4.8134608496831435),(-3.3025825540065137, -6.269407125824451, 6.477564878350389),(5.077966096943895, -2.04960678552636, 7.864832707799924),(2.5, 1.5, 12.5),true,true
188:(28.25, -21.25, 7.75),(26.687456823679625, -19.960614210984808, 7.192272358087405),(27.0, 13.0, 7.0),true,true
189:(-18.75, 14.25, 7.25),(-7.959831180095787, 11.174431389502054, 4.52221865732483),(-6.5, 13.5, 5.5),true,true
190:(28.25, -6.25, 11.75),(27.84037781182295, -6.308587170539816, 11.469327225400853),(28.275279192331954, -12.538345909290204, 14.825071818274852),(23.329879858130894, -16.94474192727813, 17.11229823515167),(11.5, -26.5, 8.5),true,true
191:(18.75, 11.75, 11.25),(18.80869473740695, 11.83720948520012, 10.76117545735524),(18.844443261804884, 10.925358692023956, 10.352213143703516),(21.2525093759374, 9.35172711955564, 11.2036244803074),(20.727526085635123, 8.025529930089997, 11.034823986671721),(14.221439212914602, 7.019243074679381, 6.45926644092302),(5.781247286237447, 6.18676244849106, 4.070143494819225),(-0.8030967119549647, -0.9464659163808555, 6.706238918319723),(-10.5, -5.5, 7.5),false,true
192:(1.25, 24.75, 11.25),(1.582052340801749, 24.39908817023189, 11.121150744290562),(2.038488929199737, 23.93479840144825, 10.696210680631072),(3.1105327497245434, 23.942057445556664, 17.949675120177247),(1.9134165411678512, 22.402722614932795, 18.096019996092362),(12.626685290619674, 15.921191609930776, 23.587133241309154),(20.445338815919243, 16.04815780935794, 22.47125634365011),(28.25, 18.75, 7.75),true,true
193:(11.5, 8.5, 7.5),(3.500729448807464, 5.1042859476274565, 4.047661324234671),(0.656289872643192, -0.9239227011126943, 6.555491247722932),(0.75, 1.25, 9.25),true,true
194:(-8.75, -24.75, 12.25),(-8.770020936469566, -24.251252249516384, 12.220847924766609),(-7.530611120471958, -18.05162174570267, 21.45545463410234),(2.224673456462182, -2.735963077193359, 21.380531289892332),(3.321508551468156, 1.1780528435374535, 7.83396473555541),(0.7902936152073377, 3.585493328233315, 3.107627745068907),(9.078729523910408, 7.806151402300892, 4.086244558260298),(9.5, 7.5, 11.5),true,true
195:(-17.25, -12.75, 12.25),(-17.05116822960015, -13.087408871910306, 12.560839476636858),(-14.412067827772578, -16.39649840421463, 20.954593137032898),(3.9467174859392484, -15.551049234441926, 21.51749905928604),(9.75, -27.25, 10.25),true,true
196:(2.25, 18.25, 11.75),(2.0918507754173024, 17.867610406188007, 11.46934537005745),(1.6879180117286954, 16.362649037917702, 10.34362617340972),(5.740474064451112, 17.161661395928142, 18.453168032324704),(11.565401991374614, 22.297992631423945, 22.221049598276682),(16.994386901553423, 25.334254826338267, 17.07237280945504),(14.5, 25.5, 8.5),false,true
197:(7.25, -10.25, 5.75),(6.889151569692435, -10.404999737313709, 5.440543231165891),(7.486815512761339, -13.666689242106012, 5.164477930340803),(9.548918475020642, -10.37984347692931, 7.673048235668486),(21.555621913113118, -16.098171950460813, 1.6283938026964724),(21.073400350051923, -18.267180621237934, 8.266380225566925),(18.25, -27.25, 8.75),true,true
198:(-5.25, -13.25, 5.25),(-4.805871911319064, -13.073348404760782, 5.10321970587283),(6.4950619578618385, -12.021632843336635, 4.846588245996328),(11.5, -12.5, 8.5),true,true
Total path: 199, feasible path: 160 (0.8040201005025126%)
