ID TP TN FP FN acc pre rec
all:    73561 471583 26030 10283 0.937548262382257 0.7386310007932444 0.877355565097085
bottom: 14400 168824 6952 3643 0.9453355966133351 0.674409891345073 0.7980934434406695
top:    44078 221732 14160 5658 0.9306160460459059 0.7568597822727429 0.8862393437349204
=== path ===
0:(11.25, -17.25, 9.75),(10.90521146159864, -16.90988924524682, 9.625719919986045),(10.887140137973542, -10.872177777479537, 6.368089447312007),(24.25, -1.25, 6.75),true,true
1:(20.75, 8.75, 12.25),(20.818126355980084, 9.133057615867134, 12.564047229803196),(17.063467137096808, 13.450346359664831, 8.88321356616932),(3.7717431885222914, 4.277757493749039, 6.999618031138276),(1.566206500830911, -4.8711083581017975, 9.449731467684224),(-0.9323465801770123, -9.332449133014983, 4.669180140537653),(8.25, -17.25, 9.25),false,true
2:(-19.75, 15.75, 6.25),(-19.264737555327688, 15.80294051972412, 6.358248146228887),(-16.69752500107465, 13.5492363055695, 6.74887865329728),(-11.651931624523304, 13.289907889116119, 5.142797529220856),(-11.531799966607878, 12.400614292622452, 4.701520650150756),(-11.492147749971572, 8.484514888521975, 4.251591554611684),(-7.759841403239209, 4.860942600503382, 8.66413161254438),(-7.180229833687928, 5.020279922559097, 11.603291704516646),(-1.5, 3.5, 12.5),true,true
3:(27.25, -25.75, 12.75),(19.59135071305284, -19.898827707959832, 7.404135294551751),(0.760789230997809, -16.18548247118009, 7.1356810959401),(-5.25, -18.25, 10.75),true,true
4:(-15.25, 14.75, 12.75),(-14.816697473060628, 14.618995462487183, 12.537663636418516),(-15.137576693876877, 13.505560021905982, 10.041076542312615),(-15.659488842426931, 11.521605455232757, 7.433649680519516),(-16.241821193363762, 8.76780578345535, 6.3956340733290356),(-2.8070299734223885, 2.2976615934850235, 6.1717117594381445),(3.351680261369147, 4.845083282503799, 8.312022713993748),(10.023697821356414, 3.640099962212237, 6.5707022733393945),(17.5, 2.5, 5.5),true,true
5:(-23.75, -5.75, 13.25),(-23.67461849894186, -5.513748805483047, 12.815830675441557),(-8.414032806233052, -3.985711423758775, 5.954146856001472),(4.648815201847915, -10.857174335718943, 5.629772281062817),(10.75, -21.25, 10.25),true,true
6:(-13.5, 2.5, 10.5),(-13.327068962616693, 2.9516185020812182, 10.372974077891756),(-12.29946704985342, 3.847490016620318, 10.487474599631469),(-8.614685874442998, 5.634106843006191, 8.814422769211223),(-2.492631486151675, 8.555062004237907, 7.243126644062121),(12.058661062609069, 17.981798349382665, 3.5162384887164984),(16.691024822467828, 17.020003729850423, 6.320321051911682),(19.429760139699923, 6.0257573431552185, 7.370187821518114),(16.643785974218407, 4.917188982276629, 7.273109819228551),(12.25, 6.75, 12.75),true,true
7:(19.25, 26.25, 9.25),(18.361713229801495, 23.710250749754238, 8.700516395834985),(17.775049496510366, 8.315285022118887, 10.002695431806972),(20.5, 3.5, 9.5),true,true
8:(-12.75, 0.25, 6.75),(-12.520979275951474, 0.22099485402150135, 7.193517992265313),(-10.309396617404255, -2.491678619055973, 6.658515278030674),(-9.640370331641634, -5.0008131052628535, 5.638355047554619),(-3.801686222061613, -12.125216296848347, 4.981341537596018),(14.25, -19.25, 6.25),true,true
9:(9.5, -23.5, 9.5),(1.877653710431722, -18.666835282849807, 10.164276604681177),(-10.215669708962393, -21.438440278132486, 8.39935539461158),(-4.75, -21.25, 11.75),true,true
10:(20.25, 15.75, 13.75),(19.882506413657882, 15.724376792614937, 13.411929126896874),(15.168507179714322, 12.716494441699513, 11.371451169412172),(3.6387430914617287, 13.426875879851364, 4.781883921477061),(1.2464822667697018, 14.496512724349733, 3.321416473179978),(-10.25, 13.75, 9.75),true,true
11:(-0.25, 14.25, 11.75),(-0.6167896876240022, 14.450925844624154, 11.475966918028575),(-1.7981027149781, 12.8420898321802, 9.421691050090585),(0.5367519862028951, 5.7739264403028585, 4.793472453609278),(3.0990353224258564, 4.383917002713137, 4.084545187716905),(0.6026592446652215, -7.32099462763151, 3.588321748623839),(-1.153712777939909, -13.742913945843707, 5.750290663428802),(-6.988864336177896, -16.901249876960858, 3.5196135378440285),(-10.25, -18.75, 10.25),true,true
12:(22.25, -6.75, 6.75),(14.51536672675813, -6.697926884500246, 3.7224279758412084),(2.5, -5.5, 11.5),true,true
13:(3.25, 15.75, 10.25),(2.8989998089910927, 15.87387070815966, 9.916151361285186),(3.0105979650747337, 15.69753025286089, 7.981446193618832),(-5.680252516212468, -2.842347070920809, 7.867051890440693),(-14.150335605011602, -5.600032718584776, 6.393002422251137),(-16.75, -11.75, 11.75),false,true
14:(27.25, 7.75, 8.75),(16.300608385801258, 1.043247920407999, 5.519690986094157),(2.25, 3.25, 11.75),true,true
15:(-16.75, 26.25, 11.25),(-11.152665530652007, 12.234055392051953, 4.534668009152165),(-9.851245304585703, 7.427112426370705, 3.320898032500394),(-7.925241053939125, 6.2808700742850885, 5.315048502444062),(13.5, 2.5, 8.5),true,true
16:(14.5, -12.5, 8.5),(13.796237443135261, -12.350461177585808, 7.950933540016144),(16.073685990262124, 3.6128771973305107, 5.19244198573148),(16.390528084175294, 4.559817917145898, 5.246426804710847),(17.5, 13.5, 11.5),true,true
17:(-13.25, -25.25, 6.25),(-12.941448961099153, -24.88813756646588, 6.095559605057577),(-12.802559655992324, -20.893513329034107, 5.537514429802141),(-10.162645382836768, -19.30702804649047, 5.980927287117693),(10.452953704790453, -8.276044689226111, 7.949482589846523),(18.75, -19.25, 6.75),true,true
18:(-9.75, -20.75, 11.25),(-8.386351297184012, -20.620852131844728, 11.102740328321833),(18.25, -9.75, 10.25),true,true
19:(-2.75, -28.75, 6.75),(-2.7380666082979657, -28.25029479257103, 6.762340981762214),(-3.017281649441307, -25.193273772701392, 7.9049851680451155),(12.14401450144011, -12.39038124228248, 9.675829227629887),(12.407295884566809, -9.074269671030507, 10.40099307552711),(23.095493087393674, -2.9275502109730374, 12.269986182315343),(24.25, -0.75, 8.75),true,true
20:(25.25, -0.25, 5.75),(16.63390461434353, -0.886666285512025, 5.480904087376695),(12.19157797551172, -0.7132098703671409, 6.982068314336462),(9.5, -23.5, 8.5),true,true
21:(20.75, -17.75, 13.25),(20.660326017084063, -17.421750338298704, 12.883652164765538),(19.163586312464282, -15.881398770848087, 11.143249391102346),(17.46997702401397, -14.853935870323884, 9.838658204522902),(16.8057286659345, -10.395396472030543, 6.696146740693656),(15.38812209216656, 8.08090176906312, 11.295372973433222),(12.44730080049898, 18.344457888938642, 3.748662094871315),(12.75, 17.25, 7.75),true,true
22:(-2.5, 14.5, 8.5),(-2.3023395909322995, 13.75239078659978, 8.087683238293112),(-6.970203456329646, -2.237252718009813, 5.406509171032512),(-22.25, -7.25, 10.25),true,true
23:(-0.25, 19.25, 14.25),(-0.11977898992822344, 16.785752307594485, 11.215827626434752),(0.19130342585059812, 16.397650580352593, 8.885479100224925),(-10.889278142363375, -3.8787832510290743, 4.45183988508677),(-20.410948564759707, -6.2102283279484425, 15.388280939665433),(-22.75, -0.25, 8.25),true,true
24:(-18.25, -14.25, 10.75),(-16.980579415292627, -12.337794481053116, 9.031036932159951),(1.7291521078316778, -4.286923122700933, 7.493644914114856),(11.414429583022082, -5.761625674862733, 5.304272238540637),(16.25, -14.75, 7.75),true,true
25:(19.75, 16.75, 9.75),(19.70484371854424, 16.356128340745663, 9.445326361033116),(16.221398404031394, 8.824084525871259, 7.575696230600269),(6.8206776603845976, 2.092647004210934, 6.994616215143786),(12.7009544345059, -7.649884592553946, 9.528071728401796),(8.75, -14.25, 13.75),true,true
26:(27.25, -14.75, 6.25),(23.50456943389381, -14.998573311257141, 5.85075227364496),(17.07274174690789, -13.57881009614063, 5.883796995410583),(-0.5236638528818776, -7.426473589263082, 7.491247881326285),(-6.4392700030631485, -2.3468670170984085, 11.014403526678613),(-4.5, 1.5, 13.5),true,true
27:(27.25, 25.75, 5.25),(25.872570355002512, 24.649637452369795, 4.823696818122927),(27.25, 11.75, 5.75),true,true
28:(12.25, -22.25, 11.25),(10.03725102385137, -19.662434025977902, 7.4149105018916925),(2.4011277166426703, -11.018612773128037, 7.052191236577751),(-1.7878186632554907, -14.848703203745279, 6.844631644328249),(-2.25, -18.75, 10.25),true,true
29:(4.25, -18.25, 11.75),(18.427143927432308, -8.71860410334704, 6.649530707464181),(27.190101224907764, -7.731891831510786, 5.079739066821321),(23.75, -2.75, 9.25),true,true
30:(-24.25, 26.25, 10.75),(-22.595180276120274, 23.22256086872114, 10.213498672393147),(-7.167216834789419, 13.748066901540682, 4.2107770955269395),(-2.9791579770090104, -2.312855912849445, 5.985796779243922),(-6.75, 1.25, 7.25),true,true
31:(-19.75, -2.25, 9.25),(-19.811138986242028, -1.8201031424431802, 9.497892549755067),(-18.87579355850294, -1.5161569059322813, 9.31693505165552),(-16.675843209772218, -3.03444232428213, 8.369495726424345),(-14.639053890956749, -3.6879803518312055, 6.778597225086616),(-9.786833916563735, -3.37153470652064, 4.443888500380305),(4.255314991472013, -11.72395166983383, 5.231960910480678),(1.0878908366450024, 3.1968319735935253, 3.274702724698523),(1.7295404933840266, 8.797009013213653, 7.425160873254926),(4.5, 8.5, 11.5),false,true
32:(-22.75, 12.75, 10.75),(-22.45518796740389, 12.375326162475393, 10.59931695214413),(-5.613079032269992, 4.397117160610499, 4.266869487185843),(-5.079885390670716, -0.264314712048499, 9.461747487400759),(-9.013310120813006, -6.002618176969651, 10.236372065360262),(-20.75, -5.25, 12.75),true,true
33:(-22.75, -10.25, 5.25),(-21.84429199588324, -10.406348533670865, 5.276561475155658),(-13.627439700567107, -17.18394998106772, 6.984568895815358),(3.0019948624187585, -21.81333329543723, 4.557371541234703),(15.540887089695783, -20.78983860720165, 4.758593333560431),(16.25, -12.75, 10.75),true,true
34:(-16.5, -15.5, 10.5),(-15.541872413150314, -12.1252507836887, 9.403553531605404),(-18.887181078325593, -2.0310510983638115, 7.032706189366299),(-10.305623427931328, 10.27953727651244, 5.414198936508166),(-10.378368064583805, 12.96920528093597, 4.08740044245617),(-9.25, 14.25, 9.75),false,true
35:(-8.5, 23.5, 13.5),(-5.94847041591747, 15.804914763054924, 7.9545181574928545),(-4.103718437973416, -0.26245230593780855, 4.971823603038279),(-3.5, -9.5, 10.5),true,true
36:(-22.75, 2.25, 5.25),(-22.103447960316057, 0.054899057137489216, 5.33313719225542),(-6.415884116545609, 7.022052832703368, 6.751763536530631),(-3.5, 23.5, 8.5),true,true
37:(-24.25, 4.75, 8.25),(-23.98472987399857, 4.906833139044252, 7.856254997811132),(-23.318930964778612, 4.854307254526961, 7.464005306717865),(-22.307531878690884, -0.4766674778600506, 9.020556747892392),(-21.77383052481639, -7.425763578388475, 8.368463004253355),(-16.48788033284839, -11.503904098133008, 10.472625657008905),(-15.25, -6.75, 10.25),true,true
38:(-14.75, -24.25, 11.25),(-14.515124987869708, -24.248551919658382, 10.80860263736615),(-23.584672558805494, -23.209902984163406, 7.059981094725174),(-22.476610228103073, -14.142333812543994, -0.9196441016235222),(-21.33073771271994, 0.9323723007910609, -1.7639119756243213),(-20.957003646392824, 19.416123965908724, -1.7914869180496076),(-16.001608975205826, 22.70691844704609, 2.235727339230494),(-18.847041329112077, 15.051225530489052, 3.2578418163591705),(-17.75, 14.75, 8.75),true,true
39:(3.75, 7.75, 13.25),(3.814878540114708, 7.921654318674395, 12.784891872880065),(5.8590720651664565, 4.76775696258775, 12.490373086139519),(6.165323045096926, 0.5807956555461975, 6.686877699264741),(14.775742615869433, -4.670667259003901, 9.1946470977867),(21.624812232989434, -3.8973507872905273, 7.973079656168979),(27.25, 11.75, 10.25),true,true
40:(17.75, -22.75, 11.25),(17.28618858372498, -22.92306278969451, 11.320201431296748),(14.821212844963785, -22.42300705099176, 11.254799241533645),(11.383498286448637, -19.060770546076238, 9.353792897388647),(8.5, -10.5, 9.5),true,true
41:(7.25, -25.25, 7.75),(-5.450593408796753, -16.998396006712493, 4.237566888964189),(-4.5, -9.5, 5.5),true,true
42:(26.25, -2.75, 8.25),(25.80596010202865, -2.7839555400049982, 8.02267734316052),(25.108468244694205, -4.7409161735323515, 9.186583495798335),(14.108464025187947, -12.117133584552384, 4.067023027184895),(12.75, -21.75, 9.25),true,true
43:(-22.75, -0.75, 6.25),(-22.26397311745033, -1.4916553159753971, 6.190439182608116),(-19.75, -11.25, 10.75),true,true
44:(-9.75, -11.25, 10.75),(-10.02655070427589, -11.222552592231972, 10.334348285494544),(-9.691979482227447, -10.971033555405329, 8.402673607501034),(-9.394320189194545, -11.334388724442265, 6.284727669701203),(5.75, -19.75, 7.75),true,true
45:(-18.75, 2.75, 10.75),(-18.455528941420358, 2.7077422889696163, 10.348128028450034),(-19.47303831924652, 2.1284068611799887, 10.448607301559816),(-16.27085363108371, 11.42995581750269, 4.093761762797221),(-16.75, 13.75, 5.75),true,true
46:(21.75, -15.25, 11.25),(21.802777733716546, -15.20637756566074, 10.754710595665461),(19.22349114332935, -14.746465979022412, 9.793541517877285),(10.290331830056218, -11.469073191695756, 8.418485979784974),(12.679289866467712, 10.709451864207109, 12.634443030592802),(12.75, 10.25, 10.25),true,true
47:(-14.75, -4.75, 12.25),(-10.97177233632967, -3.186347087367346, 5.214777838877797),(-5.5, 6.5, 9.5),true,true
48:(25.5, 6.5, 10.5),(20.329919800367307, 6.588149836861553, 7.850098549760945),(11.894472111321722, 8.507845961785506, 7.854322940882643),(7.982516106036767, 11.23823149187881, 4.641938904758398),(0.25, 24.25, 13.75),true,true
49:(-18.25, -16.25, 11.25),(-18.003072091880362, -15.815418365360985, 11.262861221798143),(-17.15795017635183, -15.004080425633743, 10.184779722328843),(-9.281609224254654, -16.260959027040144, 7.606815379758137),(3.7028758644522926, -20.95341672825851, 7.384122360544135),(12.75, -21.25, 9.25),true,true
50:(20.75, 4.25, 13.75),(19.754264689631476, 4.901104069286632, 11.601615898489879),(18.724603912651933, 3.5265209850798795, 9.158081839806442),(17.225081527705278, 2.464647753039719, 8.661125928388765),(0.6463661969194068, 5.287872579289159, 7.019324234978259),(-8.446666510668393, 11.322451462193976, 8.676141114969667),(-2.0850285527673975, 18.428522471148604, 5.4236621430567205),(-5.25, 21.75, 6.75),true,true
51:(-25.75, 3.25, 11.75),(-25.297140930889753, 3.0405503657046578, 11.71760379315185),(-24.727799259484144, 2.6500003702746473, 11.133875433319801),(-15.51825370699399, 1.9208410936523257, 6.141404243427859),(-12.518486399120171, 3.8188959848484267, 5.017112543265489),(5.5, 11.5, 5.5),true,true
52:(-15.25, -2.25, 12.75),(-15.228115202966146, -1.889256566345952, 13.095521679108959),(-12.761961832024587, -3.4600312941501707, 10.221394538788527),(-9.411915077636113, -3.4808308905291994, 9.491317159567082),(11.743660613580808, -16.28095950692881, 6.60877861505685),(11.44528586506306, -17.072797241358636, 7.141662759857583),(12.75, -22.75, 5.25),true,true
53:(-7.5, 21.5, 12.5),(-7.032402762608533, 19.402895471030142, 10.78725624107638),(-5.20604302984719, 14.944759388292931, 6.877058651094123),(-9.141291087552563, -7.506177972758403, 7.387513187935778),(-15.25, -15.75, 7.25),true,true
54:(-10.25, 13.25, 11.75),(-10.165169006868593, 12.90712113295774, 11.396110490208942),(-2.0628615687015013, 8.028875489035322, 8.676386831772303),(2.7737618385178635, -2.7754161514242526, 6.800598438035642),(-4.4627037942378704, -12.533870499928074, 3.805474686921709),(-1.5, -14.5, 7.5),true,true
55:(0.25, 26.25, 12.25),(0.2896371416630915, 19.985226277999693, 9.6048647543162),(1.8766051849371643, 0.6216859135878048, 4.994713366657268),(-17.25, -6.25, 8.75),true,true
56:(-12.75, -8.25, 8.75),(-12.570103419615911, -7.840744870971467, 8.52606371502155),(3.342545268246351, -13.857414028900925, 4.310124020708891),(5.25, -20.75, 10.25),true,true
57:(27.25, 22.75, 10.75),(26.064439806792215, 21.75112814913817, 10.202212635725274),(27.059713347088923, 10.22343962152862, 3.5710299307544995),(27.25, 4.75, 6.25),true,true
58:(-1.75, 18.75, 6.25),(-0.666937716160026, 16.806217305796615, 5.650730932732473),(21.25, -11.75, 6.75),true,true
59:(19.0, 11.0, 9.0),(11.462752283310797, -1.2869553256376887, 5.714926068812831),(5.34843865166777, -0.3385897233463806, 11.801839541472644),(-0.25, 1.75, 8.75),true,true
60:(-21.75, -1.25, 6.25),(-19.870439540323904, -3.5743598767375753, 5.550609089336497),(-19.084779834376484, -4.022770653514563, 5.124385437105807),(-6.2350338432487655, -7.236516851748359, 9.249738802771406),(3.8242524821703863, -7.938201767350606, 3.730718961839292),(20.618527934115402, -8.462982186286117, 5.85985032585665),(15.75, -11.25, 10.75),true,true
61:(-22.75, -8.75, 5.75),(-21.011924281261454, -9.237534457140915, 5.411736277213516),(-14.25, -14.25, 10.75),true,true
62:(15.25, -19.25, 9.25),(14.793944487215336, -19.106653710817312, 9.103489895787797),(12.383839416304124, -18.852460111582104, 8.096391904263221),(0.9606077427490418, -11.780786418651694, 3.6190208396731505),(-7.75, -16.75, 9.75),true,true
63:(0.5, 22.5, 12.5),(1.5608158493046278, 14.758411830883848, 9.716951184696368),(2.206025781136999, 14.220430281876807, 9.174475381740281),(7.5257561671425925, -12.504432587358716, 4.975720575530406),(12.960488794347237, -16.060886218430163, 7.586337138880152),(18.75, -6.75, 12.25),true,true
64:(-18.75, 7.75, 10.75),(-18.31408625584725, 7.922774305562636, 10.923574903128534),(-7.236665950437458, 5.704863115237255, 5.410052598892454),(-3.627242300137535, 11.606225944077046, 4.339549130872101),(0.25, 15.75, 8.25),true,true
65:(10.75, -21.25, 12.75),(9.752206534675086, -19.982717250888292, 11.460292290943347),(7.362789555599007, -17.198324035233544, 9.03424321064251),(5.100905617680136, -14.33383301747997, 6.947817079506868),(-14.271801729587493, -13.898892618938241, 4.496840459975688),(-14.75, -4.25, 13.75),false,true
66:(-19.25, -19.25, 13.75),(-16.036598984559195, -15.280137192574793, 9.808596700565154),(1.9418172172009593, -12.937700940924621, 3.90886517298562),(14.32660831992382, -15.947522728856072, 7.183145297824092),(18.18107649848046, -10.124814931743686, 6.694116699538811),(17.5, -12.5, 7.5),true,true
67:(26.5, 10.5, 7.5),(20.701007584377933, 8.220959642539428, 6.71912289153223),(12.25, 18.75, 9.75),true,true
68:(-22.5, 2.5, 13.5),(-20.800180189051378, 2.291848377653644, 9.297563779664488),(-15.065106161238688, 6.913671217861068, 6.895697564527984),(0.6006735577305446, 4.3672152846927945, 4.069341568194751),(1.2783395089297778, 5.026536541452854, 3.743666363474506),(1.5066976935082321, 5.99906353037335, 3.788874718424301),(1.25, 18.25, 6.75),true,true
69:(27.25, -25.75, 12.75),(16.88082979348072, -18.856731613881475, 6.070265315190886),(12.25, -22.25, 12.75),true,true
70:(-5.75, 20.75, 12.75),(-6.019483005506363, 20.78964253395205, 12.330706094433609),(-5.822526084826392, 20.831176045369187, 11.873013032627307),(-4.67412607490343, 20.79744280515968, 10.279078899403808),(0.5534955685171448, 15.632249436183603, 6.485104262867945),(2.1482506665336056, 13.217937704189698, 5.692731220603703),(16.10550674603314, -4.931234564094026, 5.3984289959375165),(19.75, -1.75, 9.25),true,true
71:(-6.75, -25.25, 8.25),(-6.574172244049054, -24.80152240012781, 8.116013274351033),(-5.739650251281356, -18.383395879622565, 6.210950673568504),(-2.9620393692107765, -19.914732926721378, 9.246776677679831),(9.5, -24.5, 8.5),true,true
72:(0.5, 24.5, 12.5),(0.6931532445693828, 15.97569218865612, 7.437422779027079),(21.5, 8.5, 8.5),true,true
73:(17.75, -8.25, 11.75),(17.658142144051023, 2.414121794762441, 7.860620886882416),(27.25, 3.75, 5.75),true,true
74:(24.25, 1.75, 13.75),(23.940370743258324, 1.798831742125227, 13.36045515748426),(17.69751296074539, 2.39308632657944, 8.098829644794423),(11.0, 11.0, 9.0),true,true
75:(12.75, -20.75, 9.25),(10.463324995160615, -19.40634733483345, 8.65259032993688),(7.75, -11.25, 14.25),true,true
76:(-7.75, 14.75, 13.75),(-7.517428037934451, 14.391743475941825, 14.009927962002426),(-7.308373354365949, 13.98155561052446, 13.81488423782136),(-10.065561505661247, 11.344593444424142, 7.891134094592211),(-2.051170624918241, 19.945808479701878, 10.21826132621796),(-2.25, 26.25, 12.75),false,true
77:(-17.75, -10.25, 6.75),(-18.078381465417426, -10.049207107052759, 6.430863936052065),(-18.400104697683762, -9.416490251516029, 5.726475163753831),(-9.211733972997646, -2.5733374790333565, 7.996540094737153),(-9.635685832320668, 6.413704719260854, 7.541144892678787),(-17.023178163639706, 4.353700234049531, 3.5328185508014682),(-20.25, 5.25, 11.25),true,true
78:(-23.25, 5.25, 7.25),(-20.46486978556286, 0.8191760193461849, 7.476514601214042),(-11.148417392952632, -13.817385670647244, 7.031465601918464),(-8.25, -17.25, 9.25),true,true
79:(4.5, 25.5, 10.5),(3.9561748012537246, 24.498967500962745, 10.132085837840123),(-5.75, 21.25, 8.25),true,true
80:(13.75, -20.75, 12.25),(13.448018645996171, -20.926952997756782, 11.510044063468364),(10.861190374095626, -18.764358763940233, 9.361089977067238),(5.717765938209725, -2.556950203662131, 7.345321518466177),(7.7265754214986355, 6.8201100835118185, 7.77510021812355),(18.5, 6.5, 11.5),true,true
81:(-14.75, -21.75, 5.75),(-14.593369377520297, -21.31148068228372, 5.932119894825543),(4.731087621547106, -19.469805730075745, 6.468869108608574),(14.37738962588357, -19.959139439675013, 6.580318161135888),(10.25, -18.25, 9.75),true,true
82:(12.25, -16.25, 6.75),(11.820235659553987, -16.03732505491644, 6.891675613338033),(11.517241932061442, -16.112725260459836, 6.501150825258982),(1.75, -18.75, 11.25),true,true
83:(-18.75, 17.25, 12.75),(-18.394535548532254, 16.93790794844374, 12.91199868856919),(-16.93901067104641, 16.48363752655355, 8.858874143923106),(-11.533533109916796, 13.524705740103519, 6.11158441299125),(3.2801765799466946, 9.313833608670711, 4.168704977613897),(9.249756833095377, 4.4153837303472505, 5.361774422213151),(9.421445200466207, 3.4178970006432663, 10.549386142840147),(12.25, 5.25, 13.25),true,true
84:(13.75, 16.75, 6.25),(11.813289092315715, 18.414336197850897, 5.681561670513663),(8.187540485328297, 18.635480629210967, 4.696671835343421),(-17.245302094010437, 18.27222995407137, 6.05552604792234),(-19.25, 12.25, 9.25),true,true
85:(-27.0, 7.0, 5.0),(-21.9879329663028, 5.821017803200405, 3.7502690971018),(-19.397273107363176, 5.548122777511265, 3.2309269129345872),(-10.920846137421515, 5.367065004042842, 3.985580230297775),(-5.499800344074171, 7.780278175223344, 10.592979041003932),(-7.607265544733524, -17.356604492562045, 3.778404985221195),(-5.25, -23.75, 11.75),true,true
86:(16.25, 3.75, 9.25),(15.937511287678268, 3.8782492878582633, 8.881349861202585),(10.496101907002204, 6.923688075356685, 7.046381920728068),(8.38662008722564, 11.256469388085256, 2.9267899982810777),(-12.999997061067326, 15.961778485399309, 4.895634304587682),(-10.08087033972614, 18.880237135248283, 5.623577021498237),(-9.980339837603328, 23.603940399595785, 8.633044285763447),(-2.9066748361653802, 25.82917027233926, 4.45467946517981),(6.25, 23.25, 8.75),true,true
87:(11.25, -16.75, 14.25),(11.227302875471409, -16.441538614445754, 13.857143265095164),(11.31509533167703, -14.510258830529533, 12.671076444914247),(12.145212551337117, -6.462226333414214, 6.470345198093426),(17.25, -7.25, 12.75),true,true
88:(-19.25, 7.25, 14.25),(-18.832736003612652, 7.361518292540895, 13.998098376845995),(-18.447908511285643, 6.971145465028473, 12.975301546901152),(-14.287558928493532, 7.584038759251931, 9.376030096855036),(-5.185515180725958, 15.522864482554231, 5.16018089142618),(-4.5, 17.5, 6.5),true,true
89:(-18.25, 7.25, 9.25),(-18.054599190829403, 7.104986372907494, 8.813205343744968),(-8.50747663104583, 3.212563734223518, 6.12253376596583),(-8.475923932998125, -5.405494506811912, 5.735336423247113),(-6.25, -20.75, 6.25),true,true
90:(-14.5, 15.5, 9.5),(-7.442827483890311, 10.128538691841538, 4.793182253654657),(-2.813234688619921, -0.7360344922285362, 8.301930657195385),(20.5, 8.5, 8.5),true,true
91:(26.5, -16.5, 11.5),(16.41632520279876, -8.50594278456774, 4.610287441489018),(6.849478037373333, -8.998256899452384, 5.1666839152901085),(4.75, -18.25, 8.75),true,true
92:(-27.5, -7.5, 11.5),(-26.97918312504688, -7.1240941665288045, 10.39731193172164),(-16.284766318969243, -13.248674836249782, 6.6448349099393775),(-1.6066129851325703, -19.740410155175553, 8.906416415029662),(4.25, -23.25, 5.75),true,true
93:(18.75, -12.25, 9.25),(18.25941305871462, -12.187459031864423, 9.17642636107328),(12.202531902172394, -10.882970399287078, 5.56875987499136),(8.75, -22.25, 12.75),true,true
94:(18.5, -28.5, 13.5),(14.541801839137431, -20.668735939686904, 11.517533780001227),(-8.475006146424432, -20.784850649511945, 6.257940431819724),(-13.25, -13.75, 9.75),true,true
95:(-20.25, -9.75, 6.75),(-19.825265500432828, -9.496788898097352, 6.6759409509197605),(-10.776012704116107, -7.851111674498245, 6.474478327964824),(-0.8217519231200963, -6.636644848188172, 7.368406466855259),(7.25, -22.25, 6.25),true,true
96:(-4.25, -17.75, 13.75),(-3.875487687414478, -17.844689233688992, 14.067449959434924),(-3.161373520968942, -17.89046818035302, 13.368919183216633),(-2.3260234347763147, -17.9184431812409, 12.986286161592048),(-1.177503203221785, -17.74121857405145, 12.264252431230368),(-1.0882693740375917, -16.963824237140983, 11.641600547214379),(0.3841970464232779, -16.319890862155603, 9.823637927109868),(0.841523245764911, -15.697792107050375, 9.188149228317936),(4.11245437328273, -9.95186665584452, 6.735215330131954),(18.25, -6.25, 11.75),false,true
97:(26.5, 15.5, 7.5),(19.419702811172325, 15.39018101106415, 0.3163722221494367),(-15.015242812518526, 14.073799581346787, -6.765148679997664),(-15.902156194438046, 17.91214828075382, -6.71176465035432),(-18.69529210569853, 20.224161143192703, 1.6060886160750456),(-8.75, 19.25, 12.25),true,true
98:(-9.75, 7.25, 8.25),(-9.394166603458423, 7.074605480840607, 7.94566571577535),(-8.209403374006754, 4.785644958199595, 6.055367985970964),(-4.7103459774646765, -14.813965152606052, 4.669994179228039),(-11.673703852265486, -25.238215024947355, 7.963729557860144),(-12.743591017102188, -24.271431706402808, 9.071529528740466),(-15.72722007728051, -11.083231085862632, 13.432009880987003),(-13.75, -6.25, 14.25),false,true
99:(-15.75, 14.25, 12.75),(-15.503994846456653, 13.980151466066431, 12.408440000638223),(-15.156949289339682, 13.683756909602238, 12.204210599758316),(-13.857409841867536, 14.940507999719472, 4.831295212148509),(7.077001564955317, 5.810824231747225, 8.565260420575312),(7.185427465221772, 4.576179081066476, 8.270914701758265),(10.434679469883461, 1.5464019983123087, 11.825454105008706),(9.329143422985208, 3.8375267444783834, 10.235316549162036),(18.75, 7.75, 8.75),true,true
100:(26.5, 9.5, 13.5),(20.61564675758823, 8.502152810072113, 6.5741533881281935),(13.159478235739288, 1.7683830720688634, 10.682659671152692),(3.2923348347354096, -9.853842713775043, 3.787248066210629),(4.75, -21.25, 6.25),true,true
101:(22.75, -6.25, 11.25),(22.81533330873099, -6.5903196450819435, 10.889564016860746),(22.156261410640028, -6.960922885201293, 9.826159319583933),(20.569450377366397, -7.966726295835079, 8.543314800450778),(12.142500614611258, -8.515722815208882, 6.609424061243253),(-4.429982144074234, -13.030932118050508, 4.851447071957356),(-6.53416650924758, -14.762336145816205, 3.596597180537365),(-9.75, -19.75, 10.75),true,true
102:(19.25, -6.75, 12.75),(18.787162216975204, -6.880971748468434, 12.613517079061834),(18.137811808597174, -5.670227060508246, 10.289232255696206),(21.97283464081722, -3.8694174085826107, 5.506959548775566),(26.5, 7.5, 6.5),true,true
103:(27.25, 16.75, 7.75),(22.252519342166877, 5.882510621309276, 10.069871328414587),(8.315929346464571, -5.662179491922942, 6.376444299367178),(14.25, -11.25, 11.25),true,true
104:(-14.25, -25.75, 11.25),(-13.77631759907491, -25.83011278894472, 11.38858904755189),(-14.645235541082835, -25.823275139290146, 10.334347434325132),(-16.77263186771684, -25.452942869457576, 8.251791581690007),(-6.6400848396581855, -16.287896523348138, 6.166236938604253),(-2.9308454195748164, -2.1512979874141447, 6.165684054695021),(-4.838275726635139, 0.07312169432532434, 6.808853319506269),(-0.7409113618947303, -0.17664572056738104, 6.717895289685553),(5.0, 3.0, 9.0),true,true
105:(10.75, -24.75, 8.25),(10.335411022701571, -24.484093350944043, 8.163920769691671),(-2.104214286800206, -19.875241906341916, 9.541814969745689),(-5.480600053473987, -18.277756174229054, 8.478927419753944),(-8.116422973565742, -22.758657065952583, 7.411260177183806),(-7.78530156771459, -29.0, 4.663447602252377),(-9.5, -28.5, 6.5),true,true
106:(8.5, 21.5, 9.5),(8.267552656297319, 21.054407737622302, 8.90778306441866),(5.9275440473438605, 15.072729271549305, 4.294829528267736),(6.14033022401967, 14.150060371112327, 4.6163946743611985),(6.681282625663388, 9.579070087615243, 3.2919803238364453),(5.75601598385755, 6.91474260947223, 4.314350477339294),(-10.75, -0.75, 12.25),false,true
107:(-5.25, 21.75, 9.75),(-5.2455464818398125, 21.275925176348956, 9.591150298218011),(-13.049254721241747, 22.069342611058513, 8.138541706166489),(-23.75, 26.25, 12.25),true,true
108:(19.75, 8.75, 7.25),(17.331774707958775, 8.098531324422574, 5.357000858442375),(-3.432170677566779, 2.3928270795901327, 5.017555224069046),(-6.440119361857052, 8.883653353712926, 11.335184937848567),(-1.5, 10.5, 13.5),false,true
109:(11.25, -24.75, 11.75),(11.597668545373999, -24.78611093335024, 11.392477157303059),(11.485977882844784, -24.839115280010212, 10.908002457097842),(-4.5, -25.5, 6.5),true,true
110:(14.5, -8.5, 5.5),(12.633032629860116, -3.453352210007174, 5.014649569083282),(8.446919323065185, 0.1280468601266056, 5.130018723107601),(-6.008247416424581, 18.512912923129907, 5.958192725125089),(-0.75, 17.75, 7.75),true,true
111:(-19.75, -16.25, 8.25),(-11.507485145042667, -13.139682538241669, 8.497835677011816),(1.1635235777623703, -11.340152046947598, 3.4143792907554413),(10.834659388055083, -9.172981151158048, 5.963286531792852),(17.75, -6.25, 9.25),true,true
112:(-25.75, 7.75, 10.25),(-25.757284013833342, 7.809169949855614, 9.753566862330324),(-24.45177423586729, 7.181780823575399, 8.77429662563815),(-24.134164790587043, 6.2670729512265435, 8.524429163707222),(-19.797096708173378, 3.980018597663414, 5.987592190514866),(-8.440903889085492, 11.557318284857438, 2.152675453166431),(-3.25, 21.75, 10.75),true,true
113:(-16.75, -21.75, 10.25),(-16.652505031959087, -21.367265477299473, 9.943391101988379),(-16.846934902097757, -21.56105754118898, 9.525489604537958),(-15.736486096719618, -20.9765238713576, 10.03411214513007),(-11.340825561096706, -19.369887443173642, 9.814079402582568),(11.365225403251412, -7.635471786974046, 7.763296783104375),(17.175682503595883, -8.785403510620089, 7.767394162515657),(17.75, -8.75, 9.75),true,true
114:(-17.75, 8.25, 8.25),(-12.276077861659658, 6.901769978564843, 2.625873318418456),(-5.25, 16.75, 9.75),true,true
115:(-18.25, -0.75, 9.25),(-17.95983197482641, -0.34746857353698957, 9.188591793085017),(-16.968496999519527, -2.744242568664378, 8.782650054142678),(4.405256440006584, -15.587152836183103, 7.734878801689979),(2.5, -28.5, 5.5),true,true
116:(17.75, -11.75, 13.25),(17.859395712479664, -11.67017423030075, 12.768688848474307),(12.43971841206401, -11.750247868739162, 5.874380492730102),(1.25, -22.25, 7.75),false,true
117:(11.75, 23.25, 12.75),(11.893914240731462, 23.28190199803504, 12.272222903608744),(12.860543539477106, 23.366271509741143, 10.829126161473344),(19.75, 26.25, 6.25),true,true
118:(23.5, 9.5, 13.5),(20.42886688655114, 9.34317004331987, 11.571697308153665),(19.440146640478147, 9.023334305667703, 10.269456108806052),(14.743264235894632, 3.1772566590990796, 7.461049351606962),(9.706001152103092, -1.4208464156651701, 7.699859562418469),(9.077585069617037, -8.458335407436905, 4.337677848384472),(18.75, -17.25, 5.25),true,true
119:(-19.75, 2.75, 11.25),(-19.667675757522687, 2.649685074761732, 10.76713393691938),(-19.231203694178717, 4.664218548544354, 9.505821816668137),(-18.017955793631828, 7.214570431460098, 10.517619625089702),(-15.031688174776626, 7.242653968533437, 10.802956309591252),(-8.339582784344222, 5.309290620398058, 9.38056603099289),(6.307626331483881, 2.5667025632945144, 7.595401851458639),(17.561323436948364, 0.9513459742276553, 5.901101405476677),(18.25, -6.75, 10.25),true,true
120:(-8.25, -24.25, 9.75),(-6.949087462750357, -15.432726770191657, 5.883726399536281),(4.122929349250566, -10.29908675883382, 16.528659374548813),(4.521734157304542, -9.00855857691562, 16.61426762384692),(4.511497099545521, -8.0145981187673, 16.505007336981027),(13.25, -6.75, 11.25),true,true
121:(-14.75, -21.25, 6.25),(-14.619629415251945, -21.349113733548045, 5.777580717524552),(-6.15021958114568, -18.82924967522433, 5.5789760362425245),(9.25, -14.25, 10.75),true,true
122:(6.25, 23.25, 12.25),(6.411582273324198, 22.96659951974256, 11.871086636898044),(3.503695603652541, 17.5814420174049, 6.0318773291241765),(-6.800453383672049, 7.666454158632743, 11.603501625915124),(-3.75, -1.75, 10.25),true,true
123:(-1.25, -26.25, 10.25),(0.640893426892418, -17.78173289156995, 7.588398369384808),(20.25, -4.25, 10.25),true,true
124:(5.25, -24.75, 9.25),(4.299774605891599, -18.979900279743568, 5.653591686346998),(-14.878144917528683, -15.256858374322839, 8.695460232315238),(-18.5, -14.5, 5.5),true,true
125:(15.25, 26.25, 8.75),(14.305080497239134, 26.057061659214316, 8.978038444288169),(11.959579793212757, 19.07454915260306, 5.329949605609424),(8.562307888375365, 15.55261847919569, 5.781779429098694),(8.00381726814338, 10.373766231713548, 7.0168331158867705),(13.5, 1.5, 8.5),true,true
126:(14.25, 26.25, 6.75),(9.239094123014645, 7.147810795099942, 6.1167771768225006),(5.621333333555877, 0.8252005956015478, 9.887195561516434),(19.083619363429648, -8.548517462076852, 4.321191675974278),(19.75, -9.25, 10.25),true,true
127:(13.75, -10.75, 10.25),(9.818089673828318, -12.744877003375313, 9.58185833820348),(-12.75, -21.25, 6.25),true,true
128:(-9.75, 14.25, 13.25),(-9.573046143919923, 13.979132965306638, 12.868793517454364),(-9.88428217274239, 13.159541382376698, 12.387751137249444),(-7.671782670945426, 11.249199766553055, 6.629891230224131),(-5.643486883293309, 3.599092964606314, 6.836054128560287),(-3.0325568324863417, -5.160030375009859, 9.808282244244122),(-6.25, -20.25, 6.75),true,true
129:(-5.75, 22.25, 9.75),(-5.525864097334988, 21.95505158154345, 9.414189744667437),(-4.712155948515413, 20.497749787260084, 8.671916618592629),(-3.8975540345076296, 17.168511086118055, 7.280049381273739),(0.46227439058539466, 10.05294492932206, 5.901485483430802),(5.84667116632288, 6.532833056954062, 6.147673627604506),(9.0594728953571, -3.9384714646707115, 9.087705556983089),(-7.141665664554127, -17.29995077277338, 7.289462026332105),(-18.361957841556414, -18.23827476981692, 7.049629116230209),(-17.341177280711864, -15.461801559594498, 7.548832040419452),(-20.25, -6.75, 11.25),true,true
130:(-7.5, 19.5, 7.5),(-5.723126382856013, 14.781072691891781, 4.805190441142313),(-6.714673028039669, -11.669020374902992, 6.420226671129377),(-1.5453591465426735, -15.413526284426464, 9.293703569958787),(-1.5, -18.5, 10.5),true,true
131:(8.75, 26.25, 13.75),(4.979225232405799, 15.432069958817351, 7.819778237139139),(8.321646426695182, 7.713908470533562, 3.428314960880125),(12.523635616293944, 7.200583303879026, 12.144063025653786),(10.25, 8.75, 13.75),true,true
132:(-14.25, 1.25, 12.25),(-14.303299214705616, 1.6263421402470235, 11.925152670957488),(-14.018561013854972, 2.8361527309720267, 12.373808232851653),(-4.768194562543859, 8.48166445794352, 4.015036349826437),(-3.961808005042274, 10.448288523816526, 6.162473752405013),(16.864233745279847, 3.5258686482492743, 4.833391872028151),(6.5, -26.5, 6.5),true,true
133:(-25.25, 6.25, 7.75),(-19.386276089252046, 4.148569715162775, 4.992819666120324),(4.322868792510712, 9.567349244290643, 8.144765133521775),(4.25, 18.75, 8.75),true,true
134:(-15.25, 26.25, 6.25),(-13.269910196215907, 22.83773983918726, 4.953301534728865),(-7.939826961955568, -3.4352209471493573, 8.752839800118556),(-14.97800559017211, -5.465184000066753, 8.245422784859697),(-19.669639768459948, -11.449783633351773, 8.609254172151502),(-16.25, -11.75, 11.75),true,true
135:(-20.25, -1.25, 7.75),(-11.808523387720285, -5.137302559733749, 5.143641467408441),(6.421933268125933, 4.613514557440983, 4.58817530657799),(15.75, 13.75, 8.25),true,true
136:(-6.5, -14.5, 8.5),(-6.0074471734682175, -17.9802920126971, 9.10011385948229),(8.554167807950973, -22.12288961335667, 9.442533470377432),(4.5, -27.5, 12.5),true,true
137:(-21.5, -28.5, 12.5),(-19.93769547309981, -27.24011893849126, 11.590112236467922),(-14.5, -22.5, 6.5),true,true
138:(-18.5, -13.5, 9.5),(-16.380832887684583, -13.391915992474255, 9.140943668232556),(2.2112742661703733, -10.899194920756461, 3.990502303574375),(14.885731642267759, -10.928383305729794, 7.839511037871844),(16.25, -16.75, 10.75),true,true
139:(-9.25, -22.75, 11.75),(-9.137769235427546, -22.820086205840646, 11.267825571774752),(-8.804410758979854, -22.785897947226985, 10.896741633624044),(-11.4395006119322, -19.226157703599423, 5.705230102283932),(-22.64622992258059, -9.098116743264015, 11.841466040004203),(-23.406765372139876, -9.952881478163926, 10.505995226318735),(-21.75, -15.25, 5.25),true,true
140:(-6.25, -18.75, 7.25),(-8.504495697832711, -15.41632776696974, 6.336226851186476),(-15.25, -7.75, 13.25),true,true
141:(-13.25, -23.25, 13.25),(-13.07161521733589, -22.84550295180119, 13.483582977359927),(-13.52798171653484, -21.582771394020863, 13.285992570659747),(-9.934799901051765, -16.458402264479496, 8.443125610422209),(-7.48175407767585, -8.719507501056434, 7.778166749167619),(-15.25, -3.75, 10.75),true,true
142:(3.25, -22.25, 6.25),(3.3074922626486662, -20.96047387193181, 6.42718223880016),(5.0720438353212565, -0.6559533629387317, 10.26678809631015),(9.62776345163168, 8.370594649580854, 6.687457956386328),(17.25, 14.25, 9.75),true,true
143:(-14.75, -7.25, 10.25),(-16.78019123832854, -5.228806021972033, 8.680376175618246),(-18.605737634505147, 4.732322362618817, 6.55704815369441),(-19.031935234621322, 16.8216024093638, 7.554660763508414),(-7.25, 26.25, 5.75),true,true
144:(-9.5, 23.5, 12.5),(-8.278393398543427, 22.045352792329023, 11.845527687204962),(6.337859211212946, 19.661452597080398, 7.3772009090365165),(15.130832698420923, 18.064989453216036, 6.67905732084396),(13.25, 11.75, 12.75),true,true
145:(11.25, -20.25, 6.75),(11.105755423646531, -12.244898144878924, 5.206515257148108),(19.360343750515153, -1.0548124339885376, 10.851311652678593),(23.75, -5.75, 6.25),true,true
146:(-2.75, -14.25, 11.25),(-2.7032933750782955, -13.947242384569343, 10.854833810293485),(-8.234713060960772, -12.002844892978766, 7.150574959086754),(-13.926531771776324, -13.981055552244399, 7.05030004521794),(-17.811000406287036, -12.404371120338716, 7.3731818128041295),(-20.75, -5.25, 12.75),true,true
147:(-5.5, -16.5, 12.5),(-4.505662312781175, -13.371544904609998, 9.489249048778998),(2.7561475810630607, -14.57820353285673, 6.643807898423003),(15.111088789029555, -19.78704877647565, 5.703933821130403),(10.75, -22.25, 8.25),true,true
148:(15.5, 13.5, 13.5),(4.724462264930695, 11.810364234055067, 3.589983671293752),(3.75, 26.25, 9.75),true,true
149:(17.25, 17.25, 12.75),(17.051631449330436, 17.171839694013258, 12.297738035345315),(16.82786380268187, 17.48987859535499, 11.376445846326703),(16.2845729114023, 17.56285403845504, 10.540078945883481),(15.075949767304602, 17.127853667888093, 9.362289712663065),(11.722858870367405, 5.630863002105875, 8.34039353754448),(13.098554259354144, 0.5069734392205634, 3.7738611612138806),(22.25, 3.25, 6.25),true,true
150:(-24.25, 5.75, 13.75),(-23.79581323837351, 5.82822098309178, 13.556103472523628),(-23.096277370688814, 5.849961553423242, 13.223277177143082),(-22.289919155720042, 5.575589352146046, 12.729644540165548),(-17.69015737350827, 2.323010062741326, 6.8766982338095115),(-18.17092451380685, -5.035667517286945, 7.306650999445242),(-23.5, -9.5, 10.5),true,true
151:(-21.75, -1.75, 6.75),(-20.286195416370866, -1.3897725537483727, 6.288063466808496),(-7.090210003531834, -8.395466301510401, 8.3208090653565),(3.5, -24.5, 7.5),true,true
152:(10.75, 17.25, 10.25),(10.98735790716287, 17.259605472554558, 9.810035275500109),(9.75055830198616, 17.077730540372283, 6.342332592028476),(9.284177870178025, 16.214126254808274, 6.150820371055673),(6.957487880180653, 1.946832934233873, 6.25504631096035),(17.588614045367986, -16.412572168036608, 5.103618590387657),(27.25, -11.25, 5.25),true,true
153:(14.25, 11.75, 10.75),(11.117576662475855, 10.407705910152162, 8.325540915890032),(8.571275804404314, 10.660935782836328, 8.253820696067235),(4.077346765616792, 12.276636691731388, 7.72031461761556),(9.25, 26.25, 7.25),true,true
154:(13.75, -14.25, 14.25),(13.97240120616679, -14.329744104584798, 13.809343011765925),(14.885516061534556, -12.582367956738786, 13.497451915747845),(5.668291852414658, -10.85115677787593, 3.7474682152181997),(-1.1442311786586772, -13.510086402108193, 6.811059703316449),(-13.75, -20.25, 7.75),true,true
155:(-12.5, -25.5, 9.5),(-13.111558547924954, -22.764650990512013, 7.482865770563426),(-2.9979562562512063, 0.8673789523345015, 6.76588191746979),(-8.076455949166927, 5.845402921946057, 3.9210656556610655),(-16.567068706079567, 5.292911070759299, 5.674568488199939),(-18.5, 2.5, 5.5),true,true
156:(-25.75, 4.75, 9.25),(-25.800973167920933, 4.939505439177359, 8.790120206277445),(-25.717630269322104, 2.9692906868443334, 7.047139711721079),(-17.24637768899121, -6.629419940395568, 6.213664365043957),(-9.5, -6.5, 11.5),false,true
157:(-8.5, -28.5, 12.5),(-9.275006204354604, -27.539411683986096, 12.3107987249852),(-9.51108476938599, -27.26021727613812, 11.623211533064637),(-9.626134669621338, -25.766386913228754, 10.354560302677159),(-6.7146705469187795, -19.80081541348281, 4.785248677476265),(9.25, -15.25, 11.25),true,true
158:(-8.75, 9.75, 5.25),(-8.484134447363338, 9.995496708108625, 4.904968299675188),(-8.013958050325416, 10.138989152589062, 4.996314202952058),(-6.90220557724493, 8.768894349703816, 4.705440422994865),(-6.649972167278613, 7.205026479283677, 4.692196051275952),(10.365354571777676, -13.10494582141149, 9.026476165126548),(0.5, -21.5, 11.5),true,true
159:(19.75, -11.75, 14.25),(19.32625973902586, -11.881645736628553, 14.019536138934772),(17.445674066089808, -11.58250571372064, 13.059542504180483),(10.60720583080588, -11.904876083491734, 9.091198530880723),(-11.59348621126757, -10.846662303733138, 8.467514668465588),(-14.668619268676034, -17.038605626812785, 10.431812607775488),(-14.75, -18.75, 10.25),false,true
160:(14.25, 10.25, 12.75),(15.184665551244096, 10.801428915051893, 13.678130605758115),(14.514727795504088, 0.7052596357699716, 3.6968934867175345),(27.25, -7.75, 8.75),true,true
161:(27.25, -5.25, 13.75),(19.576717688348612, -2.5108213330762688, 10.054219956037558),(15.007915550253655, 9.258395113965657, 5.696194685571231),(13.044179439718315, 14.941641742195927, 9.28010989814097),(11.25, 19.75, 9.75),true,true
162:(7.75, 20.25, 6.25),(6.7254756129489905, 19.63621552621073, 5.607615496187883),(17.061423216187478, 0.5231114615393295, 7.499899962538127),(13.5, -1.5, 8.5),true,true
163:(5.25, -18.25, 8.75),(1.7344999128842504, -14.133140679178958, 5.915024130710168),(-3.284681992421934, -13.53361975866082, 3.0492648310012513),(-4.174530237982038, 5.174350175665531, 5.93326348828753),(-13.75, 6.25, 12.75),true,true
164:(-3.75, -14.75, 13.25),(-3.6537299772799874, -14.416304478017093, 12.890306545327771),(2.541247820489144, -11.561898828406566, 5.722645858223196),(17.0, -1.0, 7.0),true,true
165:(-18.25, -9.25, 10.25),(-18.060551919513863, -8.838375154257779, 10.461363220943971),(2.4148512045449153, -12.985559695604968, 7.416046416504761),(6.5, -17.5, 8.5),true,true
166:(20.75, 12.25, 5.25),(15.562511194771377, 12.419776103617133, 5.268464055339421),(9.1662247904504, 9.156424689353226, 4.701439107605574),(2.4645865310024107, 9.103543250551365, 6.834943818436537),(-0.25, 20.25, 5.25),false,true
167:(12.75, -20.25, 6.25),(6.635417569889502, -17.33128461384587, 7.369099184019044),(-10.501277802229827, -6.09935480606459, 3.3160699201731365),(-21.252506046977672, -7.303599787530016, 14.488044889856258),(-17.75, -7.25, 14.25),false,true
168:(-14.5, 3.5, 9.5),(-4.424826979387039, 8.413399250984261, 4.554246040762805),(8.435690907953859, 14.927369062334243, 4.3211444087681015),(8.469893923022003, 9.443809024602672, 6.104008069826044),(7.5, 9.5, 10.5),true,true
169:(1.25, -27.75, 9.75),(1.3609067023943344, -27.76632999258855, 9.262728992545142),(2.316734960506285, -26.80151646738615, 8.820164522090538),(3.3208366731237344, -23.994080985073566, 9.261486887700682),(7.931019860337274, -12.43581486089018, 6.475197486517279),(20.5, -11.5, 5.5),true,true
170:(14.25, 12.75, 11.25),(10.46335593128942, 10.583536262392235, 6.836590605505962),(-2.133576181880982, 11.29264695463051, 6.1266413461902465),(-3.720387980557585, 13.76150378085429, 6.748553146358856),(-9.0, 15.0, 5.0),true,true
171:(-13.75, -22.25, 13.25),(-13.60050353065812, -21.794259583804553, 13.108750296636373),(-10.843002470273671, -19.61500816116383, 11.30983772295406),(13.071370251471336, -3.325299206317676, 7.1935954321456075),(15.25, -3.75, 11.25),true,true
172:(18.75, -11.25, 7.75),(18.861764278789334, -10.65178359564193, 6.998050083521923),(26.5, 0.5, 6.5),true,true
173:(23.25, 1.75, 7.25),(20.376974733285227, 2.7570226183225213, 6.736575093448698),(6.382594617968831, 8.411885142734338, 5.926825901215777),(-13.185226615065478, 14.00087650679842, 4.211328847931295),(-13.75, 16.25, 5.75),true,true
174:(24.75, -9.75, 12.25),(24.318201775046372, -9.941772588622017, 12.086373696551851),(20.217668812312358, -8.018574302744144, 10.693770657581826),(2.1171248453742613, -8.765089059152686, 5.349621646397678),(5.0, -15.0, 7.0),true,true
175:(6.25, 22.75, 10.25),(5.8857119749769105, 17.145974816529712, 7.144529109129854),(-10.632138319611641, 13.378920188613627, 5.44881335932907),(-12.75, 14.25, 6.75),true,true
176:(19.25, -20.25, 10.75),(19.405940876871497, -19.829618935015183, 10.971274045298538),(19.364754267795494, -19.334287366570777, 11.02559071433507),(18.690590790623528, -18.124929498128786, 10.777331886555624),(13.194384408625158, -14.937785737013025, 8.47748176311518),(3.25, -22.25, 6.75),true,true
177:(-7.5, -28.5, 9.5),(-5.238628308096896, -27.175469870555457, 9.790953702289372),(-4.582881792537464, -23.818786169287623, 9.921650157528875),(-2.294135890886023, -21.416554290345307, 7.443614017443299),(5.856368235933827, -14.837381831894835, 7.960292849222012),(14.75, -14.75, 8.75),true,true
178:(14.25, 12.75, 10.75),(17.685091460216444, 3.7605894822471875, 6.524547076019024),(15.0, -3.0, 5.0),true,true
179:(27.25, -3.75, 11.75),(27.144428860167928, -4.135437849659346, 11.44951306436962),(13.266830324904227, -3.258618037916375, 7.732320023163515),(7.527604057018827, 6.715855776554871, 5.632272889081987),(17.75, 16.25, 9.25),true,true
180:(-10.5, 12.5, 7.5),(0.292048627422306, 16.274952744119332, 6.760603330005972),(14.323717206282165, 24.69366128010933, 8.865429950942454),(19.25, 14.75, 6.75),true,true
181:(-18.25, 12.25, 12.25),(-18.28313010468347, 12.509224022194022, 11.823730950594328),(-18.541217906716234, 12.228750814168109, 10.89921731304129),(-18.7388616005707, 11.579429377240976, 10.164834142055977),(-19.733325919579663, 13.184886664031326, 4.871063858637185),(8.25542081473138, 16.73645572003256, 7.303036288006692),(5.25, 17.75, 7.75),true,true
182:(23.75, 5.75, 12.75),(22.991150751452537, 6.831350853342629, 12.893518349347778),(23.511855362304537, 9.783994054447783, 12.789764625535206),(15.37057924075162, 13.426572116531538, 6.744544287895322),(12.75, 15.75, 7.75),true,true
183:(-5.25, 21.25, 9.25),(-4.725844653859968, 20.601077490758733, 8.18791472268975),(-4.447300497085958, 19.44563506623156, 6.9280192144227986),(-9.427325436596341, -7.640978533147037, 5.155553325855589),(-16.80371002150852, -6.882950677189622, 13.328662406966265),(-14.25, -3.75, 12.75),true,true
184:(-11.25, 11.25, 9.25),(-9.520930310634718, 11.350273689050617, 7.831564767655603),(15.25, 7.25, 9.75),true,true
185:(-15.25, -7.75, 12.75),(-11.632743477424981, -4.262589854005305, 7.672903311777737),(6.25, 24.25, 8.25),true,true
186:(-3.75, -24.25, 9.75),(-3.91640977507435, -23.81033203451937, 9.57970652716611),(-3.868123903246728, -22.672121220042975, 8.904079551422697),(-3.9162570630209648, -20.38572944382443, 7.373291506444581),(-3.398670867108677, -19.89372917626612, 8.073320267656289),(-9.272797474369463, 5.986357697805979, 5.7540201725554),(-17.639782877831642, 6.032817908077593, 3.815715387697235),(-18.75, 4.25, 10.75),true,true
187:(-20.75, -5.75, 9.75),(-19.67091589977647, -6.148262855503138, 9.56832129193513),(-8.037611713682772, -14.793382611722627, 5.032057970364275),(-7.5, -20.5, 5.5),true,true
188:(7.25, 0.25, 13.75),(7.110781763597846, -0.06279717684435387, 13.385615301074159),(6.046612529520559, -2.580090728728415, 9.415042174604745),(9.67572810128049, -21.3319688598253, 7.008594130399242),(1.25, -22.25, 8.25),false,true
189:(-15.25, 13.25, 6.25),(-15.491656902823367, 14.584622783566475, 6.467580654660688),(6.331950137980433, 6.6974154334349425, 7.176302893965741),(9.5, 7.5, 11.5),true,true
190:(-19.25, 15.75, 5.25),(-18.753727003974053, 15.747863883423909, 5.31089786877554),(-15.37497305009645, 17.507365115548033, 5.2789002717211595),(1.0277447373383914, 11.262544022435161, 6.498651911616459),(11.0, -3.0, 9.0),true,true
191:(13.75, -23.75, 12.25),(13.42794805676918, -23.372638718855242, 12.187702252416),(11.138232530885915, -21.075881557073554, 9.634787065312175),(11.21611255774045, -13.537563926194325, 7.2867731935983695),(12.717110023318972, -12.549096758888444, 4.807566396058487),(19.059117736458653, -8.457832333854807, 7.046676603805452),(19.75, -12.25, 7.75),true,true
192:(12.5, -28.5, 9.5),(11.963653321501774, -26.643473394040598, 8.721830229573756),(25.0, -21.0, 7.0),true,true
193:(24.5, 9.5, 6.5),(11.525239855579617, 6.119537420078449, 4.032225397333615),(10.098630443385249, -22.897594880430695, 7.657559785814975),(12.5, -21.5, 12.5),true,true
194:(5.25, 26.25, 14.25),(17.08745226438736, 24.79637724062241, 6.177256877379596),(17.1062292450529, 7.348016252192627, 7.952595986391172),(18.5, 6.5, 6.5),true,true
195:(2.75, -24.25, 14.25),(6.520202348462029, -15.850764355910961, 10.233542798710332),(18.58068985158855, -2.848057570305804, 10.606190537930935),(17.25, 3.25, 8.75),true,true
196:(10.5, 1.5, 12.5),(10.499817134810117, 1.388709911846347, 10.95651454279812),(10.529816152155393, -1.9212892409808617, 7.233441425920964),(13.408181488565532, -13.836693910207863, 5.572365333036235),(18.5, -20.5, 8.5),true,true
197:(-23.5, -28.5, 10.5),(-16.06417184320689, -15.205635590510195, 8.522651253063522),(4.382736771870427, -4.417371922791075, 5.162060540800553),(7.636083302412737, -12.874878330423961, 4.770310414058057),(1.75, -19.75, 14.25),true,true
198:(18.5, 6.5, 7.5),(10.674427853408606, -0.6990840768837914, 3.8308519395197282),(10.606398235988257, -3.6607991324635045, 3.3579715099118856),(-9.5, -17.5, 10.5),true,true
Total path: 199, feasible path: 183 (0.9195979899497487%)
