ID TP TN FP FN acc pre rec
all:    128698 458529 66468 29772 0.8591885197090715 0.6594283840423024 0.8121284785763867
bottom: 61961 134771 32477 15615 0.8035650099663432 0.6561024164001779 0.7987135196452511
top:    47356 259444 22915 6918 0.9113782665395253 0.6739053094448635 0.8725356524302613
=== path ===
0:(-19.25, -3.75, 13.25),(-14.455740943088863, -3.464962906770176, 11.938454662383675),(-13.030111284737298, -2.4896830473604825, 11.638095780027198),(-7.5, -7.5, 16.5),true,true
1:(-22.25, 7.25, 9.25),(-17.972779739687397, 8.815280332782338, 10.590993795421479),(-19.07484017450108, 13.022217189234619, 16.447657609999943),(-14.633991591630659, 18.802220171469802, 18.573852514135826),(-15.75, 17.25, 13.75),true,true
2:(3.25, 21.25, 10.25),(3.188992980142995, 20.829986542378567, 9.98567663942615),(2.630102037141418, 20.17815880598639, 10.130106141188053),(-5.129270507104081, 22.031410647852056, 17.102605177256148),(-17.111907860807186, 19.624758329135815, 23.817264471391773),(-24.17760535369673, 8.06560418963142, 24.37654821641465),(-24.551485453961007, 1.0768025630418272, 24.246680996512804),(-21.68698550669736, -4.7286983667207, 21.583825572977194),(-19.75, 2.75, 12.75),false,true
3:(11.75, 24.75, 5.25),(11.362350528548905, 24.460359711610863, 5.124157278217835),(12.527624994031916, 26.89114231773387, 7.20212933584486),(18.4902184020967, 22.919430346474375, 18.625873978150477),(28.5, 14.5, 10.5),true,true
4:(-23.25, 2.75, 12.75),(-16.8984380390406, -9.953321791133435, 24.123486170441453),(-19.197142558227384, -15.353191112019374, 20.308074154574086),(-17.384203457999092, -18.3358533456399, 5.190215394998364),(-15.5, -26.5, 5.5),true,true
5:(-21.25, 3.25, 16.25),(-20.845480956987192, 3.2269227442773416, 15.95702938012778),(-14.215936339932313, 1.2907921006265874, 14.861737557640456),(-12.47978215598117, 3.3912250919911724, 13.60716595811488),(-12.747927563714073, -10.00556859464099, 14.217382866348272),(-13.423330639033257, -12.90339472253098, 14.600050370021494),(-14.763881450474239, -15.108961274239356, 13.070867677230947),(-20.28731577912699, -15.783476670884333, 12.463711721556331),(-26.25, -10.75, 13.25),false,true
6:(-26.25, 9.25, 7.25),(-21.98505721113874, 19.820550743905763, 15.202786438014599),(-7.337696315647711, 21.42259916162731, 24.383690349068544),(16.288363143366688, 20.446782606130583, 20.471105851244605),(5.5, 22.5, 16.5),true,true
7:(-14.75, 21.25, 12.25),(-14.710488425640152, 21.348696668411836, 11.761432908255161),(-12.972509189777668, 20.397279085181957, 11.812801113950954),(-17.78896894856337, 18.78735883511074, 18.72290680609897),(-18.75, 13.25, 16.75),true,true
8:(-26.25, -9.75, 14.25),(-16.25, -27.25, 14.25),true,true
9:(-10.75, 10.25, 9.25),(-10.468614806156333, 10.049208201646943, 8.88874520570696),(-10.033330759682537, 9.805485751475668, 8.855171910248975),(-1.0718912360016424, 13.80918538619502, 13.533020396259857),(-2.223507927909175, 22.12302191567517, 15.60748478134309),(-13.525107127205112, 21.2909509473218, 20.419700635264153),(-17.479199536623568, 23.914435082589392, 15.555402362054647),(-17.97900340953226, 22.939555723383698, 3.954553883306465),(-19.543882529840225, 20.515598015196204, -3.134764507303081),(-19.247832209272456, 11.824506999667456, -4.495077975737801),(-13.90440752428391, 1.4644789605078463, -7.3621360600367645),(-22.76458193696197, -19.116511621671105, 1.3959602791638108),(-14.405061213725467, -15.623115998694711, 16.256196432224275),(-11.25, -12.25, 14.25),false,true
10:(-26.25, 5.25, 9.75),(-25.7660929345591, 5.372857145796885, 9.77720429640735),(-25.040740725113125, 17.498539377965887, 14.097594695349192),(-15.300532606823324, 19.420823132714414, 17.906243724334065),(2.770168329521786, 20.162557041411926, 23.26352161836135),(4.25, 19.75, 16.75),true,true
11:(9.75, -1.75, 14.25),(9.870266990930833, -2.225375096890952, 14.152253551735313),(9.940660345374233, -3.809400018617343, 13.952584721319027),(8.098770723519255, -6.578019390864446, 10.644351190180771),(3.1493392558887794, -8.05238113395913, 8.643056004665706),(1.6361901262218557, -10.660339399856118, 5.534607705836313),(-0.04939541287818727, -12.420917746177961, 7.283654668281708),(-2.086307904277258, -13.653990711774153, 5.458683829090505),(-3.05661895689335, -12.378415414289881, 1.9970347013233458),(-1.7730667334229384, -11.95207434393317, -0.6807866111154164),(14.964631909258214, -22.502124923480746, 1.7252532404003973),(12.781912626639944, -27.5, 2.2188276897596477),(12.25, -27.25, 5.25),false,true
12:(-1.25, -27.25, 5.25),(-3.4424957422654336, -22.355252568668558, 5.203032350716288),(-2.3901940895932454, -16.69962026663354, 5.615188629527212),(-2.1698491439354184, -16.282969317353185, 5.448305163039883),(-2.1225000567184353, -15.659271689003615, 4.8726149095716655),(-1.2290895750989126, -15.060628646707302, 3.9454761698846457),(-0.7500686930422786, -14.683171362836905, 3.152970653558818),(9.61904135849468, -26.580698525808184, -0.0977133903816707),(13.311532323569358, -25.650104992074823, 9.642121459542828),(10.5, -26.5, 14.5),false,true
13:(-6.5, 8.5, 14.5),(-5.1937049923470795, 6.336660368740796, 13.477248344658145),(-1.692273693650589, 9.826604265723546, 24.792042683791145),(1.7864025849912988, 15.773135014502003, 23.552049376451738),(-3.4818260556922094, 20.184405538493436, 21.725406804539574),(-11.681494165139165, 21.385426970598136, 18.971539486600555),(-12.5, 16.5, 16.5),true,true
14:(-18.25, 2.25, 7.25),(-17.996132841228558, 1.822534082479013, 7.303144661587554),(-19.165388237895133, 0.7093195828827191, 10.222347008965919),(-25.48783140864096, 6.96297873538137, 19.432768272309588),(-25.313470495366893, 13.318309775062426, 22.605055263039343),(-25.025173678082517, 13.416928107634096, -1.987084170475974),(-23.249780430868455, 0.5429115580745183, -4.055413523911916),(-22.748896602737247, -11.715944313205343, -3.4639866977784175),(-26.25, -13.75, 5.75),true,true
15:(-12.75, -8.25, 9.25),(-12.894733053827412, -7.7896784316700405, 9.119017570414817),(-19.837370654500603, -4.33499939454536, 14.424942911722182),(-23.47205746868817, 7.146115981026824, 9.403085566571713),(-26.25, 24.75, 8.75),true,true
16:(-11.75, -13.25, 14.75),(-26.25, -21.75, 6.75),true,true
17:(13.75, -9.25, 9.75),(13.992776077947731, -8.908197262693403, 9.477546949464621),(12.364193979621996, -9.148517516383794, 9.453109980068211),(11.43171891857221, -8.949153664036363, 9.754347950612079),(10.613752534885089, -9.118313460867192, 10.304180614514438),(9.059261270811724, -6.96524115952028, 8.908531455487605),(7.580959819996785, -4.316453891937297, 5.328491064205476),(7.634964595291496, -3.389547578766064, 5.699877885254205),(8.299033790427844, -2.8463240759198865, 5.186146116695464),(9.662773091903201, 3.6279460066407156, 5.016611643480787),(4.472344177369111, 10.104790975214522, 8.539153227650605),(5.551061855153856, 12.757091958952078, 11.407621994500198),(10.412694825296256, 23.299873938823346, 20.457042609722336),(22.329877768547938, 24.493168387992785, 11.633811394322896),(28.5, 19.5, 15.5),false,true
18:(-22.75, 8.25, 15.75),(-19.85829698290403, 12.231031017831672, 17.555899963516136),(-17.453825088001206, 18.638594603323195, 19.026152936478763),(-14.25, 16.75, 12.25),true,true
19:(-26.25, -22.75, 16.25),(-26.306780331416377, -7.35582859410758, 15.643331777133996),(-22.9770563434202, 6.048888367215266, 15.199121773541705),(-22.75, 7.75, 16.75),true,true
20:(7.75, -20.75, 10.25),(8.136552471090704, -20.653936093290902, 10.552239826828721),(8.90878088513542, -20.301335592276146, 10.02371720363637),(16.29061818271121, -26.26407282481374, 4.868314143641214),(14.155784784734287, -20.634768214527746, 1.102796762698043),(-0.21540725936258476, -18.15054799621834, -6.331415006191631),(-10.080351097200237, -20.920873431580887, -6.4736427935658645),(-20.75, -27.25, 11.75),true,true
21:(-14.25, 5.25, 15.75),(-13.804101257008927, 5.025175610504588, 15.775066010591965),(-12.991482085925236, 4.4424151919806265, 15.768711690090795),(-11.045515046211596, 2.8671885711484077, 14.548501214198108),(-11.593622314757377, -1.8315500637871525, 14.967502724201015),(-17.818772193450112, -5.863362243239982, 12.784670070495608),(-23.008747632211048, -1.4866543962800751, 14.490127008508935),(-22.5, 2.5, 8.5),false,true
22:(14.25, -19.75, 14.25),(15.724285145661167, -23.817873187335223, 6.70808164219461),(9.25, -27.25, 7.75),true,true
23:(-16.5, -6.5, 8.5),(-0.8289086307817863, -3.034205315047564, 15.532424943159443),(2.25, -5.25, 16.75),true,true
24:(-19.75, 14.75, 16.25),(-19.664461622737484, 14.339814060013925, 15.977180131491426),(-8.97949826452151, 21.001763653973264, 17.226929167189734),(-0.533710724221546, 22.16719025105145, 16.620169270719945),(14.25, 19.25, 15.25),true,true
25:(-9.75, -10.75, 14.25),(-9.44616722357961, -10.581331102977162, 13.890505289121277),(-8.50404163484396, -10.780144008791233, 12.600845782383589),(-12.696970696055528, -13.43354326129524, 9.246578606321327),(-16.3685827595821, -19.239056923295585, 11.183061041943047),(-20.061053507787594, -23.778248714937956, 1.103275160427677),(-19.832429731597223, -12.705477005284033, -4.139707743474187),(-21.12942411666186, -1.6211188610529081, -7.508849742032866),(-16.745554551276932, 14.792672198962153, -6.917321905209563),(-26.25, 18.25, 6.75),false,true
26:(24.25, -27.25, 6.75),(16.983845240065033, -19.100017426407607, 0.8980504129531313),(-8.414113459445858, -24.85421853056474, -2.0827563122106936),(-13.014226692223549, -25.064021801306854, 3.1893344337087566),(-5.75, -27.25, 9.75),true,true
27:(-10.25, 18.75, 9.75),(-9.7512295568679, 18.77903829385411, 9.76961689444969),(-10.873783128181866, 23.015509762823253, 19.207262936734963),(-0.5037091409366208, 22.62735447218474, 23.73378361766344),(5.25, 19.75, 16.25),true,true
28:(-26.25, 5.25, 7.75),(-25.81161649053662, 5.476552551801368, 7.8305843651265965),(-24.56132224554363, 5.794339539959352, 7.1969154294689135),(-22.842350060017232, 4.7979799086506665, 7.179125201822377),(-19.383512190067623, -3.1241521864286095, 12.114950150667173),(-16.891819648102953, -8.930922786786999, 17.722071498096504),(-16.755332783697362, -12.761129051820252, 16.744026730646393),(-15.25, -27.25, 7.25),true,true
29:(-10.75, -27.25, 12.75),(-16.3579303366066, -24.423378670927363, 18.353945549285047),(-8.981578402604635, -10.101769044102832, 15.202131276815809),(-8.15226045962544, -7.060074300397007, 16.26492543778125),(0.5, -3.5, 13.5),true,true
30:(7.5, 4.5, 9.5),(6.841284153739841, 9.028632816946537, 12.861808791566833),(-4.5, 19.5, 15.5),true,true
31:(-4.75, 27.75, 11.75),(-4.2637114692227485, 27.754473097934543, 11.633795627322508),(-5.659758342411241, 27.749116943511957, 12.16513730093114),(-22.156071633511296, 23.4298643084385, 13.169564293279729),(-22.435898878486327, 19.04800197879661, 18.621259372522058),(-6.705382966274117, 23.995750961612682, 18.432123894441755),(-0.25, 17.25, 16.75),true,true
32:(-12.75, -15.25, 13.75),(-12.575108813123846, -14.978120628608663, 13.368562350881692),(-16.491165141964686, -18.86837951518879, 19.76986273113488),(-18.40475761309694, -17.093781825499615, 5.3250129474468935),(-26.25, -10.25, 11.75),true,true
33:(-20.25, 8.75, 8.25),(-19.832866843509382, 8.79412136444454, 7.977872759622038),(-19.535130880044708, 8.58715192045544, 8.322135661071794),(-18.14102516416892, 8.895424380228643, 8.749355615363038),(-17.803913979290815, 13.390554999890814, 15.405675513457517),(-18.47331785497291, 18.72455468951052, 14.080706217145012),(-19.957097754931972, 21.20017507414387, -3.2885133239922872),(-21.093643005611614, 3.1244757193894244, -1.7546653542431248),(-19.546404446115968, -17.65345491406181, -1.2458085941816477),(-18.87258225282784, -19.5693276458698, 0.9622211446006372),(-9.75, -27.25, 6.75),true,true
34:(-21.25, -11.75, 7.25),(-21.07856220324652, -11.84995939538966, 6.791069502955354),(-21.196675981945972, -12.527853209738382, 7.876179633330781),(-26.25, -26.75, 13.75),true,true
35:(-23.75, -10.25, 14.75),(-23.327816215353565, -10.438639287247064, 14.940200082251643),(-16.5, -26.5, 5.5),true,true
36:(-4.25, 27.75, 5.75),(-4.457885782226765, 27.750414719541034, 5.295265649465902),(-4.7567354965937785, 27.75433166180985, 6.612090698939399),(-11.738306139142507, 27.410533188531637, 6.985552842768353),(-26.25, 14.75, 13.75),true,true
37:(-14.5, -6.5, 6.5),(-8.182222493213972, -6.377764992963591, 12.56718066653072),(-10.586976457350007, -15.263366068174555, 15.751125640654243),(-13.183863692732071, -17.30265031385433, 16.719485407900322),(-13.5, -19.5, 14.5),true,true
38:(17.25, 18.25, 12.75),(16.77494938353407, 18.28873886904786, 12.901083459783765),(10.626978766457684, 18.591509341077764, 12.96154882002451),(3.007320604377968, 9.955096108601722, 16.702449055557707),(8.5, 9.5, 16.5),true,true
39:(15.25, -0.25, 9.25),(15.349116360285787, 0.23580220345182995, 9.314592307940224),(14.913006557967488, 0.4729407848142275, 9.25481326854243),(6.771387641669672, -7.912471433511252, 11.733084582640073),(5.639551637168259, -14.139098811759629, 6.934816210835835),(-1.3792527707111875, -18.83323181446814, 5.6195360314719025),(-2.0380387965897526, -18.67274479795579, 7.689503789532253),(-7.681391191555817, -15.177655947203213, 11.038094349363947),(-10.893708780392602, -14.40799719252077, 11.813756108920794),(-12.279611821869445, -14.943530618528156, 14.419994146639919),(-12.986545266077696, -18.92648848811252, 20.132812340366712),(-11.75, -27.25, 15.25),false,true
40:(14.25, 2.75, 15.25),(13.905311721034904, 2.986876411616629, 14.975993511091964),(13.961512857434752, 3.0940141238166916, 14.490851322767858),(12.871207204452084, -1.6545149491350473, 7.909844418007416),(8.330171433439642, -5.149863714069192, 10.736477649667481),(-0.058107627757891134, -12.915212582039569, 7.557869451997231),(-1.2217551650975582, -13.152469757447959, 7.280364664204557),(-2.6192004800329465, -13.345287323411478, 2.854170262775262),(-7.284981283155387, -27.229955350129362, -4.481325593630318),(-4.75, -27.25, 8.25),false,true
41:(-5.75, 2.25, 16.75),(-5.413607316973831, 2.0086866975667323, 17.03037092016685),(-4.135791271078472, 1.3449083720121704, 14.803119750232684),(-16.209852493513537, -5.842041797770366, 8.907159182915619),(-16.997465515700874, -9.831271163006726, 22.45657758842572),(-21.478475903252786, -14.957248601453799, 15.401590666657794),(-9.75, -27.25, 7.25),true,true
42:(22.25, -6.25, 13.75),(21.83184853770759, -6.076407901307185, 13.537832288379825),(21.786948375934152, -5.75595392605661, 13.156658803967776),(20.552915422359003, -6.997705134051954, 11.44740238829485),(14.313938774027184, -5.888940927813645, 11.622857408483004),(12.92631241720704, -3.7095806511257727, 10.098101074424012),(8.439884059950813, -1.4248196549599572, 5.234786588848706),(8.12795283914691, -2.3545944765559077, 5.039293124472003),(6.247035169266212, -2.8340681438820146, 14.045191318253817),(-2.4804870405389163, -3.8622080013240354, 16.439696463624387),(-9.393404497788826, -4.738276586188099, 11.447437293895987),(-15.90923218331144, -7.518921206714387, 15.137828883973949),(-18.156757884791993, -12.518551160836797, 21.342827316193645),(-18.122147745705508, -24.51417022046218, 8.351225235428515),(-2.25, -27.25, 8.75),false,true
43:(-26.25, 24.25, 13.75),(-23.536744474138438, 21.027718578637977, 11.276038668423169),(-26.25, 12.25, 15.75),true,true
44:(-17.25, 17.25, 5.75),(-16.902093333609656, 16.91892287943735, 5.6108997062508426),(-20.190031454331187, 15.906563220017302, 13.63521947812075),(-0.5889958326773845, 24.667062493699497, 22.16343898815655),(-1.25, 25.75, 11.75),true,true
45:(-22.75, 9.25, 14.75),(-22.566516901719762, 8.811575359612476, 14.905299025581472),(-20.72119649308969, -0.2797827687880732, 12.851239918231522),(-13.34668803733247, -7.8684391580045565, 13.43940685469102),(-10.72757685809993, -8.654869545493115, 14.673012900579954),(-8.069040619406746, -11.70146199299812, 14.461624215187149),(-17.9607098142315, -15.767368420961365, 12.71444270436191),(-23.5, -26.5, 12.5),true,true
46:(-20.75, 8.75, 7.75),(-20.614340196570055, 8.8914364312082, 7.290008528709024),(-19.851446769138533, 9.174690523453128, 7.370463198567913),(-19.756249229224156, 8.563334098624756, 10.574467250092695),(-19.353983269167333, 8.291999771125074, 10.695131163918903),(-26.5, 11.852855208846531, 7.094963916672512),(-22.552263647737774, 19.188725121765994, -0.47672590024957007),(-22.406334042073897, 7.781020192415057, -3.0814035888546343),(-24.037535387536177, -5.816917949534492, -7.338146018036393),(-13.482890423974375, -13.01861098517728, -5.881876272829649),(-11.421451327092992, -25.76598970435428, 1.1863332011106622),(-14.25, -27.25, 14.25),true,true
47:(4.5, -7.5, 7.5),(-3.164124940662622, -15.75367172863546, 5.996849477768064),(-3.655038155110476, -16.618824106413324, 5.894303980032753),(-4.768915067307433, -17.329871007538593, 5.645141073546543),(-8.778032034837643, -16.131053403902918, 9.140854655356634),(-10.81337827267889, -14.71604595498986, 10.8305645747292),(-8.646668507672167, -6.059999237537475, 11.768885799945474),(-9.75, -2.75, 6.75),false,true
48:(12.75, -22.75, 6.25),(12.63354846032333, -22.308933278607324, 6.045307092973775),(12.90991115468675, -23.032068869189658, 6.630612106534748),(13.556599268912931, -23.607846355017614, 7.1308868008100275),(22.663416819768745, -24.77268707900092, 6.420967694592316),(11.434697793858186, -22.803615479939722, -1.4610257570060172),(-19.303404570418458, -19.51846801686121, -5.533479721845373),(-25.5, -26.5, 12.5),true,true
49:(-26.25, 5.75, 5.25),(-25.787551027857013, 5.865564895677814, 5.099050660647785),(-25.334112814980184, 5.843715146562143, 4.889488317736067),(-23.29912138969805, 6.347499894137629, 9.478058038593389),(-20.880849137061634, 7.856025440028326, 10.414172342257194),(-18.001140137886196, 8.688359521838297, 10.53457191171466),(-20.220769609003778, 10.64088698534342, 15.477850596423863),(-21.072765463219625, 9.24550046133861, 17.993203357573833),(-19.621251339533195, 16.76608512225545, 18.812895667804515),(-22.252691367447802, 17.691736049380967, 17.708951040298025),(-26.25, 19.25, 16.75),true,true
50:(-4.25, 23.25, 14.25),(-4.008635081894501, 22.956184061578156, 13.925322974885477),(-1.861486917558109, 20.604555153605858, 14.338075600940032),(0.12383856292366441, 14.011483992534071, 13.328970220096494),(5.835495674122448, 11.873378948861895, 19.456763310036397),(5.5, 8.5, 15.5),true,true
51:(-1.75, -24.75, 5.75),(-2.323075774221695, -26.92126322391938, 7.739271265930172),(-7.8963193656390605, -26.855098351023187, 11.974194887475182),(-13.525148936433826, -24.11643197130034, 20.68359570716946),(-11.25, -14.25, 15.25),true,true
52:(-19.25, -2.25, 14.25),(-18.075422133740183, -2.5646590922522563, 13.496672724505213),(-14.564428610075444, -3.9514008131108858, 11.95584219407655),(-13.208138069377984, -3.632988886232101, 12.882198163468166),(-7.929296021620855, -6.314798323610386, 19.75045208099459),(-13.00202880239226, -16.908910911238703, 18.047457610337844),(-26.25, -22.75, 14.75),false,true
53:(-8.75, 26.75, 13.25),(-8.856192614660493, 26.407625053034156, 12.901427877933845),(-12.845854530781358, 27.301344417421916, 6.784787886028493),(-18.84601407576401, 21.295771919100545, 9.700407578201114),(-18.25464398448507, 17.47438994683526, 12.619448303923184),(-15.25, 16.75, 9.75),true,true
54:(-24.75, 8.25, 16.75),(-24.31306882417399, 8.471819886914, 16.84943382402764),(-18.19400705793725, 10.728693769041197, 14.401266045404547),(-18.00577336888684, 15.812081313348903, 12.324346736400546),(-19.953480550534724, 25.55699473051307, -1.846799831350142),(-15.983071334133626, 9.514171785243835, -13.34520561885502),(-13.936782870125487, -14.60996669505528, -9.081628548060289),(-16.30081721585773, -15.682056989055402, -4.463375630861304),(-18.75, -27.25, 9.75),true,true
55:(-24.25, 4.75, 11.75),(-23.804440428489787, 4.5730215135114625, 11.891969304977735),(-23.68482242110818, 2.7294507788369966, 12.446504975273662),(-26.5, -9.249831533294214, 16.585981046756217),(-22.733936392077993, -22.495758638797668, 13.828784210944907),(-8.25, -27.25, 12.75),true,true
56:(-25.0, 13.0, 13.0),(-20.69280380587307, 20.828290872362075, 18.550199819476937),(-18.0, 26.0, 6.0),true,true
57:(7.25, -4.25, 14.25),(6.831854257859316, -4.01150301214934, 14.385178863420945),(4.936396941733813, -1.3587935613333215, 14.043266248041519),(2.6350228181337036, -2.1767782632834742, 15.78527031537298),(-0.32766434573714154, -1.914192056110279, 16.177103510543226),(-10.615443529317911, -4.484698892942893, 9.11491591868716),(-9.095657763824835, -10.831285370770294, 12.59582182860004),(-10.377090997139472, -13.373709193209503, 12.322727590420072),(-15.248203356675514, -15.018316278636057, 17.07325723619011),(-26.25, -22.75, 7.75),true,true
58:(-25.25, 3.75, 14.25),(-24.99761375822735, 4.097987821596597, 13.994646008481693),(-24.434063819194307, 3.971100541628335, 13.327958869221309),(-21.88225303139781, 5.791272229662579, 10.708106864495754),(-22.54063218626739, 8.887262820501004, 9.42373400770766),(-26.5, 14.139939422609597, 5.23144800341864),(-14.973473947580109, 19.23959519889413, 15.67255193112863),(4.934709779050376, 22.720723419906257, 25.685816005824787),(4.75, 16.75, 15.75),false,true
59:(2.25, 25.25, 16.75),(1.9883797872605407, 24.833574345514847, 16.840247097309394),(2.764042852693989, 24.5524006689431, 17.12807820817761),(19.005200317228294, 26.041641850195184, 16.59519108375037),(28.5, 10.5, 8.5),true,true
60:(-10.25, 20.75, 15.75),(-9.786137004184432, 21.297477748139386, 18.662919366615775),(-3.6111893976263882, 19.879870927670297, 21.639563947149803),(8.5, 14.5, 16.5),true,true
61:(-4.25, 27.75, 16.75),(-3.896475634029774, 27.474543430960672, 16.52831508567692),(-2.9415653180101486, 27.16893018033852, 15.86384906448758),(-1.1920635423065606, 18.213857850728782, 16.818460483433014),(-2.2174015501186344, 16.388233213763318, 10.843145878988812),(-2.972393445532228, 13.493501594285505, 11.067903724358338),(-8.5, 8.5, 11.5),true,true
62:(-21.25, -27.25, 10.75),(-19.588127677026687, -25.172929220928815, 9.260434097294972),(-14.910191135038584, -23.98629528482, -0.026520611843167258),(-3.8693884354498693, -22.186693244743207, -0.17835311799644782),(7.2422243890423355, -19.16052958790678, 1.122464115044436),(18.16053594362074, -21.954258681361363, 2.3249309754116254),(24.193710065072295, -19.32992662571242, 8.748112569762599),(16.25, -20.75, 11.25),true,true
63:(5.75, -2.25, 10.25),(6.221242000406984, -2.2655896838790515, 10.41639693148906),(6.539156316158364, -2.621898748234962, 10.564634371085635),(4.04341675458818, -9.02487437155122, 5.987247857954267),(5.55277537788627, -13.750516875434789, 6.261239397144862),(0.19848609262184952, -13.970444261374816, 5.625677474856726),(-1.6663699919136117, -14.981925498104866, 4.901285121938061),(10.292518281975038, -19.178282088672375, -7.093944248921258),(17.218141040133027, -25.523016230252374, -0.8268140214860162),(17.75, -27.25, 13.75),false,true
64:(-7.75, 20.25, 15.75),(-7.962776285138912, 19.79928571367178, 15.7102145179478),(-10.55932013885386, 18.126290376075257, 16.681748043438347),(-26.25, 17.25, 5.25),true,true
65:(22.25, -5.75, 12.25),(21.878385387143542, -5.945039951434716, 11.978224363019995),(21.383541477988388, -6.00630274357277, 11.94112482297575),(20.516766908707673, -6.276044251581649, 11.960330377771095),(16.913557399756414, -6.428101690421306, 11.015130399351904),(16.023679603096717, -6.022326211413212, 11.223610056987447),(8.358129438802619, 1.2117423814415982, 4.922491832435447),(9.343330215706798, 4.0850130830660305, 4.9981237616461165),(7.550078257963361, 7.166968578062389, 8.10974398149611),(6.626806864222549, 11.278955795873289, 14.58960621502),(11.886178425322727, 17.14650839656732, 20.091133227771543),(15.645177316728931, 21.411242213513205, 18.231194333607736),(21.91485548558164, 25.897244902697505, 13.398908431755352),(22.419188772029365, 23.73132726326148, 4.644681809008759),(16.549482767351805, 17.018623384772084, -5.176885264749573),(4.218726978594727, 0.10644357539615013, -12.747818515221173),(0.6015004731806672, -8.1908031550498, -10.355797526142197),(-14.381614654454566, -25.122165313801297, -6.679843909930352),(-7.5, -26.5, 5.5),true,true
66:(-6.75, 13.75, 12.75),(-6.922798404216629, 13.287848753494327, 12.830974914964072),(-7.0237057671751915, 13.19339975245596, 12.350457391554567),(-6.415013295241431, 12.4111615492006, 12.21780420471387),(-5.054330732674614, 11.917917102024969, 11.804049514794542),(5.874965980156566, 16.95299366500045, 18.746589289652892),(14.75, 19.75, 15.75),false,true
67:(25.75, -6.75, 5.25),(25.682075679856073, -7.115875070033093, 5.583948678484082),(25.66870397166579, -7.4457221973098475, 5.959477732017023),(26.496512679103226, -10.310108124131514, 5.627776049602317),(26.0, -22.0, 14.0),true,true
68:(-4.25, -24.75, 12.25),(-4.644492255062823, -24.4837659951997, 12.403281816871546),(-3.010063540931114, -24.575188168291653, 12.328075964716698),(-2.5528960454537373, -23.876748264216587, 10.119902980654695),(-2.2825205865177347, -23.76310825427071, 9.714954762551878),(-1.4985613348606626, -27.5, 9.721368896116076),(-5.811336781860483, -27.5, 18.35799366016089),(-18.019973077943764, -22.120777599283063, 17.86516352290085),(-26.25, -14.75, 10.25),false,true
69:(-23.25, -2.25, 9.25),(-21.33539124264199, 0.979904272174867, 10.92030561786039),(-26.5, 3.279249755295883, 13.09968826756694),(-25.56730875613857, 13.916270079643168, 19.80505878390146),(-7.208089281319548, 22.096165661723443, 25.017991574751505),(-0.7978627877654827, 18.49342654304559, 23.772671136423135),(3.5300665018401505, 13.55687212231584, 21.343791041534292),(-1.25, 14.75, 15.25),true,true
70:(3.25, -17.75, 13.25),(2.963265088922051, -17.816405312338652, 12.845805213712094),(1.866553098481802, -18.086376516224313, 11.696660731689832),(1.6642619349790388, -15.694208437385463, 7.1487674488960415),(1.7241435366031563, -15.74588863282067, 6.655063741003636),(2.4264160392904133, -14.797104598875478, 5.841526752477809),(3.7271969418904085, -12.096411785129543, 5.960805288737304),(4.484393127217921, -6.831565734197846, 6.214489930977012),(6.22092359954273, -4.513161702022263, 7.112449646336077),(11.510485019665508, 1.8095041878668234, 5.436640567658483),(10.233098596085568, 4.693528748925303, 5.719468395905874),(4.308580814020728, 9.112883695611343, 8.25167076359471),(5.260341330019413, 10.785587421042383, 5.950320254194841),(4.5, 12.5, 5.5),false,true
71:(-23.25, 6.25, 7.25),(-22.8532108103656, 6.114634289047202, 6.977539978551864),(-22.867998917799415, 6.160311758494929, 5.493112068043738),(-21.659028468256146, -4.588341832690329, 13.412266104939219),(-14.664810779626269, -6.12892392271498, 12.840059084939668),(-7.833574713845159, -6.933228081640685, 12.983503467035902),(-6.555256402806201, -4.244518487449115, 18.870829531296017),(-5.554182012725728, -2.46203936332322, 18.296833237660092),(-3.590846651146046, 7.687378775633214, 20.987232851266814),(-0.9226499959822334, 12.184833163051431, 25.732369966256705),(5.783010825389356, 14.056387819669059, 13.702384641924159),(8.5, 19.5, 14.5),false,true
72:(-3.5, -22.5, 5.5),(-6.03928750872882, -24.383200535892158, 4.349929843836042),(-8.995343598578518, -25.74711555654926, 12.171162119441853),(-25.75, -27.25, 5.75),true,true
73:(-20.75, 13.75, 6.25),(-20.75785394448678, 13.733836450822071, 6.749676950873233),(-23.74830899565332, 13.784555238727485, 6.344599693767286),(-19.385747953428584, 20.191288799882592, 17.612782766864036),(-5.871330361138802, 20.685903598552063, 21.01406817324004),(-1.754559827526076, 19.40755232555124, 22.937743633460244),(-0.75, 14.75, 16.75),true,true
74:(-0.25, -19.75, 12.25),(-0.0003441369970119956, -19.324461263874547, 12.168828982235139),(1.0448302132857574, -19.59454808977644, 8.709868977489574),(-0.6615736968173934, -18.143765928629183, 5.283483801279312),(-0.935460813030911, -17.198070365964902, 5.458543077895361),(-0.9050365965739963, -15.529408309405662, 4.941325047261609),(1.3902066217382403, -14.31921800131863, -1.8078985748235512),(9.786650364050772, -16.875391448380892, -3.9410751604001053),(24.75, -27.25, 10.25),false,true
75:(7.75, -1.75, 6.25),(8.049640476197979, -1.8822984440469486, 5.8722266463518045),(4.440649627249141, -6.8748744583223775, 5.811057727974962),(-1.0273017598873517, -11.701984878829837, 6.592340155630599),(-3.387209593110767, -15.190848069364188, 2.494534968344845),(7.101505813533006, -18.588937233466375, -10.850215123722542),(20.013220584154716, -23.776179015686008, 0.8599117704470558),(28.5, -15.5, 7.5),false,true
76:(-26.25, 5.25, 14.25),(-26.033597589652867, 4.952920059156123, 13.911011053949911),(-19.484107722261978, -3.9154819414368855, 13.689823345349861),(-15.021125849021333, -5.861010766868229, 11.739088413849032),(-16.5, -4.5, 7.5),true,true
77:(-17.75, 7.75, 13.25),(-17.351385254376464, 7.8337696171154185, 13.539980923199817),(-18.391384292210102, 11.275914713331758, 12.703243109484871),(-19.42605081412722, 18.996956353226018, 7.586075059647606),(-22.533346220382086, 19.984223350785037, 6.520395985765811),(-22.37224017137514, 11.924784038862414, -4.902827443843797),(-21.99432030967894, -13.116684447609503, -12.377545574213817),(-20.44959679457442, -18.773380563147146, 5.699247052309143),(-19.5, -14.5, 10.5),true,true
78:(20.75, -19.75, 12.25),(20.7711045704305, -19.823937218396033, 11.75594748776795),(19.292713627031812, -19.796025496112424, 9.145663757167787),(18.935058160095608, -22.05057465601606, 6.7130756810143515),(11.75, -27.25, 14.75),true,true
79:(0.25, -26.75, 7.25),(0.10709499956460439, -26.272690625126668, 7.208120153909212),(-5.112626375205612, -20.98444258756819, 5.943789237456728),(-4.992007913826303, -16.810450608227512, 8.203415080542735),(-9.882483637411019, -16.007037729213373, 8.630732003948282),(-10.726971495489554, -15.487448019617984, 8.50085979275394),(-17.27362127611755, -15.465832484097506, 10.978945630336565),(-12.785371094549811, -16.686977809330752, 20.666884480579522),(-11.75, -12.25, 16.75),false,true
80:(-1.75, -14.25, 8.75),(-1.8919805849806604, -13.771232421038098, 8.725037651883115),(-1.4815892569739721, -15.375134458014722, 5.2193387844037415),(1.0512827408526702, -14.019309472796678, -1.037744454506415),(14.439772008703368, -22.9758601628356, -1.2920054461580215),(12.25, -27.25, 8.75),false,true
81:(21.25, -27.25, 5.75),(19.501399151659058, -23.699005869399993, 5.237827011640956),(28.5, -10.5, 7.5),true,true
82:(-5.75, -0.75, 9.75),(-5.904245422488395, -0.9108743874065801, 9.302420084099014),(-13.864992378071392, -6.731755383334105, 14.375022469994667),(-12.496919642658865, -9.334708381053751, 14.969171173841769),(-11.880460385337035, -14.66376522039738, 17.559182846142445),(-18.08940373012619, -15.457153830368833, 13.346558745404636),(-10.5, -22.5, 5.5),true,true
83:(19.75, 21.25, 10.25),(19.929539868500644, 21.43953324211786, 10.676430047898906),(16.14982296888505, 27.258184988564864, 14.847942331965841),(5.992613440003067, 21.348850459143193, 18.292328024290068),(-2.25, 22.25, 15.75),true,true
84:(21.75, -7.25, 6.25),(21.808827057960784, -6.788784196377023, 6.433900407123231),(17.385615223735225, -6.919224307781306, 10.924379241846832),(11.49310168858207, -2.6845174681927513, 10.824979340838622),(9.674370122483609, -4.4475393097375076, 12.432452350476161),(6.58471576190592, -4.104496309385501, 7.78886423736259),(1.273843975496792, -11.269163872087663, 7.025498498038373),(-1.2309770712521897, -13.215943327206366, 7.403275819845062),(-3.4796473238050236, -14.217131638414243, 2.256656319487032),(12.555982132579436, -15.96208616115495, -7.754554702163209),(19.096189835010176, -24.156230859643482, 0.386774468866218),(10.25, -27.25, 16.75),false,true
85:(-7.75, 14.25, 13.25),(-7.381328080646012, 14.158144784984094, 12.9249713314887),(-6.751615981832782, 13.248518276584946, 12.585613413710547),(-6.98275289972702, 12.385235795813927, 12.13692746164587),(-5.7997998981574375, 12.471620349507367, 10.656839104211825),(1.045077521181945, 15.85948120514677, 17.303587960064114),(1.4026817398397773, 16.205428894894744, 17.25419748774242),(-5.160853453342912, 21.496637753909493, 17.732249758284972),(-18.223137240025252, 21.891799341119786, 18.526259143273748),(-19.5, 13.5, 12.5),true,true
86:(-13.75, -15.25, 13.25),(-26.25, -21.75, 5.25),true,true
87:(18.25, -11.25, 9.25),(18.398839924516878, -11.229113990741482, 8.773124280879113),(18.01497899674192, -8.38716019297865, 10.001318540340753),(17.71718167959247, -8.090826401230592, 9.730204096301323),(17.173304943063727, -7.281274014740231, 9.951163434168278),(19.422640292256037, -7.465887924677942, 12.562536070853994),(9.615124394900336, -3.607228894147176, 10.307949639055726),(6.687131988070773, -9.234789109074612, 5.811306394478198),(-0.8663429915941558, -12.4040139399421, 6.088745985529531),(-2.394989096625152, -13.710750845725613, 4.034185557858062),(-8.30459018782068, -16.523539840633838, 0.07927075400803751),(-9.36817722373883, -22.90301728685107, -0.4703379991347154),(-13.08882083107731, -24.63569754014065, 2.085518645020647),(-18.685241605963817, -19.7803129573452, 14.155251190056454),(-10.75, -15.25, 16.75),false,true
88:(-23.25, 6.25, 16.75),(-22.9104351901407, 6.414212702616768, 16.421777623851582),(-18.200836588938994, 15.461205349149395, 18.936155656153254),(-19.93146385397781, 19.084264489829927, 11.10186707886928),(-17.25, 16.75, 7.75),true,true
89:(-10.75, -21.25, 15.25),(-11.125460789273227, -21.111273004320214, 14.950360188913447),(-16.018729578248568, -24.69781967535244, -0.7100241042270006),(-6.339214377367888, -19.53991103047437, -1.0916403319537609),(13.265656956346898, -25.64539929834896, 1.8422105948727128),(11.5, -26.5, 5.5),true,true
90:(9.25, -27.25, 9.75),(5.701657659924598, -26.18017777047332, 9.480760655004383),(0.01163408213852357, -20.330881065486647, 6.291031508452652),(-4.5, -19.5, 7.5),false,true
91:(-19.75, 9.75, 14.75),(-19.423898835936928, 9.933660231435326, 14.418447665992485),(-18.97028047390532, 9.994082462336483, 14.217004037052057),(-20.621147865863087, 20.219003660939414, 14.275022640236346),(-21.373452635008498, 18.585487414242294, 8.626187345439602),(-24.335688926907718, 10.12665977057123, -9.769438451658282),(-25.938757270972737, -11.91970057922249, -16.757393892410754),(-19.433392195930708, -23.165691550473515, -7.721366216452071),(-26.25, -18.25, 16.75),true,true
92:(-0.75, -21.25, 6.75),(-0.5729895991286663, -21.176949515202416, 7.211877629523457),(-1.3227227189391777, -15.088102340435809, 4.627616654732572),(-0.304736165112764, -13.998690046356055, 2.024371712408375),(-20.01821157041944, -19.95421045577207, -1.7269484930465975),(-21.222270495342975, -18.40147573288928, 5.417793557624091),(-12.75, -27.25, 10.25),false,true
93:(19.25, 3.75, 12.75),(19.453648453435648, 4.1976968037358295, 12.83997154738022),(21.10655561614662, 5.322919265580957, 15.558626602971167),(20.87582826863338, 6.203828818008512, 6.408729649294888),(19.372868335658534, 13.582475474345063, 5.732009074810433),(26.098984226393693, 15.911546106228773, 7.6472146078943375),(23.96892340664075, 18.896440886733245, 12.376174584942602),(13.500521591504505, 26.87894164145394, 19.666205749018882),(-11.096457443440007, 21.345258108268304, 20.11471047036438),(-11.5, 16.5, 15.5),false,true
94:(-12.25, 11.75, 11.75),(-11.754161939372997, 11.686823307204849, 11.76238237138512),(-11.84683440044198, 10.752463558030044, 12.106451658130412),(-11.470034174495144, 9.96224735253046, 7.989893404162821),(-11.789704197160326, 9.226588829518612, 7.392718711020799),(-12.045813559744872, 8.286756028352993, 7.166616300043548),(-10.654808762772152, 7.955760185163347, 6.096762518116843),(-9.73436290637013, 8.346485196550416, 6.107411034864377),(5.458543831965963, 16.72644877011802, 20.567932475791018),(5.929060136181365, 15.338370407122717, 20.322574589853737),(16.25, 19.25, 16.75),false,true
95:(-12.75, 23.75, 16.25),(-12.883729129905472, 23.6227408176863, 15.785326329203414),(-16.776317269278277, 23.200384735361883, 13.329148449794426),(-17.964531823118488, 22.482984783987764, 1.4270714033942542),(-16.401733898796945, 21.03638098671258, -0.6859832815217057),(-15.312283599464854, 6.460985653584277, -6.630139052450188),(-19.935641822769952, -20.43124728146085, 1.089123908585146),(-26.25, -9.25, 13.25),true,true
96:(3.25, -18.75, 15.25),(2.7645281088756994, -18.630385760766035, 15.24692157496841),(2.5039682596642616, -17.889050177606926, 14.578314121463302),(1.3971749427678426, -16.302284163036077, 8.506335948643136),(-1.2922757746082847, -15.637577634173661, 7.355240787810326),(-2.4600814336741914, -13.824946675817865, 5.26943184366808),(-1.411163595260771, -14.274280128898933, 2.494928137381069),(-21.220673951873188, -20.46627800277537, -2.23596513229868),(-26.25, -24.25, 5.75),false,true
97:(25.75, -9.75, 10.25),(25.286020401763217, -9.86192099439398, 10.101014687187309),(26.690723852573605, -13.870918322956289, 14.439581978705657),(22.5, -26.5, 10.5),true,true
98:(12.75, -0.25, 8.25),(12.525991225165075, -0.5881294769699958, 7.957615791122446),(8.071842837597693, -2.498561920109456, 6.312336557282659),(4.488573409871776, -5.98627516883633, 5.322855680697881),(1.9388596910100704, -10.555365062618478, 6.318986576462394),(-0.4151691978197636, -10.946609162019179, 6.843038054744616),(-2.568887475321632, -14.12186649914177, 4.311410153484088),(-2.478545414454273, -14.202398914125222, -2.687543542760457),(-20.27617580432369, -19.99836144376345, 1.2617728172505562),(-20.01461366499415, -18.254098181199474, 8.810386931703015),(-11.5, -23.5, 14.5),false,true
99:(-2.75, -14.25, 13.25),(-3.189273244361051, -14.487795965949363, 13.227816777359331),(-3.33460875924329, -14.01520627609068, 12.472263088640902),(-5.948559624330004, -12.572157239970045, 12.180937919347684),(-9.549459048004643, -12.360856715127118, 13.453931143588754),(-18.917389009445905, -18.976022318958723, 16.199564813473344),(-22.25, -27.25, 7.75),true,true
100:(-15.25, 16.75, 9.25),(-14.803147109178841, 16.734525398778914, 9.473792382984367),(-13.18003725513234, 17.57410108633301, 12.880208864536623),(-17.378707559399665, 21.31017567482294, 17.053087288994195),(-17.051564715498085, 23.341855381036765, -0.7690394922935049),(-3.528195042147295, 23.68683647709991, -4.346197452175561),(26.785505401250578, 16.644783954186497, 0.1603672373520757),(24.5, 17.5, 5.5),true,true
101:(22.75, 18.25, 7.75),(22.77422087199288, 18.411418117284146, 7.277392826152262),(22.9599206991068, 18.91805939147237, 13.561841714521128),(21.825996916525057, 21.182364949914316, 15.170299731786239),(10.17206778438943, 24.747970420427638, 19.77334224582503),(0.5, 21.5, 16.5),true,true
102:(-25.75, 0.75, 12.75),(-25.678196883429806, 1.0961837721715435, 12.396445041986556),(-25.758869008905982, -0.13821211808511202, 13.209347987878237),(-19.10812864932935, -5.602840381849362, 15.784894846936194),(-17.380724374991818, -9.205984891977414, 17.76482289255323),(-17.874582298586137, -16.13137233561318, 18.656514042467382),(-15.609783164828476, -17.71348537243256, 19.825959732722687),(-16.75, -27.25, 14.75),false,true
103:(-26.25, -24.75, 11.75),(-24.051973742016937, -22.854627024444746, 11.409385975609215),(-4.75, -27.25, 10.75),true,true
104:(-11.5, -14.5, 14.5),(-14.45062616705546, -15.730167116280818, 12.408041708037933),(-15.910885474544319, -23.601899360716953, 9.975426788234149),(-12.368801473459905, -24.751711577855986, 2.5852980204882745),(-9.541762981111807, -24.17151832600736, -1.2861041447705621),(20.655198121213132, -22.80691517961604, -2.9888449644605943),(22.25, -27.25, 12.75),true,true
105:(1.75, -25.75, 11.25),(2.2191668260101465, -25.748369060171775, 11.422857830042036),(2.766000412287515, -25.180645689365083, 10.969516363751149),(0.4536956931240338, -19.73038751342204, 5.834195588149596),(-3.6055784267242785, -20.082637204315407, 5.663001822383025),(-4.230773747688974, -19.318815277404603, 5.8233354577005025),(-4.689491759798818, -26.23856188573073, 6.043521470585263),(-22.75, -27.25, 14.75),false,true
106:(5.75, 25.75, 16.25),(5.819132169325685, 25.27652730945557, 16.104933275790266),(9.700882739055448, 25.444136022092476, 16.03921490440981),(14.308828042061638, 25.98726516506575, 10.797855269872574),(14.596517656521357, 25.2125174211435, -3.887916001302589),(-0.8200092790136821, 20.81345872138965, -18.102921924881795),(-16.63180890076689, 18.028987140222796, -17.439188575805932),(-21.629811432861437, 17.42802380145011, 2.4369479928098023),(-26.25, 18.25, 13.75),true,true
107:(-22.25, -4.25, 11.75),(-22.274265207293684, -3.822920845417915, 12.008871774120792),(-21.342439764544714, -4.8671514549919355, 16.84022769303099),(-24.453221620066692, -6.608855843883407, 23.339902581503424),(-23.369646780570633, -13.05198879310674, 15.013520696543424),(-17.75163724452753, -16.427704544548142, 16.35821356955165),(-26.25, -26.25, 16.75),false,true
108:(19.75, -10.25, 9.75),(19.50078309563868, -10.053864603564858, 9.363448786257512),(18.080290894859242, -8.884537797327667, 9.784015565884523),(17.49314828577553, -8.155047725892715, 9.433148365542005),(16.72398526583917, -7.414956639058531, 9.045791515009231),(14.673539195973019, -5.083330339773545, 9.636934412727733),(12.135152215745123, -4.981152080848936, 11.232600775728672),(12.706226410082511, 2.2479271727656274, 5.458522301516218),(9.000032413505552, 5.269268181907515, 6.436407157725309),(3.431664784379821, 10.591529116819057, 9.834625749116004),(7.0, 15.0, 13.0),true,true
109:(26.25, -6.75, 14.25),(25.957971551147843, -6.90973081479971, 13.876897531682753),(25.687203414968227, -7.265825630238978, 12.982536810917864),(25.266513822775845, -8.25246551873989, 10.180829831692535),(22.64797839452843, -7.262738024343751, 9.102075133974164),(20.944781833947555, -6.533520726922043, 6.2162700099066175),(18.90272735910801, -6.600457159773417, 10.073600197653981),(17.12434430448271, -7.282496925506828, 9.615558357434658),(16.4816186362957, -6.788902189480623, 9.029667623576561),(9.5932337699772, -3.828271785074147, 10.568290038751375),(10.40287370323815, 3.562628904167198, 5.410168732984157),(9.944879046260468, 4.342582219418428, 5.836682179675478),(7.274153584466635, 7.376259212381807, 7.977250814505895),(4.814603902120588, 12.529881682602452, 15.993014221290736),(14.25, 20.25, 15.75),true,true
110:(-17.25, -27.25, 9.75),(-3.241292397296445, -26.771348037128142, 1.4494159392202075),(20.91592950418287, -20.50289152758762, 1.4214115201798414),(16.25, -27.25, 13.25),true,true
111:(20.25, -3.75, 12.25),(20.543274862532563, -3.4504036186941165, 11.977544749885553),(19.276838727044296, -1.859983029289249, 12.248581910233781),(19.028371143329718, -6.4879645184738575, 12.355703510484188),(19.391306697979555, -7.302111539115041, 12.808961066352923),(9.996024013130699, -4.037108688919259, 9.511180449457521),(9.540282025114367, -4.231427575746702, 9.443805301360719),(6.71608750019249, -6.159543200382842, 8.126017404249298),(-2.0398686888770987, -12.339798230731912, 5.971029817386649),(-2.25, -12.25, 6.25),false,true
112:(-13.5, 25.5, 10.5),(-18.91303328267323, 22.195457679924733, -0.21057474556182498),(-23.487643093904857, 7.572309856976453, -7.742122422794059),(-24.010991999432072, -4.164299305612403, -9.836648079527375),(-26.30165929830066, -8.28341973165686, -2.528106489595512),(-26.25, -8.75, 10.75),true,true
113:(19.25, 9.25, 9.25),(18.817334536419484, 9.144497342011872, 9.022690110681262),(17.500990230607826, 9.213994180410921, 6.947489480427698),(14.764430791057308, 5.657764338230676, 6.651336670447511),(12.953386521387335, -0.8048237523427682, 10.74647394573956),(8.5, -1.5, 10.5),false,true
114:(5.75, -27.25, 5.75),(5.5172261845745885, -26.844697074219777, 5.927611624637259),(2.0242213757935095, -23.067524874142908, 6.690178994196982),(-2.317777806236678, -13.612446853123307, 5.743896314108894),(-1.8210939459785658, -15.633351338918136, -1.916094265123277),(-17.065669913947392, -20.254781879346012, -1.7231684088638528),(-20.2391600311639, -19.41808336833545, 5.428296500575796),(-15.75, -16.75, 8.75),false,true
115:(6.75, -27.25, 8.75),(16.688978818308303, -24.3826006196101, 0.8928499924710147),(17.99518533117383, -22.901655092514645, -5.822849888518579),(4.655160974386957, -15.297571461116638, -19.940788112683787),(-19.59185378056199, -12.647131159090385, -13.492133036372195),(-24.92904039603398, -11.057423336110652, -9.250993087115193),(-24.5, -9.5, 8.5),true,true
116:(21.25, 7.75, 5.75),(20.9550976323465, 7.988934290917983, 6.075488860294605),(19.903542150663036, 12.317470799832348, 5.975869567314771),(22.47196022397166, 15.68212859105124, 5.923904571328302),(26.376279082244917, 20.476706913853246, 9.595213714784196),(24.010590214030774, 18.310850946676094, -0.3786692307567483),(25.121655305229616, 11.761928155329718, -5.003537065084036),(24.649396416132674, 5.925347656865705, -9.50488546759912),(23.250047482538797, -6.399298166687459, -9.64135066802823),(22.138262935006797, -14.164385957083233, -10.11086876055109),(18.415074436612933, -24.09925726975348, -6.874582617061793),(8.443985526780999, -27.312402855605498, 7.048494576426809),(10.25, -27.25, 15.75),true,true
117:(-10.25, 16.75, 15.25),(-10.395515104060205, 16.556048881779624, 14.812726266245715),(-9.943458362282813, 25.98588640336116, 25.989002967238488),(2.480335253500899, 15.019235377005186, 17.18367176666944),(4.444194299805522, 13.078829577493684, 18.35758955743233),(5.5, 7.5, 9.5),false,true
118:(-23.25, 2.25, 10.75),(-23.401564410343898, 3.096508209783908, 11.260345060018757),(-21.613906270662877, 6.371053245764902, 14.948013573888469),(-22.033833797883595, 9.076603675207064, 16.174250804455056),(-19.09757246613171, 12.768813228148135, 17.53902915765998),(-19.790592381695085, 15.633163735377483, 16.97758497667),(-26.25, 27.75, 5.75),true,true
119:(16.75, -19.75, 8.75),(16.26911068061563, -19.85380654050063, 8.839272978281937),(23.39477448749953, -19.707548574238402, 10.951174660658754),(22.25, -27.25, 14.75),true,true
120:(-23.75, 9.75, 15.25),(-23.492927071873886, 9.33658866028931, 15.135962401712073),(-22.78012094787092, 8.712622255110286, 14.987554496231441),(-18.057462878951274, 12.798472633373844, 14.015750399327553),(-17.93399681746764, 13.058945726136372, 13.607204319174476),(-19.097112640969517, 16.377951015584898, 11.325157076698641),(-21.883082300503474, 18.07970392556323, -1.3665265407275857),(-17.50743376682334, 12.257810874026944, -5.212285866913326),(-10.799117279761717, -6.834049447914563, -4.479540641560813),(-10.028514784747351, -22.007374706403287, -1.1753806459367357),(-22.75, -27.25, 8.75),true,true
121:(-8.75, 21.75, 9.25),(-8.792231461711243, 21.77201618967488, 9.747726622789992),(-9.351666873517358, 21.16457782073119, 10.311686415640823),(-16.5107556785391, 19.097807418746072, 15.3079544337552),(-26.25, 13.25, 6.25),true,true
122:(-26.25, 22.25, 14.25),(-22.168887837537728, 19.40537367193702, 18.50716759313653),(-1.0852050928128238, 21.86469227535729, 20.52910121853368),(9.5, 14.5, 16.5),true,true
123:(0.75, -8.25, 12.25),(0.8971804454535676, -7.853512044984444, 11.983288136739905),(0.3109134486313579, -6.567056287647874, 12.170503542988978),(3.1668699395300477, -1.3607624135350367, 16.643322159793293),(-7.592731710131117, -6.5682354443332995, 15.69636323318561),(-9.093949095584694, -9.856859226852592, 15.131657072047012),(-16.57911562351536, -21.223542728659893, 16.877054062902573),(-15.708753347633959, -22.89690090840576, 2.0848523079155594),(-10.57125665515694, -23.646261764802112, -0.1385669053430575),(13.596385485295269, -22.891955375979013, -8.829037293546715),(23.909477733559843, -23.48401136075491, -5.663316939057105),(22.5, -26.5, 13.5),false,true
124:(-7.5, 27.5, 7.5),(-15.614086864173617, 25.87270886765888, 12.443677960659805),(-19.422165777417284, 20.007032681580604, 12.747615241333202),(-17.75, 16.25, 10.25),true,true
125:(11.5, 27.5, 13.5),(12.755607350627603, 26.932106933056623, 13.40926245895553),(-1.8504200078368216, 24.879457888594132, 25.942884554107987),(-17.89832860326895, 17.29861258715814, 10.556163845057041),(-18.296858216128697, 17.454377314618615, 9.65233228035429),(-18.46734978040166, 16.695004891210356, 9.024410191971642),(-16.75, 17.75, 7.25),true,true
126:(28.75, 5.75, 14.25),(28.7529845910627, 5.279108385431239, 14.418083846770038),(28.991409526028296, 6.725210951479479, -1.4878328942087424),(28.248758985229646, 3.8327911982177345, -1.2008169622594123),(24.240970413233114, -10.658375071997598, -12.692446007044596),(20.689037038812025, -17.467407446201427, -12.36591962495256),(20.605744204192334, -21.174503355780292, 7.208477863090207),(22.75, -27.25, 15.75),true,true
127:(-10.25, 9.25, 7.25),(-9.899456846793923, 9.48729864458859, 6.983900674527802),(1.4010957546156848, 15.295972249244437, 19.295424552704848),(-2.9738299066241063, 20.606585511869362, 20.58282978551145),(-18.92232818306601, 21.978285866197602, 19.875237134813435),(-26.25, 15.75, 8.75),true,true
128:(1.25, 0.25, 7.75),(1.3324216664768438, 0.6574888678842854, 8.027775973485042),(2.07659040479888, 1.0356166204033448, 7.477110656183259),(1.8226361039282475, 1.9186480121505767, 7.082442727085575),(1.4201414796136975, 2.638550247088272, 7.647897278335806),(0.4879934172572613, 2.7410174570989825, 7.995173048751426),(5.542854793917279, -2.5709672882812526, 13.32053021264749),(3.1538048864018693, -3.281355817677091, 14.990197447968178),(0.5166210090877379, -3.517267136723081, 16.40073176048255),(-9.904311825834947, -7.4731982385192985, 15.67527623134839),(-8.689666472433561, -11.75168138666112, 13.319672976566324),(-11.36605328368878, -14.318327508734669, 13.46243875809222),(-26.25, -20.25, 10.75),false,true
129:(5.75, 26.25, 12.25),(5.9169717237767925, 25.78234853203546, 12.308502546693427),(6.705806640673049, 25.87525842514536, 12.916044500510267),(8.21218366468225, 24.631629779967138, 15.192931861454888),(-7.077314309180948, 22.739332906271457, 22.9055953775625),(-16.51087835957514, 26.886841180469556, 17.107897756482352),(-15.0, 25.0, 11.0),true,true
130:(-7.75, -23.25, 9.25),(-7.339645771968374, -23.05355418654253, 9.457408895449547),(-6.57457222811881, -23.138111426032296, 8.819041802194153),(-7.273152218902125, -22.96784302411749, 5.906483705299507),(-13.773217027013507, -26.299635700879808, 3.9929434320130746),(-3.4304668212525726, -25.89531549076288, 0.1867679832466812),(19.80846960495349, -22.560688337345876, 2.00258556705356),(17.0, -25.0, 11.0),false,true
131:(20.25, -9.75, 10.75),(19.82471304409269, -9.840857171815626, 10.503269419275279),(19.77563195061242, -10.043119395068384, 10.048647555186415),(21.303306685361616, -9.291644450078119, 10.265597362274741),(21.768931199150025, -7.768123962079193, 9.091401439627889),(21.838080013533673, -6.7770995267413445, 8.97699422817409),(27.104341372790817, -12.275039857033336, 7.360250766691609),(24.25, -27.25, 15.25),false,true
132:(7.25, 24.75, 15.25),(-1.7193012558756986, 23.50422559850551, 21.773726843854064),(-12.748508663004142, 24.89591808276461, 21.936615818132843),(-7.5, 27.5, 16.5),true,true
133:(9.75, 6.25, 16.25),(9.641246458817246, 5.9064552996283695, 15.903373823656121),(8.655454564943017, 5.841754946714191, 16.058384166229256),(-4.946835769196863, 22.365081567595315, 15.260868601110667),(-16.77981062447753, 21.77596223862931, 16.72293085221992),(-19.99154990279694, 23.560789249484017, 1.9133426903260842),(-17.189492724111062, 1.7098533745516562, -11.443739070722575),(5.1470012649353505, -12.971735988472767, -7.015298054276402),(12.141105491871054, -16.126583167056655, -7.3412296574819935),(18.75, -27.25, 6.25),false,true
134:(-20.75, -2.25, 15.75),(-26.495197289622777, 5.629358345729424, 24.104618505812873),(-22.49168470634803, 17.328868827879745, 19.72794704485752),(-26.25, 17.75, 15.25),true,true
135:(24.75, -13.25, 10.75),(24.306765516570174, -13.056661476800254, 10.87713539297),(29.0, -18.704081059027395, 11.588213495944546),(26.25, -27.25, 10.25),true,true
136:(-7.75, 26.75, 11.25),(-7.330571675856875, 26.76210311325205, 11.521906961213018),(-9.092406723130667, 27.69611995798268, 8.73946196706753),(-19.862309461784424, 22.42067927042421, 9.570931171864235),(-26.25, 12.75, 6.75),true,true
137:(-24.25, -8.25, 14.75),(-24.452303541612906, -8.232065581764099, 15.206893459893458),(-24.817967851995782, -7.4187194162788845, 18.071288269831975),(-23.879669010358853, -15.166269261526056, 13.736059932648265),(-17.228333705223797, -20.89498209345806, -2.0474910258126053),(-12.029950520085219, -11.57563840835575, -6.3480351226585165),(-6.171717605400775, 1.660401120758439, -8.614567392665432),(-13.13177455941715, 11.000581960208823, -9.78903133391466),(-19.168771227451657, 24.4643930614131, -3.3197638937781884),(-26.25, 22.75, 12.75),true,true
138:(21.25, -13.25, 13.25),(21.517211960840882, -13.398184719460234, 12.854223476059959),(28.220849435886834, -13.854679062551673, 9.281832333398473),(24.514633781610907, -20.450563269098634, 7.980177600548378),(12.75, -27.25, 11.25),true,true
139:(-12.75, 15.75, 11.75),(-12.915637339399627, 15.784497163853013, 11.279495783777966),(-15.784978951255747, 17.158342801255824, 11.872210451499367),(-20.470067560598775, 12.416537757284777, 21.53538530581917),(-23.21866838344377, 7.994781103473629, 20.105222572923473),(-26.25, -1.25, 13.75),true,true
140:(-19.25, 1.25, 7.75),(-18.791299571225984, 1.0540810775232348, 7.715219366623421),(-19.40356112665244, 1.0302078783315478, 8.172031282766708),(-19.75525384942276, -2.5379002315745685, 6.63379805167869),(-20.055084722185143, 2.005563552842926, 10.933226370525375),(-20.25, -3.25, 16.75),true,true
141:(28.75, 5.25, 9.75),(28.757527638494384, 5.131290174603598, 10.235645253259056),(28.948259335472887, 9.358184932376828, 4.085769266944552),(23.555560878572802, 6.698707563181719, 0.7952796032219247),(23.533226880115386, -22.2377500476327, 0.5571079795602367),(24.75, -27.25, 15.75),true,true
142:(-24.5, -26.5, 6.5),(-21.904010072877735, -23.604610023299635, 8.475219192690885),(-16.718718468125235, -14.925483563415781, 13.700452402043119),(-8.5, -11.5, 11.5),true,true
143:(11.75, 24.75, 13.75),(11.655746077672436, 24.766778708772065, 13.259250906207855),(12.120999218890026, 25.301367917044697, 14.497230218631971),(12.644357722844378, 27.363061084856646, 6.345300207578382),(8.949559710023458, 26.391782520047517, 0.47971536086472266),(3.4291472257146927, 26.225914878419978, -4.3460664736329475),(-21.291202170489463, 18.30492200932841, -6.871343084920724),(-26.25, 22.25, 7.25),true,true
144:(-7.5, 27.5, 9.5),(-15.038002130655064, 24.36899392189764, 12.848143933765238),(-10.665374520298343, 21.698391189258686, 17.98463894020361),(3.0972366135948106, 22.176761747623384, 15.46660878093865),(10.5, 19.5, 16.5),true,true
145:(10.25, -24.75, 7.75),(10.066160859614637, -24.381359520843297, 7.466614454162732),(10.050609894470417, -23.86651687951741, 6.664746956543708),(13.773784452269759, -22.999007946805456, 7.0790707962387245),(16.639921772698028, -23.793050308384256, 6.685683469972833),(21.81607157477832, -24.03480731023814, 1.9794082146909275),(-7.848746488828228, -17.188941307460787, -2.975008810259017),(-20.335848004246326, -17.734507078024738, -6.411264407975368),(-20.258489058090273, -19.23089625961348, 3.197199411869452),(-13.093897265568781, -22.649034672582612, 14.319517572840143),(-10.5, -26.5, 7.5),true,true
146:(-6.25, -1.75, 16.75),(-6.145430000156158, -1.771720949405813, 16.261539852711024),(-5.27892057811579, -1.8645382070266248, 14.869311079136429),(-9.660997404074697, -9.525311812658952, 13.781347581581333),(-9.37914140800769, -15.713883760052685, 17.040509199146868),(-22.5, -26.5, 16.5),true,true
147:(13.25, 18.75, 16.25),(10.592934284440743, 18.966664892725312, 15.964677698155034),(-2.5095355840858007, 21.9709228301947, 19.164395684905955),(-14.277548520464457, 25.50428351428511, 20.043919071908597),(-13.5, 25.5, 9.5),true,true
148:(23.75, -11.75, 14.75),(23.864923577258182, -11.800826844189112, 14.266048346113005),(25.326222281657166, -13.960769434221035, 10.962519947332403),(24.88814125146997, -16.485918982061147, 6.6553142016486735),(22.528160595155814, -16.36664497143684, -1.4550001557112249),(11.618117395720779, -16.43250546618632, -3.3062165614328354),(1.4336734024550932, -13.355008557935218, -3.539476110318482),(-4.980337407479163, -13.815217183767572, -6.329234342538315),(-16.622575592609007, -17.047570223331142, -11.93167153150611),(-20.42660213792399, -18.082394188251513, 2.5915149765579044),(-18.5088791866154, -18.39139706734245, 8.223705312279591),(-12.25, -12.75, 13.25),true,true
149:(28.5, -4.5, 7.5),(25.359543876576215, -3.899627707053986, 7.66756957603593),(25.958209315625155, -12.718924410859463, 5.315515749199075),(26.122423160879396, -15.564601782760574, 0.6396486975000393),(22.32103031482722, -3.2156977893989467, -7.37540966915696),(22.942065837663716, 16.86863743620191, -4.198470460658056),(25.366934662088447, 25.810170891554648, 9.196430667146975),(10.5, 27.5, 13.5),true,true
150:(-7.25, -16.25, 9.75),(-7.1814661853070305, -16.192591184614816, 9.258057580442895),(-6.559318559393778, -16.69449582929876, 6.871571137092043),(-3.6173667728003647, -22.987946674939423, 6.0128534076461895),(-4.25, -27.25, 6.75),false,true
151:(-25.5, -5.5, 15.5),(-25.307847918746173, -6.906694974082404, 15.533485565850897),(-21.93432369784046, -11.17258256401897, 17.580284186484164),(-21.578867514825397, -12.751157068856292, 17.13910717714989),(-17.04472920996855, -14.575048585169617, 14.365672357950857),(-9.89979770446152, -13.492016188140477, 12.036116205851805),(-11.75, -12.75, 11.75),true,true
152:(7.75, 19.75, 16.75),(6.46399140760073, 12.956081373484153, 12.88758805732445),(8.07921333183236, 5.703828918312286, 8.390757115292294),(9.360934954987256, 5.332246664912345, 5.703915789553946),(8.332070939199442, 2.6471537833432555, 4.848512344176284),(8.769904450053948, 1.7485023253679415, 4.821542474846619),(10.5, -5.5, 6.5),true,true
153:(-26.25, 13.25, 12.25),(-22.22273768707767, 14.98987563079645, 0.134790749389871),(-16.720056121404472, 12.592135963546742, -3.385441028432854),(-13.336905968029239, -11.186189734451114, -8.251451872957173),(-16.93877949684163, -23.576003746020593, 3.3967833350009604),(-17.923422490731443, -19.188022868492176, 11.97718557376659),(-12.5, -12.5, 15.5),true,true
154:(-17.75, 14.75, 11.75),(-17.806447677421495, 15.066395712068783, 12.133024037232921),(-2.417990818513866, 24.412633931881203, 20.775631662515064),(10.578832559499036, 16.963460143107092, 19.161504865947126),(6.75, 15.25, 16.75),true,true
155:(-16.25, -27.25, 8.75),(-16.09681771399476, -26.860395460678088, 8.47660744305309),(-4.75, -27.25, 9.25),true,true
156:(5.25, -24.75, 6.25),(-4.867829776069669, -23.565028411337032, 5.80158339220328),(-11.879998669600974, -22.70337277872263, 5.257434594355139),(-17.655457764729782, -22.885925236028292, 1.306390828357904),(-9.899075992279062, -10.167186915142388, -3.72973165559939),(0.0715805396363487, -5.151203487688534, -6.028100313713017),(11.47769986157555, 6.620991760471786, 0.19201558251103212),(17.307293690649708, 22.099474656438627, -1.6290112423939007),(24.676459044985716, 21.735007925367956, 14.057087393085077),(11.696261634114023, 21.990027111429885, 18.657593281612918),(7.0, 13.0, 15.0),false,true
157:(5.75, 8.75, 6.75),(5.533337809008446, 8.342967784785056, 6.943344952796692),(0.7193914413087565, 14.181430493464903, 15.566424394035339),(-4.782494644564686, 22.03504712795982, 24.924512460108833),(-11.291448169752336, 24.278496700042542, 26.189604561289276),(-15.0, 27.0, 13.0),true,true
158:(-8.25, -27.25, 12.75),(-22.25, -27.25, 8.25),true,true
159:(-23.75, -9.75, 6.25),(-23.80946788885219, -10.215775657234332, 6.0781960206415775),(-23.76908823005334, -10.160490031029902, 5.080542281766975),(-23.441911750479456, -10.597052005190942, 4.242467587046837),(-21.72167038886099, -14.380106434366581, 2.2831921305766),(-13.0, -21.0, 7.0),true,true
160:(-0.75, 20.75, 14.25),(20.421806239141237, 22.35482386766057, 20.81431594771877),(28.5, 15.5, 10.5),true,true
161:(-26.25, 16.75, 8.25),(-17.02837784189468, 17.649529792233224, 14.871125197276303),(-2.597636787628545, 22.80748667928209, 18.141064053054407),(8.5, 20.5, 16.5),true,true
162:(-16.5, -26.5, 16.5),(-16.730197289246313, -24.991852158712987, 15.71125207799555),(-24.5, -26.5, 7.5),true,true
163:(-14.75, 14.75, 9.25),(-14.977349526500607, 15.030956978795615, 8.904492592169156),(-16.128348706946085, 15.606392928615735, 11.773241168393742),(-13.979788067113644, 17.688272270443164, 11.995649763180484),(-10.75, 20.25, 16.75),true,true
164:(22.75, 9.75, 8.75),(22.887492509709247, 9.284430634260811, 8.869753811876958),(22.574611338155723, 8.443378948330912, 8.981231060711172),(21.67487394854505, 8.086747874473811, 8.729662169756631),(20.758424765645735, 7.531192629354253, 7.3097567096562885),(18.732421946815798, 3.3623717438429206, 6.695566277321262),(12.700044511109821, -0.1464477275749294, 7.242016998049451),(13.5, 3.5, 7.5),false,true
165:(1.75, 19.75, 7.75),(2.18186695407289, 19.73795461425179, 8.001686000131079),(2.5138444031732172, 20.214427477192466, 9.246692045389082),(-4.511193951437221, 20.8631081270878, 23.8114498309548),(-7.454206029223304, 20.853872723897542, 24.393338666844574),(-24.674867825942897, 23.13547745716303, 8.988256587611717),(-22.5, 13.5, 5.5),true,true
166:(17.25, -21.25, 5.75),(17.261622079935915, -21.512914648699393, 5.324863769178353),(14.870889370290092, -27.15939075337447, 5.15166491571478),(-6.906243858880657, -24.495990411557063, -0.28789284278884675),(-15.778237817191027, -21.08850042550361, 1.1117781690728925),(-16.77614648429949, -22.541108899890016, 3.5395563533909353),(-10.25, -27.25, 14.75),true,true
167:(8.5, 7.5, 5.5),(9.668238372270174, 4.588358614355333, 5.336427511267658),(4.7168765390628105, 9.750494589664289, 9.6744295563115),(4.03864852232744, 10.335695813519425, 16.616874823284345),(10.183603051677608, 13.677882029424318, 16.880171481892496),(7.25, 23.75, 15.75),false,true
168:(-23.5, 13.5, 8.5),(-23.32819436222982, 14.481916685429235, 8.579513808272827),(-22.83916691121945, 14.754688852761063, -0.427284811703065),(-22.427330117235527, -1.3950421184586195, -4.796887791886084),(-23.096121837429756, -9.440606367132933, -2.040922734482648),(-24.06056704261162, -15.76856301747102, 3.9799056389693224),(-26.25, -9.75, 11.75),true,true
169:(6.75, 23.25, 12.75),(6.998129375613517, 22.827180955832528, 12.651735719373969),(7.9618937587795005, 21.23765944520688, 12.812921246965034),(7.301474915613731, 16.961878266951135, 12.759783011244991),(4.596833882641599, 10.611930690331278, 11.592271702116445),(5.5, 8.5, 10.5),true,true
170:(-0.25, -19.25, 11.75),(-0.133754639432442, -19.370234630631785, 11.27879871631822),(0.5203547049590125, -19.2729215593707, 10.52868463716658),(-1.3549864093789874, -19.482348096572117, 5.395936315405228),(5.066437080192199, -25.94398958668669, 6.416100774647879),(12.039586845084532, -26.71839450482591, 4.940648825240238),(12.404124743112437, -25.255529572109594, -1.014413677213395),(1.2670012340561008, -24.7269631253463, -4.939935892391106),(-22.96007092992443, -23.626049850440182, -5.152835321660953),(-25.0, -25.0, 9.0),false,true
171:(-1.5, 26.5, 15.5),(-1.2845057337930796, 22.577577957670133, 14.351791781690787),(-3.51098358517367, 11.252828710913192, 15.3436000888016),(-5.64153934917553, 2.9919066068146227, 17.642072655799623),(-4.8086253158466645, 1.5416089768657115, 15.079136377587695),(-7.0, -3.0, 13.0),true,true
172:(-2.75, 21.25, 14.75),(-0.5088888538208491, 16.923149806708444, 12.550743133565396),(3.0, 13.0, 15.0),false,true
173:(-7.25, -27.25, 10.75),(-12.80751478158125, -25.81407744539366, 0.784728182972537),(-26.25, -21.25, 12.25),true,true
174:(-3.75, 5.25, 14.25),(-4.011074941675816, 4.993501360811072, 13.909341339574059),(-4.528586202809197, 5.462039228993085, 13.193342484351795),(-6.448023246921572, 11.02691092451601, 10.925056905903613),(-5.759336687521133, 11.742761868290582, 10.809869019395364),(0.7907594894124026, 17.234687850773774, 19.61139561220798),(-4.17985719553456, 21.053380711360997, 21.289263253831027),(-19.43783686594055, 20.336301873290765, 18.148243079090186),(-18.82669264856909, 21.532324203550754, 7.408409260985334),(-24.392506188082795, 14.811142006817013, -3.6640694273867895),(-20.648527304257705, -1.9853379819039876, -8.921197508920846),(-18.524590961087906, -18.338434595349703, -7.5184811491169175),(-13.703869278973432, -23.244676088707184, -6.218697754682006),(-21.25, -27.25, 10.25),true,true
175:(-16.25, -1.75, 7.25),(-16.522656729106885, -1.947362123321245, 6.880261578476263),(-15.996257205746835, -5.449502456729424, 8.042009399320523),(-12.997354426110643, -5.510542062107443, 8.095453621324625),(-10.415875289032144, -3.9828402720097436, 8.141199717996644),(-9.323573686379643, -10.696869388015092, 16.31784499572607),(-10.227498370941593, -11.79662422158525, 16.14811300079719),(-14.441619195502504, -17.370522398852813, 15.732366941939853),(-14.445137841010746, -17.81907647431469, 14.838618173817443),(-12.01080835929799, -27.5, 2.132017244340493),(-2.6755304652747025, -23.46072450571815, -2.422257163066788),(17.13977588700236, -21.073887873708934, 0.26178333517650687),(21.970936658828297, -20.706713652671127, 5.314017364610962),(13.5, -25.5, 15.5),true,true
176:(7.75, 18.75, 7.75),(7.641903454999786, 18.94005807188002, 8.199658833197198),(6.403956287044155, 18.63279358978174, 8.879317538539388),(10.118399340494543, 20.122916659243806, 15.050439339466966),(17.227599356657727, 22.764631956229064, 17.335084664897252),(19.78075515563703, 23.137618446346313, 15.804634879922796),(23.196051299020386, 19.200666838496453, 4.849609745501238),(25.715879275796972, 3.647008186901591, -5.358238457834572),(23.5023542636215, -17.97800930014648, -5.663231742710076),(23.265796107510756, -20.956355058873047, 17.792195800067596),(27.0, -15.0, 11.0),true,true
177:(4.75, 27.75, 6.25),(4.7558289098881135, 27.307334514277713, 6.017592402104047),(10.495780354546312, 27.71394479441425, 10.248088060493394),(22.0, 26.0, 6.0),true,true
178:(-8.25, 26.75, 14.25),(-8.39327777375764, 26.75842449734932, 13.771042269723658),(-18.219896844141235, 26.87235105602595, 19.37619344901901),(3.240949440472292, 18.285728180388915, 18.756428682161868),(8.75, 20.75, 15.25),true,true
179:(24.25, -11.25, 14.75),(24.261349604709064, -11.330936011507843, 14.256724672708891),(26.845542975631325, -12.816086492269086, 12.80759983328611),(25.496359863035714, -19.35181755210113, 11.69658590939026),(24.838370127660447, -14.708676902445829, 3.5565669458609266),(25.181659172745107, -11.42625091945922, 2.3380827759537848),(19.5037332109293, -3.9404388236087, -2.836218890624524),(24.137187431659235, 14.346611843320689, 3.634486542376749),(24.049663361501604, 15.10952874487078, 2.993941978374952),(23.63071690280719, 22.037265851076253, 8.075957769919622),(20.30210317161478, 23.828884961211166, 23.678665946491403),(16.40315572692493, 18.18872840183808, 25.08822006368848),(7.75, 23.25, 15.25),true,true
180:(-17.75, 19.75, 10.25),(-17.827250361337626, 19.530783338420832, 10.69269225988184),(-17.68933851010911, 18.901654058738714, 11.674018451808072),(-15.44679272746836, 13.817209197442303, 11.252544875638417),(-11.370639899873714, 20.84466342554026, 13.97592254918718),(-5.538975091442905, 22.892789115492082, 17.261781146307428),(0.5, 19.5, 16.5),true,true
181:(9.75, -1.75, 14.25),(9.855110154997986, -1.4269450687553764, 13.883138491096666),(9.782633158400886, -1.3639003774567067, 12.998692771738899),(9.015044963433168, -0.563050303209236, 11.803102613815648),(4.2960212834004885, -6.870907415096144, 6.815340480020501),(-1.3597347524021868, -13.329763671694701, 6.380830533052717),(-3.796928470364261, -23.50956833773825, 5.106405452613214),(-4.75, -23.75, 5.75),false,true
182:(-7.5, 0.5, 10.5),(-7.4885038688522325, -0.15396049171612491, 10.785397014644419),(-10.730879418579626, -8.766374938648656, 14.94484191875861),(-9.049166484929193, -11.234086715320235, 14.658066403643984),(-3.3829347947358777, 3.017354939171783, 18.781728676684622),(-7.20237976552886, 10.446463769859745, 11.099324959244408),(-7.860334897003576, 11.15525434855091, 11.353708450306096),(1.7112272965109643, 13.203323866809976, 18.068111226135834),(8.5, 20.5, 13.5),true,true
183:(7.25, 1.75, 12.75),(7.4169300953359185, 2.128091579816938, 12.468608634562692),(7.339886408601571, 2.9535712429063987, 10.823366646726623),(8.653017948391927, 20.619544979982603, 22.591883282751304),(-6.600956579879325, 21.02270465816348, 20.538323999358205),(-11.25, 18.75, 15.75),true,true
184:(-6.75, -22.25, 7.25),(-7.249364384550253, -22.272872776389278, 7.239414748798784),(-14.010017086724636, -24.548239982057904, 7.469652516382959),(-17.55624303208848, -9.396741650933048, 19.096225025332444),(-17.25, -5.75, 14.75),true,true
185:(-19.75, -0.75, 9.75),(-19.858552891274204, -0.2717449753988165, 9.652591575109069),(-19.762734031907122, -2.326550992036835, 10.043211960106964),(-22.52844355346198, 9.113225274815793, 16.592292636334783),(-23.216367644045796, 8.290672318575599, 21.14875144258471),(-18.136463749331526, 15.981439170186874, 20.170482855127325),(-26.25, 25.75, 6.25),true,true
186:(-18.25, 0.75, 12.25),(-17.866891704373565, 0.7973438216403275, 11.932216116873912),(-24.054514049822373, 1.4622228984610723, 16.740004670662493),(-23.462494708373434, 0.07610293675933666, 19.33387909921958),(-23.587272954875818, -14.03759099788212, 20.18286441220495),(-26.25, -22.25, 7.75),true,true
187:(-4.75, 27.75, 14.75),(-4.904931802482628, 27.376979633196257, 14.45529346371503),(-8.408761893525847, 27.15647376790741, 12.548722273893091),(-15.194251564847642, 26.12922035498878, 0.6593636177249953),(-26.25, 10.25, 6.25),true,true
188:(-7.75, -22.75, 9.75),(-7.531801208821312, -22.347316849532046, 9.95058805512134),(-7.329511622296123, -21.916602060481722, 10.104092757579611),(-6.714884976850805, -21.16350748949436, 9.869395817126618),(-6.378091808608249, -17.1175453866936, 8.397829052825305),(-3.6667491670543106, -16.680915719666405, 7.484017518572001),(2.711095813845201, -8.572406669898385, 6.677639611240532),(7.921749931187202, -6.501812214423685, 10.868310472854969),(8.5, -5.5, 9.5),false,true
189:(-18.75, -0.75, 14.25),(-18.842655190205168, -0.8909886920881529, 13.779322611089809),(-19.709004763639374, -6.892802709371461, 13.006262288465644),(-11.719029457423094, -5.1474673557276125, 10.150796974797835),(0.804844167138218, -3.9098378042940265, 14.905829323591764),(7.071840879998884, 0.2847579457005878, 13.392183173020594),(8.024619472447442, 4.007803101514339, 15.807955806997928),(8.495103416151235, 9.404538381036101, 20.241226967380754),(5.25, 18.25, 14.25),false,true
190:(-24.5, 3.5, 14.5),(-24.39852982324566, 3.0184027364341635, 14.588135571452966),(-16.58741825896836, -8.714324929579549, 18.02454078359155),(-17.342614273151106, -13.82770691058197, 18.772536206348445),(-26.25, -21.25, 6.75),true,true
191:(-4.75, 7.75, 8.75),(-4.974820291871122, 7.388221153205098, 8.488137627035242),(-5.571033766559939, 8.069604593878333, 7.298016259576305),(-1.1566334377691865, 13.975298781387087, 14.138731160101909),(-2.0225554198873525, 20.39107257566815, 16.801065801258222),(-8.291342328449042, 21.722074796796832, 19.617223428664065),(-17.271055610313976, 18.06010346169052, 20.495807790177867),(-22.088061898402813, 12.138800659560424, 22.98259660867239),(-24.067883446320515, 5.663635203415375, 17.794464490270787),(-21.5, -0.5, 10.5),true,true
192:(-24.75, -3.75, 13.75),(-24.58557384015441, -3.4065049994073493, 14.073998800192665),(-23.919271028930726, -0.2629769539773339, 21.881337589630867),(-26.41065831277922, -10.425873454572153, 15.576206663762378),(-20.25, -27.25, 11.25),true,true
193:(22.75, 0.25, 8.25),(22.767013748359272, -0.1658449917679502, 7.972901686781964),(23.6228762412649, -3.2548461460703293, 9.948361808314644),(22.890383597131475, 2.9300533049248543, 10.931980052717872),(21.011384710064156, 4.501214470988177, 12.664266337560628),(19.937998486577587, 4.731274266084792, 7.879770609487134),(17.268654413597186, 5.064928422709784, 6.551886155247509),(11.398213743507057, -3.3997352271454, 13.741583364335362),(10.962239076777083, -3.6344380110321275, 13.811158454744994),(4.8866915260063015, -7.235110333738874, 6.566951870922777),(4.414805645110378, -6.799485698790863, 5.307211665321478),(5.5, -5.5, 5.5),false,true
194:(-24.75, 5.75, 7.75),(-24.458993536033123, 5.987084670607708, 7.419687879586097),(-24.439864240904406, 5.681016496793838, 7.024774796685415),(-24.017837117869075, 13.421159988946082, 7.240456562450065),(-22.98913270531622, 16.337016935773047, 9.524635334182484),(-20.188866469031737, 17.071530812186392, 10.311399829620214),(-15.25, 17.75, 14.25),true,true
195:(-25.5, 9.5, 16.5),(-24.999494577224052, 17.25287878028459, 17.167491634664298),(-5.522724286621066, 19.949197509830803, 20.171196011973418),(-2.667259978313925, 19.520795730777277, 20.985318545556535),(3.707480233399665, 9.468438497491649, 17.412889964759888),(1.75, 10.75, 13.75),true,true
196:(5.25, 23.25, 15.25),(5.394782995951904, 22.827298564598124, 15.47441341446621),(-10.372618784685072, 22.195721395826837, 18.078465757459988),(-15.793887269362807, 23.915769768042015, 13.997867564268226),(-21.31866443831341, 23.17038511277059, 9.912133468757055),(-26.25, 10.25, 8.25),true,true
197:(8.75, -9.25, 11.25),(8.54688713447271, -9.41985969443532, 10.82586222985493),(6.31555368862471, -3.4831224503820786, 7.666031427603228),(8.064696143514198, -2.0842138651903044, 5.67014680098276),(8.387243550132386, -1.367109560420266, 5.052308159779281),(9.353597108780889, 0.019210644817086675, 5.290540653209007),(10.630548753845659, 3.6049401582616194, 5.451834307240973),(3.6226496789768943, 11.023720324643167, 10.136783902525146),(5.6907624992469, 13.555161671519357, 11.847439886809271),(9.5, 21.5, 13.5),false,true
Total path: 198, feasible path: 144 (0.7272727272727273%)
