ID TP TN FP FN acc pre rec
all:    141654 554322 86992 33112 0.852828154102539 0.6195341269910691 0.8105352299646384
bottom: 75684 173903 38790 17653 0.8155638336110839 0.6611457623565177 0.8108681444657532
top:    41803 319417 40317 6503 0.8852563474169199 0.5090477350219191 0.8653790419409597
=== path ===
0:(-10.75, -18.75, 21.75),(-11.119870585835654, -18.87423717189627, 20.862032837596605),(-10.230190054641106, -7.215377761280126, 19.028274444436615),(-7.290110608560907, -4.019094851521226, 19.77523932067902),(-7.75, -4.75, 28.75),true
1:(-10.5, 12.5, 22.5),(-11.704921855365955, 8.689633070883257, 21.02828226181442),(-9.520342669662675, -0.6486111393180254, 21.31536251235317),(-9.25, -20.25, 17.25),true
2:(-11.75, -24.25, 7.25),(-11.903886352070487, -23.8250471326574, 7.036144789206014),(-10.43704194756604, -18.055856921524715, 4.154839174792506),(-10.668321647810078, -13.423788892209759, 1.8571388099490913),(-11.852368024562097, -12.262037430851139, -0.6425347126797196),(-1.7071083404690093, -7.9896342317624, -3.0387138908749973),(22.46928433034737, -20.556416088986754, -1.4854072476418612),(24.145126711966604, -15.969990693798124, 6.803433556597851),(20.25, -13.75, 15.25),false
3:(-26.5, -27.5, 6.5),(-23.660899943461903, -24.884781690685884, 5.9668532405855395),(-23.0, -17.0, 5.0),true
4:(-7.5, -17.5, 25.5),(-7.093276538165302, -16.88292752589883, 24.829743595347395),(-9.5, -17.5, 5.5),false
5:(28.5, -9.5, 25.5),(26.943685671838235, -10.33316822352445, 22.485442789402285),(26.011466772359547, -10.673309912814926, 21.102323712889163),(22.62082519193946, -9.219161882967734, 10.503600175299452),(17.25, -12.75, 11.25),true
6:(-18.75, -18.75, 26.25),(-18.966886094777603, -19.609660829208767, 25.78745953623903),(-18.080364121947895, -19.72690335694275, 24.280480132536585),(-10.47171085576954, -19.746602490307804, 19.63344709345586),(-7.772693041345805, 3.7313173662547854, 19.861283069361704),(-16.210634712172485, 5.790872804061844, 19.955272553896425),(-17.5, 9.5, 13.5),false
7:(12.25, 27.25, 39.75),(12.036030434677572, 25.758809749649505, 25.299780017859486),(21.75, 27.25, 16.75),true
8:(26.75, -7.75, 20.75),(26.15611607778436, -7.14473957575753, 20.21994179019697),(24.35274364114186, -6.948538387291071, 19.921058665002832),(23.435531254331533, -6.720274466302722, 19.594536047322634),(20.00287238231281, -10.93473134521274, 7.584767884974993),(18.356925386848346, -13.71863634233796, 4.501067328829084),(17.554115197422195, -11.535884249177423, -5.163354316411536),(14.116181899624516, 12.284917707107432, -10.06787902642644),(19.717680620201282, 22.326004462206587, 5.512110935184686),(23.25, 27.25, 23.75),false
9:(15.25, 2.25, 10.25),(14.925443301361573, 2.070873236162029, 9.914475706027327),(14.066041562900372, 3.5624248237028278, 11.163992881183677),(13.29815413605319, 6.000005652670518, 5.31433649510537),(12.982480511348301, 5.7193193740370125, 5.046819438354682),(7.9453161002658055, 2.6036297644638005, 3.8156002437187166),(8.041439808119392, 2.096329114943132, 0.8603665332003105),(-7.751381240143783, -12.154204195384516, -2.9058065050505135),(-18.604837706500927, -18.107978781731866, -1.8396000567898045),(-19.736709759290093, -21.443309674827585, 2.11383154594311),(-15.978492278257887, -22.1164316958593, 7.980918396337104),(-8.2468627479629, -15.291178719380419, 17.68722813355791),(-10.5, -8.5, 24.5),false
10:(28.5, -1.5, 6.5),(25.85183007400011, -0.016339502370076864, 4.542527377141932),(22.199069246969415, 0.8514469462612325, 3.4709376826832616),(21.126901217149243, 1.3420044897350256, 0.7123494545541549),(21.079523532648786, 18.063087708034004, -1.9505857228562749),(18.86576805032515, 25.598099880224947, 9.172392129644983),(14.5, 20.5, 15.5),false
11:(21.75, 15.75, 18.75),(21.615906428331996, 15.768875246612053, 18.268686547972475),(21.330391096329805, 15.173804865585614, 17.666502391746658),(28.5, 14.5, 8.5),true
12:(-19.75, 27.25, 6.75),(-21.25, 27.25, 29.25),true
13:(-24.75, 27.25, 17.25),(-20.203873948147137, 16.636199245831783, 24.99440837644889),(-8.736084227542522, -0.2314036357148903, 20.81516725487475),(-13.5, -6.5, 23.5),true
14:(3.75, 4.25, 19.75),(3.014466850519196, 3.7252296594435728, 19.624721266278325),(-1.224070627439564, 11.90577829302456, 21.44198158390334),(-19.688807067098175, 13.397461398675082, 22.59680726753101),(-19.5, 13.5, 26.5),true
15:(9.5, 24.5, 10.5),(8.611162863547909, 24.290486416907232, 10.224516843006448),(11.623635398033231, 25.254039971499825, 8.519697897390202),(15.832362694399293, 26.027185595440656, 3.1992882705374575),(8.652368676206917, 17.453813953793503, -2.4485239613146277),(-7.164496260076759, 24.859208843383293, -1.1040348859328581),(-22.348583398118, 20.94480664822577, 6.518608962660147),(-22.25, 27.25, 25.75),true
16:(28.5, -0.5, 17.5),(26.795633933990093, -1.305884732243363, 18.047410585846432),(21.470633386698918, -3.8978211134296856, 18.308315834774252),(28.5, -26.5, 20.5),true
17:(14.75, -23.75, 25.25),(15.180114423406438, -23.912767556005992, 25.053764668090622),(27.499025378600546, -26.170682349604014, 18.476517716100233),(29.0, -17.156694225423806, -3.410731402969052),(28.5, -21.5, 6.5),true
18:(-13.75, -16.75, 9.25),(-13.027912333473697, -16.97349471278791, 8.59529432933077),(-10.571176023835983, -18.18821185581049, 10.361989245958721),(-22.616734118248498, -22.218589239532815, 6.562818349570298),(-22.470423217104763, -20.482597305074307, -3.090858332237312),(-21.333066714485152, -4.407175982139752, -4.576305465311935),(-21.159570003906587, 7.197423964303548, -3.236992357966572),(-21.86630448035591, 22.0961474719998, 3.934609548425213),(-14.5, 21.5, 5.5),false
19:(-16.25, -8.75, 28.25),(-16.422894975534913, -8.172229366866107, 27.45232310869448),(-11.321378816038038, -5.535066477689054, 22.582932793092212),(-7.263280953958053, -13.597714793888159, 17.255625674863193),(-10.25, -14.75, 11.25),true
20:(-3.25, -27.75, 7.75),(-3.48907734232746, -27.271699172877494, 8.59502682984599),(-5.094355822676599, -26.73942275777881, 8.944079688103198),(-6.005880969118112, -25.631856093642988, 9.871373332316713),(-8.19993695047625, -14.723679637675007, 15.453059351767713),(-7.475297276885634, -9.279809534948892, 16.817330637565885),(-8.661059974170533, -6.582996244511028, 17.384044765010522),(-23.0, -5.0, 23.0),false
21:(-2.25, -16.25, 32.75),(-2.039712492112697, -16.29409593817313, 27.5),(0.7622273305998373, -9.171612966706636, 26.848465462277137),(0.9492302892736849, -8.880696319321654, 26.487359663761648),(9.5, -3.5, 31.5),false
22:(-13.75, 21.75, 16.25),(-13.943536071643381, 21.453036182183734, 15.897358142188374),(-13.093050095637892, 13.322175582388445, 22.91560509034807),(-10.75, 6.25, 27.75),false
23:(-24.25, -11.25, 5.75),(-24.238838009987152, -11.632835964476186, 6.07142189452889),(-24.495351599524202, -14.467167456473288, 5.122335085087146),(-21.83944781963649, -19.336082703958585, 9.393147586799596),(-9.0, -27.0, 9.0),true
24:(-26.5, 20.5, 17.5),(-16.745119909188528, 12.152829904134842, 22.18430606326902),(-11.760527386353818, -3.3411271056035656, 24.023172168699237),(-7.75, -13.25, 17.25),true
25:(-11.25, 0.75, 13.75),(-10.903394514919535, 0.9297137036706993, 13.437641836307908),(-13.59384439954388, 3.972559534073561, 13.717981832923005),(-19.84465125314382, 17.05326836295693, 14.935722172374247),(-16.25, 27.25, 25.25),true
26:(-22.75, 7.75, 8.75),(-22.696583077944418, 6.782565300539216, 8.997420158267936),(-9.975987848898216, 2.0874017651694636, 14.094323950597328),(-12.75, -2.75, 29.75),true
27:(-20.5, 2.5, 37.5),(-19.76342449000518, -3.361723766763798, 27.5),(-16.927117421968546, -7.035230747559883, 18.863156200981326),(-18.75, -12.75, 14.75),false
28:(-16.5, 2.5, 6.5),(-6.998767084638895, 1.9165030846777322, 2.9507962803141448),(-6.5953075104380385, 1.8160617711344673, -0.020252678306255767),(-16.050476644017387, -10.203439848442406, -0.21596097429891437),(-24.323580862560412, -16.29557047439839, -1.2042393899299846),(-16.825523308581932, -22.689011469886125, 17.146825146227354),(-5.5, -22.5, 35.5),false
29:(-26.5, 10.5, 15.5),(-25.609698107258534, 7.01879525506858, 15.591289918052176),(-17.609249825339873, 3.496259410030955, 6.786315156755746),(-16.755187102024912, 2.4511372607259947, 6.45736007931442),(-9.5, 2.5, 5.5),false
30:(-19.75, -12.25, 25.25),(-19.345930631998655, -11.85100498849371, 24.470538260714097),(-17.82757866835786, -9.81676488379761, 21.76585635752819),(-17.36595388789359, -9.88271867482139, 19.128527555528965),(-10.680536175069218, -11.512880962350234, 17.959938828600627),(-8.85434336202886, -10.576824135469607, 15.77160214827698),(-9.410541093159079, -18.01540428334082, 15.700668381775458),(-6.75, -19.25, 11.25),true
31:(-13.25, 3.25, 12.25),(-17.85642234460545, 13.741131153186998, 16.579405418017785),(-13.75, 19.75, 21.25),true
32:(16.75, -17.75, 27.75),(16.75350485033885, -17.8175915356865, 27.254602078801653),(14.242337874566315, -19.335585565440216, 26.630314848897427),(8.584449599427407, -16.44452267823821, 11.704565343326408),(8.046509024103322, -16.934843222750317, 6.440178500906475),(6.305890270248246, -15.051349565267444, 2.1638521077041037),(6.571304304802252, -14.211635905621677, 1.735186997271231),(6.906813616232551, -14.0374269372811, -1.2408984748369338),(-12.573032963283744, -24.93653609968889, 0.045610497079330625),(-13.263871709918414, -25.279542887146487, 0.682075869198079),(-16.822412084640515, -21.735882243282724, 12.606339577859524),(-7.5, -15.5, 17.5),false
33:(15.25, -21.25, 18.75),(14.911265070790689, -20.67571014931605, 18.004714943706123),(8.118312955822045, -16.143354213720517, 14.911495751020711),(7.759214848471711, -16.42671829734485, 2.7463508284468263),(7.080358467572419, -14.457611362343034, 1.563555970958252),(6.651479465995529, -13.836936615097832, -1.340032439980618),(-11.38786611415132, 11.003831710698725, -2.7742212480443076),(-20.87158961382474, 19.5811208528723, -0.36271518721332185),(-24.951534828972605, 22.99404715995667, 17.360134142600437),(-13.25, 4.25, 24.25),false
34:(-16.25, 5.25, 25.25),(-16.207638197407675, 5.365305410355761, 24.76532470660883),(-15.90389065845029, 5.256789625989234, 23.935349038383297),(-8.112715707036328, 1.8593329802976972, 7.594208562167199),(-8.184357088127342, 2.229815098543687, 4.002396487109647),(-7.15585261605598, 2.289218399491346, 2.9263392243646753),(-5.699153414853109, 3.3746698161606563, 0.5389090873207647),(-4.336912457902271, 6.033179519639668, 0.2620955549318973),(-7.658470103975287, 21.759591637257177, -1.9128898167558581),(-15.846539494876685, 24.5654261344853, 4.184364977617521),(-16.25, 16.75, 7.75),false
35:(19.75, 15.75, 18.25),(19.26004282556636, 15.096654059623102, 17.672868256449163),(19.53770225536606, 16.238568082499913, 10.675645270252366),(21.58673451063194, 18.403958827124022, 20.966565573926903),(23.75, 27.25, 39.25),true
36:(15.75, -8.75, 17.25),(16.387567785158172, -9.516327698879895, 17.329051737855327),(22.582713419023353, -11.748667452749956, 14.954850862088374),(24.87630520199228, -18.56837588346422, -0.6920306215665446),(26.419396198864856, 5.868904333344821, -8.51200981559764),(28.5, 8.5, 7.5),true
37:(-0.25, -23.75, 31.75),(6.763236893054452, -20.479549098275264, 24.801639652389703),(13.906460400142915, -10.212329856794298, 23.02096030079233),(-0.25, 13.75, 30.75),true
38:(0.75, -18.75, 23.25),(0.7526752052213539, -18.408146046941877, 22.885131916913032),(-1.5338259546875652, -20.674503970084523, 23.53359033450445),(-1.3632192024550995, -16.95773961942332, 21.329718129338683),(-2.7396549461925925, -15.349629551518754, 19.20382851487941),(-10.149997766747271, -23.8353568859074, 17.07174231728112),(-6.779949768537284, -2.715346356282444, 20.596046302503208),(-8.25, 3.25, 23.75),true
39:(7.75, -9.75, 16.75),(8.555782925171503, -10.335318270575302, 16.840091063001793),(9.534716685767194, -4.497095362771423, 17.614277538397523),(5.845243188314716, 1.6508041756898229, 15.10409181070079),(3.7192088630734266, 3.720760231554768, 14.346684565752037),(0.6905286850117046, 5.495213889777116, 11.71301991379386),(2.0695310072588096, 6.766937174133353, 8.135718940565177),(0.15624882759548875, 8.302041030740554, 1.5795914669407916),(-13.734243154305032, -2.3247600479717727, -1.1578095521988245),(-15.524011751639847, -4.694454952385051, -1.5835728996019427),(-18.614970213087535, -22.515901320620603, -3.6167815378248567),(-18.616272285094208, -21.25406875013744, 3.143139430615366),(-9.870855430570934, -19.836222017371057, 8.299256453970767),(-7.75, -19.25, 25.75),false
40:(25.25, -3.75, 25.25),(24.98266936692297, -3.696590697589507, 24.8308558970537),(24.15780890516924, -2.699888672343851, 21.87807956464529),(24.300432092011278, -15.169975227383446, 19.101087964484588),(20.270897582410964, -22.969767695803387, 16.56601711444799),(7.5, -27.5, 22.5),true
41:(-13.75, 19.25, 14.75),(-17.604024658097618, 18.445283821096712, 13.889640162355242),(-7.427402581724049, 24.85760330266608, 13.689262830331545),(4.25, 25.25, 20.25),true
42:(-24.25, -2.25, 14.25),(-23.29159439208745, -2.48100073500486, 14.417622645096026),(-19.715357560132766, -3.5012366960267527, 14.99345975427403),(-15.806353192374953, -5.664001992507024, 16.460097081044765),(-13.11912174049942, -6.982104926325448, 16.25664738232252),(-6.922071758558643, -3.390242684666812, 17.047947256273023),(-17.03970017972463, 12.25167626239028, 23.817028511753985),(-25.0, 19.0, 13.0),false
43:(-22.5, 26.5, 29.5),(-22.257318030859842, 24.984161188683483, 26.573094479793244),(-16.276168892379257, 14.315128060707451, 20.209874582978326),(-15.407974631929559, 2.755425085512729, 20.303351416906573),(0.5, -1.5, 21.5),true
44:(-0.5, -15.5, 27.5),(0.5181924590318375, -14.859548391552112, 25.028736255984185),(0.9079539146815947, -14.965320042387257, 24.11391476215635),(-1.377676219798657, -14.468991611105546, 22.235204306376318),(0.8870401341319084, -13.355036627516556, 14.967656999866282),(-10.332600740962059, -4.1926543228881785, 17.83759522450461),(-16.869127878516977, 10.849151302776, 18.348795434584467),(-14.791971299391314, 16.761626309714995, 21.46777921750427),(-9.5, 14.5, 18.5),false
45:(4.25, -8.25, 15.75),(3.457278675045476, -7.875630946189502, 16.231082854102468),(4.735187003102412, -8.103421507482928, 20.658262678343956),(7.320844217560438, -7.450985505382915, 20.919906762479318),(12.187385051928779, -10.942040688189843, 21.380225636515824),(10.749471846509099, -21.998478406081013, 16.798906457408542),(16.00938223504101, -20.427150722192724, 9.555142024450523),(20.956887864842187, -22.835764021259898, 1.6441893391132085),(3.0877332548779917, -25.696504614305926, -6.508849842256427),(-10.590843421200589, -28.0, 0.8106998512909591),(-16.45524267266582, -24.733924133558297, 7.456477872980274),(-17.0, -23.0, 21.0),false
46:(-25.5, -11.5, 18.5),(-18.3636993826216, -24.167118030047785, 21.095689505278955),(-9.627026277898455, -16.122659213903724, 9.896747356545664),(-11.75, -18.75, 6.75),true
47:(23.25, -8.25, 25.25),(23.25345681052932, -8.270152811176695, 24.75041826027902),(23.23108777758036, -7.693420168244763, 23.93379161061488),(22.563940970073737, -7.700456183739267, 21.42880639934692),(13.979175290477336, -1.8650738726071945, 21.57104674073877),(13.755881102050775, -2.16217205771623, 22.499417557718623),(8.673042001107575, -0.8662061864786139, 27.134632669718307),(11.75, 0.75, 31.75),false
48:(-6.25, -17.75, 25.25),(-6.148911513925399, -17.38958532187309, 24.91851489057),(-9.25, -22.25, 13.75),true
49:(-8.25, -14.25, 27.25),(-8.735830580263592, -14.264249178246335, 27.132673071292025),(-8.769184362202969, -10.764843760983442, 25.20055388736304),(-8.877312673250879, -10.370950256050593, 24.912185763046843),(-9.759532369430428, -9.073448224379232, 22.582769558198514),(-8.239604153892143, -4.602168281659257, 12.223758415270185),(-10.252513915561764, 3.5596791048953564, 3.5075056223182406),(-10.39303529883652, 3.6336825733018028, 3.0333988542729347),(-9.871850517752797, 4.211449431579649, 0.1360635472291576),(12.81047359054837, 19.2476781010513, -0.23247100457760617),(23.425778568208436, 23.92175452406982, 6.255328625627993),(20.047985675697138, 27.056678776800915, 15.226481016379543),(14.75, 14.25, 24.25),false
50:(21.25, 7.25, 14.25),(20.818185130508535, 7.342451423242615, 14.48449659448803),(19.665323995553, 4.8260085079445, 15.641400331864205),(16.724438175657863, 4.635263232178482, 16.202476827640552),(11.33060191536191, 3.174196986654859, 17.373166940107623),(8.152751739019326, 3.456455092821368, 16.5779956662456),(5.950797027113594, 1.4813412139760167, 16.077675156663375),(9.93875224607793, -5.788699203733354, 18.031432741348013),(17.822938772172964, -10.098979438043123, 20.702044524735218),(7.182540073275082, -17.4252699088478, 20.185118300844696),(12.75, -19.75, 17.75),false
51:(-12.25, 8.25, 25.75),(-10.30613822425561, 0.7548062775259275, 18.659289001503524),(-10.7339615089732, -19.075557161872286, 19.114591116625974),(-9.25, -20.75, 20.25),false
52:(17.75, 1.75, 18.75),(16.901127425789607, 2.2686338318084127, 18.647851572419633),(13.440156967647713, 4.744248211544704, 10.579504246016617),(15.179585402868218, 5.105993761301115, 8.16216503192651),(11.797270976933088, 5.128390023689946, 4.880613642651187),(10.48930650799861, 4.283486343007175, 3.764149414628355),(12.034851237943625, 3.5269351480441795, 1.3067276402600938),(16.463940635575526, 13.506067361261975, -3.443863176765915),(22.25, 27.25, 6.25),false
53:(4.25, -24.25, 10.25),(4.726195041156692, -24.737656509161294, 10.510932901534796),(1.7585206379382956, -25.67108962107063, 13.396906233680852),(1.7499681365076163, -22.988532347479577, 9.17364501990867),(-5.2660046649515655, -20.28751006952363, 5.600961094004028),(-12.176761417247256, -18.795432380745183, 4.487264497197895),(-11.5, -21.5, 5.5),false
54:(-18.75, -2.25, 5.75),(-19.068632552309193, -2.681914100522056, 6.459547182785133),(-19.856561477109437, -2.4669285879129115, 10.485300724384752),(-15.390115963735413, -6.428419474214474, 18.33708913653112),(-14.465676618133706, -6.730907284454255, 18.10489736027746),(-9.658117854482821, -4.613236997854322, 17.0471173513088),(-15.669785382757425, 10.205712555045011, 21.310992153429407),(-18.083450583242033, 16.111137460835696, 18.42998937973469),(-13.25, 19.75, 23.25),false
55:(-14.25, 21.25, 15.75),(-16.150603407973005, 19.589758904606576, 9.774475452138239),(-18.25, 27.25, 8.75),true
56:(-0.75, 13.25, 24.25),(-0.9777579132847258, 13.359597309038929, 23.818589797538802),(-0.9026035744058655, 12.792527496719094, 22.341754405149512),(-15.086322306745053, 15.654706426080466, 15.758517972567587),(-16.93872287040421, 23.36169823820126, 13.200484243416138),(-9.75, 27.25, 22.25),false
57:(12.75, 3.75, 23.75),(12.137506674788522, 3.5156914864305406, 23.03988570024287),(3.944438257522811, 4.040074101334357, 22.398229503486647),(-1.609999229731952, 4.9991619567356995, 18.32806275816799),(-2.4186740002461193, 7.808454829935128, 19.00179762302564),(0.4822250833839366, 12.133533483647739, 24.089043944692413),(2.0436119855389925, 1.6836227121303455, 23.900414144525712),(2.264223740389769, -1.3081938040750223, 23.881325221495985),(1.5, -2.5, 18.5),false
58:(-9.5, 14.5, 30.5),(-17.323623017696455, 18.07059306055845, 16.71062141814899),(-17.605778318622235, 18.7469475118913, 14.894844655479039),(-16.5, 16.5, 11.5),true
59:(-20.75, 7.25, 17.25),(-19.450616187851242, 6.520480086299046, 16.312762990373525),(-11.814961475821788, -0.7853698284876468, 17.975316762102874),(-10.039536962583094, -11.278084084041705, 18.948487034448213),(-11.5, -15.5, 10.5),true
60:(-14.75, 10.75, 22.75),(-14.791729875905533, 10.522272973212711, 22.30683071098334),(-14.92881297863096, 7.738709203326994, 20.90378021320488),(-24.333361608147058, 7.375011447808873, 13.844627693626833),(-25.5, 9.5, 10.5),false
61:(-16.25, 2.25, 22.75),(-15.770091583612942, 2.145634107377545, 22.65621475415619),(-8.25, 15.75, 33.75),true
62:(10.25, -0.25, 23.75),(10.045559835991302, -0.5308103226056977, 23.390347692822385),(12.053570855280642, -9.221887939035959, 20.080257979844227),(11.241348584269222, -19.051963750564774, 20.163013710912633),(10.245815874203872, -20.270492473511712, 21.20368614436305),(8.008173436041172, -20.872173232680666, 23.109187806125423),(3.75, -21.25, 24.25),true
63:(0.25, -19.25, 20.25),(-0.26195607600566806, -18.709359153339477, 19.582460899150416),(-0.5392478536413485, -17.037083928956672, 19.456846654608068),(-4.888864727902628, -21.100431012802055, 10.956345704143931),(0.75, -21.25, 8.75),false
64:(-17.25, 27.25, 32.25),(-16.534746258324564, 26.68788131301571, 26.765727672542027),(-17.678142823741066, 24.231032948589387, 15.412931612802637),(-14.122706985167687, 22.4943438288111, -2.3276077474612347),(2.5412916548493323, 22.245522908507393, -5.877350276221815),(18.272492120918102, 27.5, -0.4066110135556119),(18.09722252973632, 24.66383527328839, 17.95226938845577),(14.75, 16.25, 23.25),true
65:(22.25, 16.25, 8.75),(21.659083232492076, 16.785266739261353, 9.35357840560983),(20.74789985550603, 16.44396495263968, 10.084598142730485),(26.784663506484755, 21.598030143764966, 10.231669675058594),(12.792889341348019, 25.231450121535882, 1.2288798726219206),(-0.8581894820903964, 22.58371356966773, -7.634025837111959),(-19.365691946716105, 22.22534802443913, 4.377171862039574),(-20.884774896600742, 13.516958936935794, 20.890351181560753),(-14.91259593786253, 10.32043564157678, 22.65537733066782),(-14.25, 3.25, 13.25),true
66:(19.75, -11.25, 12.75),(21.291686008927613, -10.738337937136002, 13.149005848078787),(21.954722347295906, -25.52631282570311, 12.301953068078028),(11.655982618103353, -23.624638246138126, 24.70857912122839),(9.25, -14.25, 29.75),true
67:(-25.0, 13.0, 39.0),(-26.5, -18.5, 38.5),true
68:(9.25, 27.25, 29.75),(8.927703898673041, 25.230351264106805, 26.358031483227993),(-3.6399468940881574, 25.33091228023624, 14.852511049796664),(-20.5, 26.5, 22.5),true
69:(20.75, 0.25, 26.75),(20.973788354878135, 0.5038823103158498, 26.381947633169375),(27.046460500124816, -2.819726611883184, 27.41938522099046),(18.73033831430498, -1.4952419721491799, 18.971705272874807),(12.638665787672258, -3.296849839237574, 16.031342213401825),(6.288188733957272, -0.3594196787138757, 16.23857455229986),(3.9168507662134413, -0.9844539357158817, 17.407279305299372),(3.4806487757740197, -1.2188657713090167, 17.338149609288585),(0.831534600087779, -2.4213922671543395, 16.605944644153702),(-2.947832637400973, -0.48367216211196334, 20.388420838792072),(-14.963050652170793, 3.504669754482672, 23.68352494615285),(-16.25, 10.75, 28.25),false
70:(13.5, -4.5, 11.5),(13.237377700990955, -5.3694441665796875, 11.860396208332402),(15.552064444518296, -9.844234931967026, 10.833522660295133),(21.194914560741147, -14.234217105860878, 13.038914820947545),(22.667906256004144, -20.745450554195898, 9.463591836212135),(21.77441386464156, -18.423855656139278, -1.8490091298467424),(-6.090624623807961, -17.741028196159494, -5.339257476730563),(-14.305027522958675, -24.112767473768486, -0.4062282443806866),(-14.811481415602852, -23.341367334119514, 11.754984041165603),(-13.32857538721107, -21.635942048144408, 18.380126628681438),(-5.75, -19.75, 17.75),true
71:(-19.75, -14.75, 7.25),(-20.32846583832519, -14.682782652705676, 8.062932409314236),(-20.451947176483525, -13.709960847078, 8.258815266200529),(-24.670777755402117, -20.243079480673792, 5.585461351848275),(-20.23140365352455, -13.317233698947017, -5.084052095820477),(-17.348536770796468, 1.5263652626380018, -9.075507416277212),(-18.446239676564534, 8.257243800312008, -7.8188476635507955),(-16.489011325443332, 25.522514891051895, 5.5343736606113545),(-18.483294394883124, 24.170987615637387, 7.3221681294350045),(-11.5, 9.5, 25.5),true
72:(16.5, -10.5, 10.5),(18.519724184306362, -12.174701053718294, 12.987919841761341),(22.732722967184046, -17.516431210569024, 10.701633775621282),(25.781968169734583, -18.26426597726819, -0.031408026283956),(19.719506483411035, -18.126104966969955, -4.837566771957498),(5.105092484548253, 5.47378601697999, -1.1331284699024557),(-4.0720730302688715, 19.12037182327965, -3.912843061803466),(-23.13008510687401, 19.635209607483233, 3.91937795464356),(-20.628987755975665, 16.502397640163018, 16.050933128164367),(-8.25, -1.25, 27.25),true
73:(-13.25, -4.75, 22.25),(-11.823134236336717, -3.4781423164011014, 21.301885177168973),(-21.0, 25.0, 15.0),true
74:(27.25, 27.25, 30.75),(25.503910742406507, 26.022138086005043, 25.444350164230613),(15.5, 17.5, 31.5),true
75:(-10.75, -13.25, 26.75),(-10.065847929321675, -12.559216743023079, 26.51600334176122),(-8.761280948072235, -9.624290933361335, 24.4793234872071),(-8.782173840423749, -8.864310027041423, 23.829713982136283),(-10.852396362089458, -11.19292042638566, 17.561400626946234),(-8.817096974462286, -3.71863343300645, 23.49704344266558),(-2.7397783478496294, -0.8827500637406271, 21.491061432140967),(-18.96939530301743, 6.7076746647631795, 18.07697986402817),(-25.129784602520388, 9.46488019501739, 20.263987801891922),(-25.26749676606956, 15.628769637105112, 16.949247645298936),(-12.25, 21.75, 20.25),false
76:(10.25, -18.25, 11.25),(9.739867758520964, -17.575395842234368, 11.783548804261518),(10.260862934129646, -15.41370831098213, 22.306980622426128),(14.09896889695948, -9.307882442203663, 20.6351507297792),(6.396460281516587, 0.11116514954608081, 16.945685688052045),(2.1382787099098466, 7.534131928426692, 18.59699593768461),(2.25, 12.25, 30.25),true
77:(-11.5, 2.5, 31.5),(-11.850242173287937, 3.5062769880996125, 26.379207565002446),(-14.25, 20.25, 24.25),true
78:(14.75, -4.25, 9.75),(13.963888094781238, -3.6861595607792452, 10.003203537836015),(12.067150150892985, -4.208345018129981, 12.268089301035996),(9.526260808680863, -2.6270860738049904, 12.47665943702164),(14.209968702270043, -6.184602274978608, 19.445683590907283),(9.476730456205992, -18.735843642879935, 23.459319709005005),(4.166954866476914, -22.266165165277602, 23.3235821968296),(1.7429423163985085, -28.0, 20.79936999404364),(3.75, -25.75, 22.25),false
79:(4.75, 24.25, 25.75),(5.746345053311169, 24.325017743458645, 25.790851840946747),(3.8967828268305356, 24.135827400064777, 20.98247714559738),(1.0745834230164415, 21.763877239515327, 17.40978207358289),(-1.9666029326018553, 22.048392202862008, 18.349509867830132),(-6.4109968749936455, 14.018648326754455, 18.493056258312873),(-11.015174218191731, 13.79494605521111, 19.03505930076554),(-12.203181673933056, 15.858816953747962, 25.6175417503643),(-7.75, 12.75, 30.25),true
80:(13.25, -22.75, 18.25),(13.096165577132428, -22.403897766459064, 17.569893519610808),(12.783878927468137, -21.30970489424217, 16.716314940832273),(14.578072783890082, -20.520140156601233, 19.894948156026185),(12.25, -20.75, 29.25),true
81:(-11.25, 27.25, 23.25),(-12.414642962796215, 23.072996484133093, 24.057357597418157),(-14.393140029021799, 16.85491534005645, 26.591330021225346),(-8.099262819688501, -2.3154510777638473, 24.25682060141228),(-17.75, -8.25, 32.25),true
82:(25.5, 26.5, 16.5),(27.074303489356033, 16.38951620217828, 3.952436724826473),(25.86113049092637, 9.940653631219236, 1.6055946335265523),(22.984527359882957, -4.5548489699465975, 0.420762844278987),(18.65357885077361, -21.2558907810153, -2.559144183801791),(20.05914011147805, -22.41410152805213, 4.1997718097474195),(24.49980645236281, -17.002992069884854, 4.180358395162727),(24.75, -8.25, 17.25),true
83:(-15.25, 9.25, 24.75),(-13.782629504402285, 9.21708307164652, 23.174672067530196),(-10.683050429973342, -4.852289223795962, 23.183798782590593),(-20.75, -9.75, 33.25),true
84:(5.75, 22.25, 11.25),(5.345405993892256, 22.311539433639474, 10.96274299255019),(6.286768974324983, 22.527276343947875, 8.244600807512033),(5.914323210082541, 22.415035009888662, 4.33938140237238),(7.678176023542141, 23.172231001193644, 2.033849471732009),(0.8623896460856155, 22.291369695747463, -1.6539033858149013),(-13.088912569547617, 24.598070266959766, 2.3717726879088508),(-18.910256369980317, 21.979420430745158, 8.936856973942472),(-26.5, 14.5, 10.5),false
85:(20.25, -2.75, 24.75),(19.817593277590003, -2.9928889364843774, 24.686522516211397),(19.242879222547103, -3.5604876718733367, 24.28811515915473),(18.779987440583806, -4.929540705583127, 23.20279164728625),(17.93680759326182, -4.8221954164889205, 21.693377991623578),(15.764423394553482, -2.7727507325570273, 21.409611572352997),(7.616284366652297, -1.8770104679025656, 16.003735705324097),(4.199632512336055, 3.646996618664825, 14.1952200325626),(1.7007861395882675, 6.01777430080632, 13.77089609664658),(-0.3069300976124181, 7.858206030552813, 15.028626814655427),(3.25, 11.25, 29.75),true
86:(-26.75, -1.75, 21.75),(-26.750439924801213, -2.0664687020529966, 21.362898763774822),(-26.2869119787144, -4.519495548754125, 23.02656974463614),(-26.67611747367727, -11.054624444570086, 21.480769002065585),(-21.379906875514695, -18.93025281619325, 6.150019716412692),(-18.6045130652993, -20.533702167177097, -0.07301325610541554),(-16.516304859923462, -2.070821102576038, -7.915307395313187),(-15.803844146421206, 2.128981855539825, -9.224315800537475),(-14.520922372106066, 13.187813237413945, -3.145915575640039),(-11.726743223846547, 27.0761958104497, -0.4509046208679702),(-11.5, 26.5, 21.5),true
87:(-5.75, -17.25, 19.75),(-6.050650166554731, -17.632561301658292, 19.634863872637105),(-17.369171880840998, -8.284732076563689, 18.84740922176361),(-15.205087417825661, -5.2403348609846825, 20.203532403304244),(0.5967855478309323, -1.5419992229674329, 27.5),(3.25, 11.25, 30.25),true
88:(-26.5, -15.5, 37.5),(-24.8635659534482, -6.813298038594348, 23.73743256813663),(-20.547731983237945, -5.54206791949651, 21.720987924910425),(-9.089164612773693, -5.068214994303471, 20.763688403600607),(-9.0, 1.0, 13.0),true
89:(-21.25, 27.25, 21.75),(-16.968311784946415, 14.273571312527746, 21.868353824815138),(-17.25, 10.75, 32.25),true
90:(9.75, -19.75, 26.75),(8.701745125149609, -15.942436650097708, 11.360380445056055),(7.802986628896451, -17.039084108766506, 5.995194481727611),(6.347759618246025, -15.12286828863619, 4.203426841056611),(6.714597818175562, -13.69432473802701, 2.722798022340786),(6.733464541296278, -12.948706440928444, 2.0566918732995694),(6.020186877961012, -11.876962289361558, -0.6530312580496753),(-20.44900333594874, -25.785049389820628, -1.0947380390502746),(-24.17048032866541, -14.297799718061565, 15.025742577944861),(-25.0, -17.0, 29.0),false
91:(14.75, 20.75, 8.75),(14.533327313383273, 20.76621325432092, 8.299677807277263),(17.09006902834173, 22.70981630211176, 13.032749359075705),(20.25050978434214, 21.70620526581408, 4.371543439401117),(26.0, 22.0, 6.0),true
92:(5.25, 27.25, 31.25),(5.310822355751669, 21.57261037325782, 21.990308239222813),(5.442240499589647, 16.30807576002181, 19.571029045642483),(2.597272229895629, 16.203738408889965, 18.62484235074923),(-4.028176047438226, 15.591427468035045, 18.1298890267869),(-10.246636335200215, 13.894474444420908, 19.04696647142137),(-13.327563856580541, 15.864730380348545, 18.17144590747509),(-12.885392985952167, 19.4584661891902, 15.655370398365472),(-7.75, 27.25, 16.25),true
93:(-3.75, 18.25, 28.25),(-3.812039252124744, 17.756223684066992, 27.5),(-2.220675443073087, 13.420249473852687, 22.380803490976053),(0.40015940910039505, 7.936126096887887, 16.6743383441857),(0.20666487615513662, 2.960266256010751, 8.416125615383688),(1.3667065494067208, 3.316378617401309, 5.6724989457392),(-0.8498122730532259, 1.8632072363348948, 3.9983542598264874),(-3.3194066587842523, -0.5073314170133094, 2.995244493932925),(-2.812870174028518, 0.24122747290653856, 0.13463610096242462),(-15.682752766178773, 9.779999691085495, 1.267178254701344),(-18.500307906975912, 17.73101599987917, 1.3186924511025793),(-19.94514143440506, 19.620949962750466, 3.146424842346507),(-20.985732420952257, 22.43138197270167, 9.472453795501746),(-22.25, 27.25, 27.75),false
94:(12.75, -12.75, 17.75),(12.28795981708887, -12.902305133628756, 17.86542103640921),(14.565055924088353, -12.835718349383956, 18.54707930163909),(15.63276472405539, -10.054457164875963, 18.900044090282577),(13.947146654811542, -7.465144478397705, 20.021208023910212),(11.75, -6.75, 30.25),true
95:(-11.75, -20.75, 10.75),(-4.63475715543121, -19.676151532940636, 10.391291872050969),(2.6850881717273456, -22.986150463441074, 19.355241896282216),(3.619787026979803, -20.339311912065245, 20.413818172674453),(8.126090533655148, -18.98960128790014, 21.45362622933206),(9.25, -19.75, 23.25),true
96:(-5.5, -7.5, 5.5),(-7.289754569001148, -4.830488943271375, 7.882746261682554),(-13.75, -5.75, 28.75),true
97:(0.75, 20.75, 9.25),(1.202511885013074, 20.838035704396205, 9.443604516149232),(-1.6102398193099114, 21.1405266445345, 11.060181464730135),(-2.4191011007148973, 20.544788257729262, 18.190508899136184),(-4.5582363379635105, 19.55537530728515, 24.781803343344755),(-1.5067571392164238, 13.619242813776616, 17.738348750887788),(-16.189486402664986, 15.005417914058299, 19.57766524714639),(-16.363635417301662, 22.168035143860713, 9.182872841780885),(-14.10208979957165, 23.433004990081116, -0.5476454389721895),(-14.476405154326688, 22.5057979592182, -0.5344115010479982),(4.410722344109123, 19.565252648288446, -0.3599689813815612),(21.957507826213938, 12.52161002880746, -2.6726455096351596),(28.5, 11.5, 6.5),false
98:(-15.5, 8.5, 8.5),(-14.837782298120029, 6.055132776654413, 10.111596258303532),(-16.75, 10.75, 20.25),false
99:(1.25, -20.75, 17.25),(1.159916721716678, -20.53358090786527, 16.80835786032885),(-0.6107970843038584, -19.7004085529471, 16.031662219840406),(-18.208808079320235, -19.975126257508325, 2.6106250763047534),(-22.0, -22.0, 6.0),false
100:(14.5, 23.5, 11.5),(14.989690214538767, 21.40539307165008, 9.188458094646021),(14.57823269692601, 19.578087499337094, 7.644075867984983),(16.39483401984846, 17.899604507210974, 5.9462376899775045),(17.006700911352933, 17.817704461713348, 3.010439452763622),(7.953848555951154, 14.979232597401166, -7.971308738155306),(-8.911168641769397, 17.341927845981917, -11.544092896277123),(-22.069017270578247, 23.36741476098433, -16.20356161823438),(-16.943432003087985, 20.371674264836884, 7.945124539476057),(-15.917024995570118, 23.14066370390558, 14.291713083035837),(-16.5, 10.5, 18.5),false
101:(-20.25, -2.25, 11.25),(-20.227703749233207, -2.6447510146326403, 10.943937075671938),(-18.47757232140104, -0.30449807645961235, 13.781436805062496),(-14.431633111648596, 5.406184991401586, 13.917358876232557),(-13.240289737129594, 9.05725395593829, 19.769742696539165),(-11.259543084885703, 11.129989345420217, 20.653151268386768),(-16.25, 27.25, 14.75),false
102:(-7.75, 2.25, 24.75),(-21.246221831688885, 17.097346668229456, 27.5),(-26.5, 5.5, 38.5),true
103:(5.25, -9.75, 30.75),(12.029578605033437, -6.6737450130858225, 27.23270896680427),(19.93244939568103, -11.301931685418236, 12.479365667539012),(22.75, -9.25, 14.75),true
104:(16.75, -18.25, 26.25),(16.16525760190749, -18.298066484189114, 25.440206235532333),(15.535656141086266, -18.380841004602573, 23.58786290033117),(15.500473259267569, -18.43233268122017, 22.589809408745655),(7.092537853086736, -11.58723362206618, 19.280639060124038),(7.904988855148473, -9.312620211582107, 19.011500601071038),(14.5, -7.5, 25.5),true
105:(4.75, 21.75, 24.75),(4.864601247627484, 21.89944417642173, 24.28682293647477),(7.731755372579941, 23.550088348575045, 23.124815460355766),(20.49479621210938, 23.391390387367366, 17.489152493326007),(24.933178869431345, 16.827339539454965, 12.408962220050235),(27.32682503268931, 11.472203082058495, 2.981977679650161),(23.954004855391084, 0.5156034371656606, -5.224679648838429),(25.944531254491768, -15.354088610110646, -2.0995754361543137),(24.962284536889943, -11.274080903773005, 15.729382401375386),(22.25, -3.25, 20.25),true
106:(-1.75, 27.25, 14.75),(-11.518193691955522, 23.33025545951648, 19.039737322003067),(-10.54852079332478, 22.958498461282904, 21.854258809561017),(-13.507052812896802, 16.69703297643491, 22.87462064304188),(-10.25, 6.75, 23.75),true
107:(18.25, 17.25, 23.75),(18.07788045185285, 17.31386175995542, 22.84773696325991),(17.119276641240866, 17.25161292012277, 21.36751391054049),(14.884534895962187, 17.173085746518474, 16.574609839727533),(11.72445974964495, 16.498018189097223, 6.114918772650153),(10.62286272193928, 14.377404851530379, 4.307461999681345),(8.664904649466079, 12.10491537062009, 4.260645917090952),(8.290546906178779, 11.773509440005869, 4.2657829585119815),(6.519612287589732, 11.365231893972785, 3.8476249727052156),(5.275919249841146, 12.26831120907192, 1.2712563308964056),(-6.519223702805217, 16.471575721275595, -1.0500899183803911),(-16.65147861946162, 19.696308221459912, 0.6143897200277814),(-22.960026129091844, 24.12898660611474, 9.15101044960177),(-20.751429310505493, 21.04012714322933, 19.222233280561593),(-14.25, 1.75, 24.25),false
108:(7.5, -22.5, 26.5),(6.617401588654113, -19.988241550485718, 21.747845235503192),(6.017526463011158, -19.630325669088265, 21.0322713011831),(9.788133287902193, -6.619458961365606, 20.221426084515777),(7.25, -2.25, 28.25),false
109:(13.75, -23.75, 24.75),(13.611587155659878, -23.403455763546937, 24.4172103116038),(13.109526534393705, -22.645473385960084, 23.532853155824398),(14.48473098100849, -25.472372275457314, 16.26464106842937),(26.196886837139907, -17.19233415081223, 15.991730828519831),(21.5, -10.5, 13.5),true
110:(3.25, -23.25, 25.75),(-1.512537905791242, -21.820078718307645, 17.452122871590575),(-2.7401235904322467, -20.126074227838167, 15.342993293246458),(-9.220611632741477, -17.7358259783627, 12.36874296457818),(-6.7114515621259665, -0.278752392792768, 22.444468140594605),(-9.972536057815585, 1.2643478820814171, 16.44578749784857),(-17.25, 5.25, 10.25),true
111:(2.25, 20.75, 7.75),(2.686553975017244, 19.85129028616457, 7.708268990492922),(0.13921893604913987, 21.573966187104702, 10.038278729660712),(-0.44069760634918465, 20.93164777910139, 14.684602442655269),(1.1839279761693855, 17.293964539900053, 15.705102778973881),(2.446399870499273, 14.688235802986972, 16.490177594295623),(2.6051266324918023, 12.762764760189492, 16.667069356298807),(0.9062774706048109, 9.510091429150497, 16.845115771177767),(-0.4214510389701773, 8.470753065628339, 17.852749242605377),(2.75, 8.25, 28.25),false
112:(20.25, 8.75, 13.25),(20.341191656470578, 9.235905895166422, 13.324696337478287),(19.65811670580787, 10.50968275409506, 12.741092468695024),(25.91962629040825, 17.051480155772143, 12.180203085559823),(17.45989781717677, 23.459117500726393, 0.9877590094331935),(7.6674171500431125, 19.879667805934496, 2.681003840571846),(-8.055521301148204, 23.940978618929698, -1.345103177615874),(-18.73989753186542, 22.172001617671665, 5.5032191410102955),(-20.321914716259876, 16.193153195733554, 15.752840619877237),(-11.75, 4.25, 19.75),false
113:(5.75, 24.75, 10.25),(6.000558430549406, 24.426207635478534, 9.96298261802076),(7.809607451352308, 20.10551157899425, 8.982654765370413),(8.49205451192404, 17.944241434358304, 9.02717206712039),(13.129740390202041, 16.4489378598088, 8.867577312429901),(13.566476032423113, 16.31802501383821, 11.832728877792729),(16.25, 15.25, 26.75),false
114:(4.75, 23.75, 5.25),(4.762323598633529, 23.823012850249285, 5.74448685787915),(6.213045479726647, 23.998060759204847, 6.710584045649028),(5.621943565088281, 24.225540555145617, 19.246351686948287),(-0.8985462755771353, 20.59388057881596, 19.867284274195864),(-4.007839991334853, 19.81070964501331, 19.37482305253475),(-7.973006970240274, 12.996397413917638, 18.02000268428782),(-9.260490268652205, 11.752308332063558, 17.74805943167017),(-10.339115655909012, 9.484138020584115, 16.107336812795076),(-10.749534208523198, 6.532536238365964, 16.453174246970015),(-13.212100038810181, 1.7153009210004408, 17.48380823416879),(-15.25, 5.25, 18.75),true
115:(-25.75, 27.25, 32.75),(-25.096958869544054, 25.933026456368687, 22.008325593136973),(-11.800351449824248, 23.29915361202085, 20.308148637044827),(-12.25, 27.25, 14.25),true
116:(-12.5, -19.5, 5.5),(-8.25, -22.25, 23.75),true
117:(13.5, -9.5, 28.5),(1.7827965801038204, -9.42098499380681, 22.661429342385038),(-1.691300193823972, -11.398947076971506, 18.945879218403125),(-3.572161776834217, -10.433584858107665, 16.817397249499823),(-4.969803078757122, -7.800756956443854, 17.156242393156596),(-8.284674574124422, -6.269642434716592, 17.19336777159695),(-16.75, 5.75, 21.25),false
118:(-0.25, -12.75, 7.75),(-0.572928656693108, -13.121544526240244, 7.837588513557984),(-8.91724752571948, -14.434733037097597, 12.796682337069559),(-13.948009942864749, -19.448859681526777, 12.144679777840285),(-19.301710259666834, -20.438316899285955, 20.583870237201822),(-26.5, -19.5, 16.5),true
119:(-2.75, 25.75, 7.25),(-2.6828509816879147, 24.949695354930885, 6.943950137416016),(-2.7958512591180518, 23.400221655677274, 5.629365902453304),(-5.511939413695297, 25.871851678722358, 8.414835972774288),(-8.429080843400097, 25.77436654120882, 6.899688684133514),(-16.424452879952526, 17.993157252518905, 8.802567074976567),(-17.25, 11.75, 24.25),true
120:(27.75, -7.75, 12.75),(27.248589716179676, -9.384185614231269, 9.86475104071154),(25.82743516138073, -17.713265186589506, 3.525450731646249),(22.961876595293017, -18.192070309009864, -2.5157806247265335),(24.193558299516734, -3.7705823535602874, -3.5021059700227575),(20.785360945416272, 5.41158678294249, -1.2299057421096249),(26.115207364184425, 24.240038602094348, 4.164901394380725),(19.5, 21.5, 22.5),true
121:(-12.75, 27.25, 38.25),(-7.0005491967161, 27.256077382480765, 15.488299893636635),(-3.75, 24.75, 12.75),true
122:(7.75, 17.75, 14.25),(6.990316903640716, 18.399941484643634, 14.228607018786551),(6.474070599707429, 19.159616853764625, 11.372668803904075),(3.8257178803788925, 19.156086734169886, 9.96333725587118),(0.0248602104960014, 25.022837794906934, 9.59630460795945),(-2.7506427695018743, 25.523581594788336, 17.890104779205053),(-19.69796435042918, 26.611861978792454, 6.241956294750518),(-24.5, 26.5, 22.5),false
123:(-23.5, -9.5, 33.5),(-22.20789468288187, -6.236201874913177, 25.727195748824155),(-16.29893624856663, -8.673373432404873, 20.82074364714148),(-6.9098223518788195, -1.7729647151273742, 14.681971411028679),(-7.25, 1.25, 26.75),false
124:(12.75, 15.75, 5.25),(12.345988036372804, 15.824899427216677, 5.534893680254074),(11.950294643353496, 16.080363583958317, 6.932382006620511),(10.501979855891925, 15.39364685639747, 7.683410683822908),(8.504083349007432, 13.225815119042188, 7.12760936474034),(8.26993384393421, 10.605168487739206, 6.54627617251001),(8.536808096789418, 8.763657020340965, 6.113695253350041),(-0.824448949809605, 0.6849349553499358, 3.3654097435175423),(-1.8157204023609226, -0.7666480161607815, 2.8370444991498287),(-3.7896068329356667, -0.18288619718716226, -3.853470764856487),(-2.256565905482714, 3.7404978716111374, -2.885359090747408),(10.094176253249731, -0.26745835582546196, 0.09338659744803035),(20.95605866820265, 11.254930626618377, -4.198049850542881),(24.318000674432554, 15.628966687267942, 3.7674876322495163),(24.448350443593895, 16.377070090430998, 9.414351907298265),(23.02348565304484, 18.847063085438478, 22.704547211515617),(10.25, 27.25, 30.25),false
125:(20.25, -6.25, 16.25),(19.928671779345677, -6.364425879316019, 15.884411580115176),(19.168021154872665, -4.333983366882781, 15.012843282313417),(18.139425839310526, -3.1144528072217366, 13.950321462867903),(17.494162327562005, -2.4776161377750614, 13.528333244010986),(15.070961917074921, -2.375264266528828, 15.294012678412265),(8.52898109824837, -10.095827680109885, 20.78460246918415),(8.69153635807579, -14.499772791337282, 19.970665085172715),(9.5, -20.5, 22.5),true
126:(-15.75, -19.75, 17.25),(-15.925436286622269, -19.43276787876218, 16.34850036236189),(-2.379761622800986, -19.95341245101282, 14.176050888533727),(5.416740120658898, -20.54321973883119, 13.774704158243216),(12.681339375370161, -16.05631110723813, 18.088251107215775),(9.75, -20.75, 24.75),true
127:(-16.75, -16.25, 13.75),(-15.807317276892526, -16.53836450148106, 13.917914257406144),(-15.111079483568052, -17.263686300061313, 16.74442468966196),(-9.810401782045165, -17.793915966388443, 10.532564191810481),(-6.018994464603462, -10.377044818417884, 7.676359952730098),(-4.2594854648818785, -9.845781456482626, 10.047411896522979),(-6.4565997130612995, -5.634664975731821, 10.108421451275552),(-9.489671918951984, -1.0791226724040097, 14.472766455562468),(-18.5, 10.5, 23.5),false
128:(0.75, -23.25, 18.75),(-0.09449724224695677, -20.865517449614973, 15.637683500223707),(-0.015552420611861323, -18.486168851241334, 12.745505218156072),(-9.049894783241415, -20.576262472885844, 15.834330236436461),(-10.335050332788667, -14.837084740986477, 19.630409025810877),(-9.0, -21.0, 25.0),true
129:(2.75, -21.25, 20.25),(2.8893463938881707, -20.48914850518824, 19.61621171882633),(2.278081911565153, -19.86050785983952, 18.25794541276399),(-0.40723717896594946, -20.34826936357998, 17.012493648343526),(-8.54493799821591, -15.742352161702765, 20.345444583435963),(-9.070863084781013, -16.49547444649541, 19.49469425592921),(-10.577052872256601, -8.645054026809348, 19.898431720761906),(-11.732792359740806, 1.8446420182270558, 20.71322375524377),(-18.25, 5.75, 9.75),false
130:(11.25, -18.25, 28.75),(11.119188088309123, -17.512453790053893, 26.77155518431627),(9.376546754735706, -20.86600792421326, 16.339698428372802),(18.18984399839011, -24.938423666488735, 10.146793608653127),(8.022654002107641, -27.920557075947706, -4.514458883469899),(-5.5184621197450605, -23.328590993485534, -9.635124438166436),(-17.540192412370942, -18.378105555007238, -18.822035541575723),(-18.878685501578126, -22.70548558892169, 7.994567925737303),(-11.5, -18.5, 13.5),true
131:(-16.75, 27.25, 16.75),(-12.25, 7.25, 28.25),true
132:(11.5, 26.5, 30.5),(11.531464226215792, 26.20386237511123, 27.5),(20.75, 27.25, 20.25),true
133:(11.5, 26.5, 37.5),(16.22480872757253, 23.956662578687126, 18.92445020915132),(14.25, 20.25, 17.75),true
134:(14.25, -24.75, 9.75),(13.447518988541141, -24.80107075135324, 9.155511981109642),(6.262081445936293, -21.080207965558312, 18.427030777126976),(3.3517286595164872, -21.30518884562614, 19.11929536684855),(0.9151223854150086, -21.10393064009946, 17.380777319856374),(-0.9399782214661538, -19.341111366876984, 15.815187990464876),(-5.273375425536983, -20.577993561999932, 10.45871610057887),(-13.5, -22.5, 17.5),true
135:(16.25, -18.25, 14.25),(16.11107648396242, -19.124182816502422, 13.784699387466935),(16.398245075606063, -19.51322212629946, 13.911910296614115),(19.61362088675253, -22.916817261617407, 1.9256755598586004),(14.693832958234298, -23.977563979449513, -2.9395585700692406),(-16.840810408288654, -23.683793680904166, -4.72942832882202),(-16.6864424290075, -23.172076870010937, 16.410899914312687),(-7.25, -20.25, 23.75),true
136:(-7.25, 13.75, 10.25),(-7.367178187773152, 13.540519253871139, 9.2792337617575),(-6.9459372055222275, 13.776374621513847, 9.149125036352938),(-3.8866970503232925, 18.31846017408537, 14.350898060972966),(-4.800308274979391, 12.812323997788392, 18.889298983248757),(-11.428114975993493, 12.796661848227826, 27.262320143870124),(-15.780341172031637, 7.4277412843264505, 25.406224271644344),(-8.756704615701972, -10.296565339862438, 19.97419399040828),(-9.847818652132753, -13.661270877341078, 13.896854818204327),(-5.5, -10.5, 13.5),false
137:(-10.25, 20.25, 8.75),(-10.255645206127737, 20.427080478142948, 9.217558163128867),(-12.99413870683087, 22.09162770717901, 8.485595263571009),(-18.217838461356294, 22.857648573803754, -1.8888129003220784),(-8.341432044500888, 22.10971152763811, -7.9487770902052075),(9.240692765432705, 20.803442692316473, -0.9312733212991178),(21.565731257837328, 22.488983739008383, 4.802235591572181),(21.5, 17.5, 5.5),false
138:(3.75, -0.75, 10.25),(3.9444068607079914, -0.6360675990788405, 9.803653295598586),(6.352747503348153, -0.25615066754193827, 5.670107644591612),(6.824164967723946, 0.32430714845246256, 5.0061541084669),(7.472612722744215, 2.208258848659735, 1.5679443359798202),(-2.2853229912477335, -1.4521987338340372, -3.445269942075999),(-11.10057266801199, -15.794322921523971, -9.82516934678231),(-15.103807895877388, -26.66066089639892, -12.998574312500141),(-18.394325674077802, -19.699887926453513, 4.636980784835231),(-8.25, -20.25, 16.75),false
139:(-24.75, -9.25, 26.25),(-24.593563572513148, -8.775407989665704, 26.26703137933352),(-19.093991297174274, -6.508575169620833, 20.1253332029694),(-13.609510245387396, -10.162687400120966, 18.33357743468854),(-9.859625077184258, -3.8698447919626657, 11.708311571711652),(-7.965242454987992, 0.7867808830953624, 5.439537496384468),(-8.748349107790178, 0.9325508409715663, 4.109613412045505),(-3.507927097391042, 1.1627100649751954, 3.0442319121116013),(-3.7420283408867987, 1.4779433982730936, 0.07003881929270417),(-8.009373335313256, 17.261813502852664, 1.545947386807449),(-9.573200349501217, 20.056195916828095, 0.7421720936907457),(-21.065609950757988, 25.04450648574915, 4.06659634123599),(-16.670037018867003, 24.09687735418974, 16.655062783668214),(-10.5, 21.5, 17.5),false
140:(-26.5, 21.5, 28.5),(-25.354572801194006, 20.41458049533151, 27.12840463769738),(-19.872579558445082, 15.990092216762779, 23.24662076562088),(-11.993173808319302, 0.6855214795520823, 17.168748247736243),(-13.25, -1.75, 34.25),true
141:(11.75, -21.25, 26.25),(8.069473268197347, -11.797239665058704, 19.643718310707694),(8.75, -11.25, 19.25),true
142:(28.5, -18.5, 39.5),(28.306143317744855, -18.27329178089236, 27.5),(18.72396529405114, -26.2699601567625, 22.600713956488832),(10.600389342416111, -21.626881188229206, 21.46979604730006),(7.75, -16.75, 15.75),true
143:(24.75, -0.75, 11.25),(24.346354017853525, -1.3364041078173652, 10.54771790323836),(26.533544895948566, -0.432344425133288, 5.498685859736615),(26.027914657697046, -1.0245463974586069, 3.274792259260996),(23.522242329209448, -3.9626829293107217, 2.632250923942962),(22.8920158839732, -3.890510140297619, -0.29991648537236415),(28.079674775769384, 9.746406073231915, 2.1677800914871064),(26.75, 27.25, 26.25),false
144:(24.25, 11.75, 5.25),(23.974743705403515, 11.341412968490875, 5.16461493123752),(26.52294723282055, 13.606509946521836, 4.62784110126198),(22.80058305257626, 3.4030978329075383, -7.601463704820967),(27.542243625796768, -16.37456792271914, 2.5052839752304052),(19.012301811439716, -24.270743571138837, 12.67839929402432),(12.236612251266349, -24.416030327234033, 18.515957259730403),(12.25, -5.75, 33.75),true
145:(28.5, 1.5, 21.5),(20.56951388206611, -4.019979945782213, 17.896050191688804),(24.87929109011037, -10.48761426142281, 13.344563648583964),(18.25, -10.75, 13.75),true
146:(28.5, 19.5, 33.5),(27.56874454002438, 18.895198194074386, 25.944662976882412),(11.75, 27.25, 6.75),true
147:(-5.75, 25.75, 5.75),(-5.765003271952047, 25.748495868898587, 5.25022741229599),(-11.571601524691507, 22.45110030323473, 8.904733274860215),(-12.474868818391052, 21.646559499713838, 9.583851583315047),(-15.894181189539033, 17.19644146608608, 12.886180067255964),(-14.092658701948261, 15.43133271019243, 14.510651614120462),(-16.75, 13.25, 15.75),true
148:(20.25, -16.25, 14.25),(20.365473405332654, -15.86947461696816, 13.946905418178826),(19.280073499714426, -13.378812817044054, 13.995099472152877),(12.727168361538205, -14.339983639603158, 6.540585876309161),(11.526248724246187, -14.2619347324021, 5.279906259085962),(11.124249073221613, -13.859770505713957, 4.457312668454205),(5.55778090605954, -10.944567683840194, 1.839778181829916),(4.439265526367777, -9.417831429323849, -0.4878815343954588),(-6.584481189747786, -10.95846420026393, -1.455730816986729),(-17.01998636551135, -15.492448404492942, -3.1872628612696663),(-24.046350424339433, -20.98458380307029, 0.8164726895977257),(-16.44734696117651, -22.135271699160604, 10.26551094612688),(-11.25, -16.75, 11.25),false
149:(0.25, -10.75, 22.75),(-0.16153784033852603, -10.457715494236188, 21.948681348387723),(1.280919113915167, -10.651893062698859, 18.270743881533654),(1.7253741236256825, -12.363972201680797, 16.536525221753212),(-0.6160791818565023, -12.102715341452644, 14.67928499194171),(-2.055755980983399, -10.422232091321888, 12.653622937183883),(-6.8545795976739665, -11.618975489073154, 12.593718808815126),(-9.25, -12.75, 14.75),true
150:(15.25, 27.25, 16.25),(15.363765323066946, 27.5, 8.320988653888719),(10.561298008866821, 23.976628015636425, -2.7661854451937633),(-2.428722808747673, 21.52010249309687, -2.924056625855985),(-7.413929275929064, 18.056501254244132, 0.3618528370959675),(-21.50837779494106, 17.99911048468131, -0.6439276565471894),(-20.906147620868648, 19.048247222598757, 8.212421729722127),(-19.280260532302197, 17.319195480714292, 10.047325337304612),(-13.75, 3.75, 28.75),true
151:(-8.25, 21.25, 13.75),(-8.769384328818601, 20.409246186227634, 13.902882123235097),(-9.624903657458148, 20.87219950073438, 14.1347461068793),(-10.761134843610083, 21.80569470183978, 11.5198722282517),(-14.981698666525723, 19.36148489540356, 10.647186065176081),(-18.791560557647532, 14.048060440475178, 12.26379156515505),(-15.612854810361748, 7.736604561169846, 14.657686325171793),(-13.746064325399114, 1.188619681323491, 13.494170444308665),(-1.9807065574956386, -0.5860842521418805, 19.756182347606888),(1.5, -5.5, 28.5),false
152:(1.75, -22.25, 6.75),(0.8605193349127718, -22.113211534100586, 7.186019566112424),(-6.634072256523426, -19.969380858134322, 7.704495591532421),(-20.33148678019019, -20.126293797500036, 6.949703307923223),(-24.92260955311914, -15.807883949686385, -5.862810983721829),(-18.71612855968269, -5.397513419548316, -11.45558564181249),(-19.939129820270914, 19.155228110348506, 2.667875326421142),(-21.99156100959998, 19.96805905965825, 12.141312269391443),(-16.003116306269913, 18.250006842796477, 15.332993114227657),(-16.75, 6.75, 18.75),true
153:(28.5, 0.5, 29.5),(27.616072217555804, 0.36904911437998156, 26.839208721651346),(21.673677389498934, -3.7891088064179144, 16.513588627466937),(19.051737097672543, -2.4462008392530885, 15.94611413656662),(10.35646928715017, -3.1612451288579804, 15.831505094295832),(10.698013419604806, -9.357299034144, 20.14589415625206),(7.5, -8.5, 15.5),true
154:(-24.25, -9.25, 8.75),(-24.598048561389803, -8.711680111428535, 9.517511495993965),(-25.11429694075108, -10.692824818665418, 15.039835742490926),(-23.011064598818976, -15.780275755249527, 19.36352128652628),(-20.210616734244375, -21.187756560127184, 23.348210328512124),(-9.5, -23.5, 25.5),true
155:(-20.75, -11.75, 32.75),(-18.333053995609013, -11.673759286558054, 27.5),(-18.361513339078165, -4.240536452318245, 27.5),(-11.039369324371386, -4.6938137841155205, 27.08395399146223),(-8.25, -4.75, 27.75),true
156:(-12.25, -5.75, 7.25),(-11.386907018210307, -6.10284293556999, 6.888652013145601),(-10.224620120167977, -4.243132725272835, 4.841564545459951),(-7.570810788957795, -4.505096146924413, 15.270498437559166),(-7.179467028333215, -13.409376733435884, 18.473344592176556),(-10.07463479044287, -16.379276086675002, 12.374665301426099),(-15.844295281293123, -23.56548140602829, 1.078751581005677),(-16.58253712556047, -24.13320775484197, -4.432691598470217),(14.07836083606046, -20.485625109029925, -6.230367445012661),(18.54348108848287, -21.6791652858644, -2.0478107421727274),(24.605181044434644, -19.178272873032636, 7.22355277652251),(23.766356362573735, -12.403699824042647, 8.773240860299188),(23.5, -12.5, 21.5),false
157:(24.75, -4.25, 27.75),(21.765770503122095, -3.552481301947976, 23.652624348873687),(23.547611831321554, -11.088885662053666, 12.556691837373759),(24.16126385003468, -18.431607680773936, 1.1016099397861816),(26.215996420140048, 11.843983808148078, -12.823508891078149),(27.847522305484617, 21.455921644169365, 0.757388677151084),(21.75, 27.25, 17.75),true
158:(8.75, -10.25, 14.25),(8.80606026837432, -9.90163862597766, 13.895737950947233),(8.503578910660956, -8.581345973302128, 14.277358943255102),(9.091037738482779, -19.32004318510971, 25.307870412966246),(9.913037989677107, -19.023952729830746, 25.794333185775386),(14.25, -21.25, 21.75),true
159:(-12.25, -2.25, 28.75),(-6.264966782041641, 1.2049777158305512, 27.5),(-0.5, -3.5, 30.5),true
160:(-12.25, 27.25, 29.25),(-11.632693081348924, 21.277412256505162, 19.863023138909057),(-14.25, 20.75, 9.75),true
161:(-0.25, 15.25, 19.25),(0.21611264914677314, 15.18978973546421, 18.369439662172283),(-3.0630406354921735, 16.283847063764146, 19.115975256702185),(0.7806516933926205, 10.012525758963038, 16.33265385527392),(-0.35626586532167037, 3.920438585211191, 12.352424266896055),(2.442568036531225, 5.644844250442293, 8.171601898657862),(3.3644408723342223, 4.517345915528161, 5.5488365680622325),(1.5940288293918803, 3.40418829107226, 3.7695415921904933),(0.5597282017369598, 5.150020174194765, 1.5599503975335347),(8.013666345872013, 12.746126074292516, 0.09985839693588483),(21.193123891134512, 20.625749745708006, -0.9178817454134216),(12.5, 26.5, 9.5),false
162:(-16.25, 3.25, 27.75),(-15.757078154980734, 3.038504983292385, 27.00591168357801),(-5.681897289105199, -0.36378884749128604, 24.768072376499866),(-3.891794424967556, -1.2715799221321529, 22.538398162492676),(-4.25, -1.75, 21.75),true
163:(-10.25, -19.75, 19.25),(-10.005652092234257, -18.10251600789463, 18.365049668924602),(-4.176254483073758, -8.718128202438852, 8.981586019615081),(-9.12454884711126, -1.073413649449105, 8.075229304356238),(-8.744989776009135, 0.3189365679072361, 9.028255455925807),(-11.75, 4.25, 19.25),false
164:(15.75, 10.75, 25.25),(15.920924294623518, 10.290160790820298, 25.153393648198268),(15.522299989941777, 15.014620292337174, 23.159121747974233),(13.361918528708179, 16.335068344028638, 11.125996346077926),(13.217491497291876, 15.547417856318422, 10.527040970606487),(12.881066280799098, 13.683812453168061, 5.9397328077805716),(6.635404565250096, 11.463428032894699, 3.9828607486554444),(6.536145817902945, 10.61152191636897, 1.1080731617716544),(15.780568128151312, 12.676192718999804, 0.4851149257246248),(23.73712666245876, 14.782193684390958, 0.31796207094310086),(26.40039874445563, 17.484382809460016, 12.255005676824148),(24.75, 27.25, 15.25),false
165:(12.25, -20.25, 30.25),(11.112147235167141, -19.74388465684865, 25.330281988370345),(6.5, -16.5, 14.5),true
166:(-11.5, -5.5, 25.5),(-10.57287052146872, -6.899727575525828, 19.701041195971236),(-10.361268236427204, -15.508672554831893, 18.786005031376213),(-11.5, -20.5, 22.5),true
167:(5.25, -5.75, 23.75),(4.399395262954559, -6.2746541195038565, 23.78477982466155),(0.5415607753392737, -8.982250741329786, 22.902676086501174),(-8.364976620256341, -12.260952934582473, 20.459485024801243),(-9.46406207908302, -11.67728604208072, 19.501108030442815),(-8.711221142980891, -1.5115652070481138, 20.46964906180119),(-12.5, -0.5, 25.5),false
168:(-26.75, -0.25, 10.25),(-26.77322342579011, -1.2429159497006395, 10.13347279577434),(-27.0, 3.203908800665776, 16.332513839761177),(-25.7521462106929, 19.24271227473812, 0.1880978011106289),(-16.007811424691518, 18.16388530946572, 13.99869134395885),(-15.5, 23.5, 14.5),true
169:(-26.5, -17.5, 20.5),(-13.750957366872784, -20.996846866217204, 22.961728483818426),(-1.9823549308071242, -18.853860550375135, 17.615641632765143),(2.7391061163369432, -20.870012856682646, 12.242685935784964),(8.865514072843183, -19.5295094702259, 18.452265141033514),(12.25, -22.75, 23.75),true
170:(-17.25, -12.75, 11.75),(-17.316898142270766, -12.54856065194446, 11.29728946597668),(-17.593555567571137, -9.933172862454843, 13.836573940817628),(-16.358135122878814, -4.77274121772499, 19.830188747218504),(-21.5, -3.5, 25.5),true
171:(25.5, -10.5, 28.5),(23.383705200460053, -8.739304199067847, 27.307839516667297),(22.778802017425754, -6.00893501337557, 26.221940695884683),(21.878494970319753, -1.6992256065232385, 24.60131198846464),(19.55850988567723, -1.1489561017859655, 19.99468479058182),(15.569482141204952, -1.9641565400838064, 12.373959624957765),(14.76119842846216, -2.5155776587331955, 12.580386826707395),(12.464122302705107, -4.029152195913295, 11.383501956355609),(6.9855315741592126, -1.192760539895481, 14.691057851992671),(14.314157112237295, -9.290374070600228, 25.327756130060884),(9.776018907798615, -14.954784385416927, 22.709622587566297),(6.25, -15.75, 16.75),false
172:(-22.75, 3.25, 18.25),(-22.770020000870137, 3.0222573430524613, 17.80532879363328),(-22.17768564260236, 5.650635309286848, 14.756946834414958),(-16.567473733244206, 7.143069079766407, 16.20812165451041),(-19.69663066966974, 20.873591916275267, 22.318151717804998),(-24.5, 26.5, 17.5),true
173:(-21.25, -12.25, 9.75),(-20.57715467453878, -12.531344626032187, 9.065803851656712),(-19.802332190479678, -16.703356835204808, 10.053185723297672),(-18.526151473145564, -21.348945618373254, 9.037029976302295),(-10.897697805530958, -19.232890373206523, 10.80756189303985),(-4.045045349607892, -20.61619996994104, 10.450338044572586),(7.945805678664823, -20.418668718468663, 17.074480796433978),(11.75, -13.25, 30.25),true
174:(24.75, -3.75, 26.25),(21.954988961735275, -6.403591664752911, 21.09037859894517),(15.741711099160948, -9.509060220849445, 20.535129177248148),(10.936221310031588, -14.482900634798565, 21.615952670303276),(12.75, -19.25, 20.25),true
175:(14.75, -23.75, 15.25),(13.858379140488191, -24.092701726181474, 15.545918518777821),(16.833487344120336, -24.949737983223564, 13.455645169287564),(20.630295543470755, -22.50608152780354, 14.155079253788234),(22.45789043299368, -17.593147078515596, 13.726317770499863),(28.5, -21.5, 26.5),true
176:(-26.5, -6.5, 39.5),(-26.144113836813297, -6.491986309486636, 27.5),(-25.146087707114432, -12.341403804872872, 19.932646057663085),(-26.5, -22.5, 15.5),true
177:(-18.5, -19.5, 21.5),(-18.263430596329083, -20.261699072032926, 20.17333573765239),(-14.142160872588278, -20.708343553453524, 15.960193801070906),(-8.008574156799812, -19.623078209717804, 12.388330323785793),(-5.75, -22.25, 6.25),true
178:(1.5, -26.5, 16.5),(2.4240623773499252, -24.557917267628184, 10.499609002775774),(1.7706475243294169, -24.571273478664235, 7.57166251394116),(-0.37169828014582684, -15.3188430793614, 8.032280568945751),(-0.551722528164415, -13.633576724100834, 6.112485682661131),(-0.43353443457169494, -14.410221012138507, 1.7008462397703699),(-1.5249028020163657, -14.317723862932237, 1.3947072571539674),(-1.9566343258463317, -14.019904345904628, -1.5590888472867062),(19.78463887204274, -15.925103322318009, -8.716990730631531),(24.966399791291895, -19.799455795452367, 4.854269702322917),(28.5, -11.5, 31.5),false
179:(-21.0, 25.0, 25.0),(-19.60451897436954, 23.346654959667546, 23.08959468285834),(-23.0, 13.0, 25.0),true
180:(-18.75, 14.75, 5.25),(-19.320250846025164, 14.52691879390665, 6.040600245443624),(-19.45977867911935, 18.075294673895385, 12.03678094922011),(-10.981899220188758, 26.861244882456702, 3.0371265572279125),(1.660245180208121, 20.22788797806017, -2.517766416532245),(15.38760223728432, 24.10662688746208, 2.5713990127569972),(17.75, 27.25, 10.25),false
181:(-0.75, 22.25, 20.75),(-0.9811637525474345, 23.032654488067305, 20.172059456504137),(-2.1934903774487653, 20.954812630176043, 13.367356834578425),(-1.5, 20.5, 8.5),true
182:(16.5, 11.5, 25.5),(7.441606995676249, 14.136839511761929, 23.913924088752808),(5.656020249216418, 16.789236438025227, 21.773871606137618),(5.564572977625881, 16.825125793968358, 21.283617232726595),(4.579549323762015, 16.49311478229497, 19.72631802685753),(3.647377599220623, 16.07939339831835, 18.17082855757679),(-0.6908483773195202, 10.241541114999675, 4.776604101050669),(-0.8374237794908984, 9.25540510277858, 4.698813247610339),(-3.016227533154597, 7.681441178707601, 3.366352453161189),(-1.1395723235317552, 7.174976963468137, 1.0812574391897085),(6.282156758531175, -2.544034036328752, 1.253816650312945),(17.104487731330185, -16.86733072011874, -5.1779081662016555),(26.434536374641315, -22.647016745349525, 3.8473911039475857),(28.5, -23.5, 32.5),false
183:(-5.25, -16.75, 25.25),(-5.438725861093788, -16.794797291306896, 24.789157562668137),(-10.52243459925133, -21.10409950886628, 22.64770481667573),(-5.240511433897134, -9.541585495605842, 9.89279608365041),(-6.728983439618752, -5.045545659520178, 10.328023107613575),(-8.212136387646758, -2.706110364996562, 11.480108102521953),(-9.169768322387572, 2.4149579278863733, 11.75205784807302),(-14.25, 9.25, 27.25),false
184:(-26.5, 19.5, 15.5),(-23.321247020697275, 15.392338212066848, -4.178279836730768),(-25.359026275248226, -3.798535797906061, -0.41747456220390977),(-23.055529939252697, -14.976537205707052, -0.003041581084693601),(-21.5, -17.5, 29.5),true
185:(15.25, -3.25, 24.75),(14.4500796713257, -3.850019539437009, 24.73980097713509),(9.924040537355623, -18.914700229783293, 19.01128607455153),(7.03638264501942, -20.988069514091748, 16.967809338301553),(20.09046208869971, -24.16629102994154, 16.22920126286925),(26.925099912977373, -13.18657047313894, 17.05126241524269),(20.75, -11.25, 13.25),true
186:(-21.25, -3.25, 14.25),(-20.89556236158976, -2.924155799047667, 14.384905586184965),(-19.159964554904505, -1.1522867674354882, 12.95392659942577),(-19.040454698649185, -0.28140987238068876, 13.430485446221759),(-16.79065431158419, 1.556079330598073, 14.180173146066616),(-9.018106609240172, 0.6212341388987428, 19.192757764863124),(-9.25, 3.25, 22.25),false
187:(1.75, -17.25, 11.25),(1.2390905033242758, -17.057129735257387, 10.412281343657268),(-0.658620012833736, -19.29990959781187, 12.780360262839643),(-12.090133166970023, -19.54394431639191, 9.319858173263247),(8.085189810260482, -20.593073584877963, 16.56163381644746),(12.45572731003785, -15.685013345113965, 18.971892442796005),(15.339095764531027, -13.753449805481377, 16.610640462994667),(16.675822829068856, -13.993733170945916, 15.33741079094925),(20.064930049191723, -11.187181028363327, 9.244508003601359),(28.5, -10.5, 11.5),true
188:(-13.75, -5.25, 28.75),(-11.949652337542322, -0.7762136995939204, 24.867872818985887),(-14.75, 9.75, 26.25),true
189:(-24.75, -6.25, 10.75),(-24.557714612755962, -5.792689160055056, 10.812394915828612),(-25.01603024675827, -7.875768426630101, 13.841946383945912),(-23.702983932416444, -15.159758636271908, 16.233760461868464),(-23.541865738994044, -20.809109997704255, 15.40464190556153),(-8.165658866560465, -18.208293764233623, 8.953532036827692),(-7.75, -21.75, 13.25),true
190:(13.25, -18.25, 5.75),(14.120996654907616, -18.347783184510885, 5.26854047317905),(15.01218445456278, -17.582577986451895, 5.502713522784084),(15.314995036077391, -16.242075360152366, 5.133044967386046),(16.4035159037218, -14.924442663745943, 5.618362512384402),(19.827828247451198, -11.423614449689293, 8.541551804036997),(21.448737547541587, -10.98719949642133, 9.897994272091884),(10.75, -8.25, 27.25),false
191:(-26.5, 24.5, 12.5),(-12.200610894514437, 15.22043275732425, 22.222458746541992),(-11.75, 9.25, 22.25),true
192:(-24.25, 3.25, 6.25),(-16.962609698459378, 6.292006864771636, 12.242394501802544),(-9.874261859633133, -2.13817334705974, 19.584331550934376),(-8.75, -12.75, 19.25),true
193:(26.75, 27.25, 18.75),(9.199347113126315, 24.103459868996605, 21.96220109955836),(3.342252418947427, 24.374400475351358, 19.881433690585425),(-7.75, 27.25, 13.75),true
194:(-6.75, -25.75, 18.25),(-6.476715188962362, -25.33520430013457, 18.192904120733008),(-5.971696633973442, -22.78548402954823, 14.40308456615672),(-5.104590459937176, -21.40765609760018, 11.149323543761515),(7.388221156061878, -20.002726386412398, 15.596695331874043),(8.25, -13.75, 18.75),false
195:(-24.25, 27.25, 26.75),(-20.91031946450987, 18.37304799446609, 22.278853764122932),(-14.55375726192063, 8.332353508916746, 19.312963119156322),(-19.75, 7.25, 17.25),true
196:(-15.25, -6.75, 10.75),(-15.827903220966766, -6.233399485077398, 11.3817845955529),(-17.50928690977259, -5.6666797717338016, 13.93072734948408),(-18.447350477213597, -3.9597073753041534, 14.383633587085647),(-9.148261842857362, -10.006419625681685, 20.162117921798057),(-10.25, -23.25, 11.75),false
197:(0.75, -26.75, 20.25),(1.104274286360114, -26.488177266403106, 19.40555344238268),(0.5221456496492491, -20.87837857722272, 13.742331301487205),(10.05292501516835, -18.964609637454718, 17.42281092646531),(13.75, -19.75, 11.75),true
198:(-23.5, -4.5, 11.5),(-22.8284436687774, -6.424372943949304, 15.433492346168226),(-22.34480805302841, -6.541576266609346, 15.482071892651694),(-15.85745507980361, -9.179387135627003, 17.5497931286759),(-11.75, -1.25, 30.25),true
199:(27.75, 1.75, 20.75),(27.767988017101775, 1.2642952388801478, 20.632665792429258),(26.460395662778094, -0.9040383544664982, 18.88074217444245),(18.857220550747318, -4.233167048258835, 14.353709247519134),(18.5, -4.5, 15.5),true
Total path: 200, feasible path: 126 (0.63%)
